snp	pvalues.df1	MAF.df1	N.df1	V.df1	z.df1	r.df1	lABF.df1	pvalues.df2	MAF.df2	N.df2	V.df2	z.df2	r.df2	lABF.df2	internal.sum.lABF	SNP.PP.H4
SNP.1	5.996e-15	0.131343	746287	5.87230862625486e-06	7.80403195379518	0.999739076604287	26.3178700218989	0.0282434	0.131343	517	0.00847664910592237	2.19388886627404	0.726353580823507	1.10006454882883	27.4179345707277	0.0022549512519998
SNP.10	1.048e-14	0.116418	748350	6.49528553064438e-06	7.73329265393038	0.999711403954803	25.8180367558165	0.0101498	0.116418	517	0.0094018315799956	2.57068363464877	0.705288658539244	1.71954039319176	27.5375771490083	0.00254154187246792
SNP.11	2.466e-16	0.113487	736939	6.7438397116416e-06	8.19693192611319	0.999700363599476	29.5283098534721	0.00609953	0.113487	517	0.00961276304305116	2.74238232772637	0.700655996802142	2.03161712844867	31.5599269819207	0.141899742027387
SNP.12	4.851e-15	0.131737	749103	5.83538351746353e-06	7.83071582953926	0.999740716866625	26.5233106091686	0.00223498	0.131737	517	0.00845513210654252	3.05708887305971	0.726858471240202	2.74765158124023	29.2709621904088	0.0143845681351232
SNP.13	2.596e-16	0.103293	736604	7.32848967551246e-06	8.19075154313436	0.999674395400641	29.5183698740414	0.00501677	0.103293	517	0.0104413826091706	2.80595498630702	0.683031440026328	2.1144078507712	31.6327777248126	0.15262310389593
SNP.14	8.801e-15	0.131343	751705	5.82998328834032e-06	7.75547992535066	0.999740956752421	25.9366862728568	0.00191571	0.131343	517	0.00847664910592237	3.10299789957817	0.726353580823507	2.84892335521689	28.7856096280737	0.00885341634601385
SNP.15	8.818e-15	0.132836	746919	5.81138258688838e-06	7.75523504535037	0.9997417830227	25.9332150813026	0.00675121	0.132836	517	0.00839580671260363	2.70887337783133	0.728254167605902	2.02051866734327	27.9537337486458	0.00385329078631204
SNP.16	1.085e-14	0.135821	748438	5.69172020207313e-06	7.72887634626085	0.999747098632967	25.7189556899141	0.00324582	0.135821	517	0.00823965122746462	2.94344451443178	0.731953652743372	2.51247635194045	28.2314320418546	0.00508668237900323
SNP.17	1.221e-14	0.131343	743033	5.89802550864075e-06	7.71382695589517	0.99973793422942	25.6203087599439	0.00557527	0.131343	517	0.00847664910592237	2.77176833158362	0.726353580823507	2.14221898947571	27.7625277494197	0.00318267339440457
SNP.18	8.841e-15	0.116766	747305	6.48753829544575e-06	7.75490447560124	0.999711748077775	25.9847663223619	0.00970182	0.116766	517	0.00937750446011235	2.58627958237915	0.705826895206109	1.74878887175228	27.7335551941142	0.00309178618830757
SNP.19	8.474e-15	0.11194	745767	6.74433650006164e-06	7.7602831192552	0.999700341533221	26.0455404423418	0.00643116	0.11194	517	0.00972863365307827	2.72494807693897	0.698136949961915	1.99306189525923	28.038602337601	0.00419459219004764
SNP.2	4.047e-15	0.134731	744986	5.75709260323101e-06	7.85346431255336	0.999744194670744	26.6950152965234	0.00304155	0.134731	517	0.00829584794992391	2.96350714568119	0.730617972805506	2.55246799853411	29.2474832950575	0.0140507683246397
SNP.20	1.279e-14	0.134328	740760	5.80460353700264e-06	7.70790489622965	0.99974208415832	25.5667987120838	0.0026614	0.134328	517	0.00831686289375257	3.00436024129866	0.730119742479088	2.6402078218195	28.2070065339033	0.00496394267018041
SNP.21	2.569e-16	0.108955	735315	7.00405868632127e-06	8.19200966556348	0.999688805375071	29.5065231778774	0.0162477	0.108955	517	0.00996168164977239	2.40330342019054	0.693124904703073	1.41104151122172	30.9175646890991	0.0746461145214941
SNP.22	2.776e-16	0.107463	735721	7.08551893018941e-06	8.18267984081933	0.999685187185865	29.4358191777248	0.00934123	0.107463	517	0.0100831045896284	2.59930659624441	0.690541932187825	1.74632061360419	31.1821397913289	0.0972547257923533
SNP.23	2.534e-16	0.108955	735272	7.00446829599431e-06	8.19366010595146	0.999688787181526	29.5200693757612	0.0162477	0.108955	517	0.00996168164977239	2.40330342019054	0.693124904703073	1.41104151122172	30.9311108869829	0.0756641653514604
SNP.24	6.362e-15	0.131343	746060	5.87409536466486e-06	7.79655519903755	0.999738997235132	26.2597140144972	0.00191571	0.131343	517	0.00847664910592237	3.10299789957817	0.726353580823507	2.84892335521689	29.1086373697141	0.0122292564908207
SNP.25	2.764e-16	0.108955	735382	7.0034205527635e-06	8.18320167546698	0.999688833718914	29.4343846770033	0.0162477	0.108955	517	0.00996168164977239	2.40330342019054	0.693124904703073	1.41104151122172	30.8454261882251	0.0694508961385428
SNP.26	5.516e-15	0.0985075	746337	7.54403364387541e-06	7.81454939585996	0.999664821997789	26.5229325334064	0.00915178	0.0985075	517	0.0108905056821451	2.60633165115781	0.673844242258104	1.72850995371748	28.2514424871239	0.00518949438473307
SNP.27	3.69e-16	0.108955	731779	7.03790271780459e-06	8.14832485243745	0.999687302134194	29.1520815727957	0.00776314	0.108955	517	0.00996168164977239	2.66220145893672	0.693124904703073	1.8655405893013	31.017622162097	0.0825014563862743
SNP.3	5.598e-16	0.107463	735367	7.08892984433335e-06	8.09776080376811	0.999685035685138	28.745012719191	0.00934123	0.107463	517	0.0100831045896284	2.59930659624441	0.690541932187825	1.74632061360419	30.4913333327952	0.0487413193537493
SNP.4	6.56e-15	0.107463	742820	7.01780387286003e-06	7.79268503810047	0.999688194858421	26.3169366655988	0.00787135	0.107463	517	0.0100831045896284	2.65753892495337	0.690541932187825	1.85201439424459	28.1689510598433	0.00477858675146379
SNP.5	7.726e-15	0.107463	743792	7.00863288773997e-06	7.77199418024102	0.999688602203782	26.1553222613834	0.00787135	0.107463	517	0.0100831045896284	2.65753892495337	0.690541932187825	1.85201439424459	28.007336655628	0.0040654744005094
SNP.6	2.236e-16	0.10597	735663	7.17391231271471e-06	8.208697916081	0.99968126107966	29.6550528798829	0.0163058	0.10597	517	0.0102080886918929	2.40199794572377	0.687903234332885	1.40224023539674	31.0572931152796	0.0858401546161751
SNP.7	7.765e-15	0.131343	746597	5.8698703420478e-06	7.77135652372334	0.999739184915941	26.0632658326663	0.00557527	0.131343	517	0.00847664910592237	2.77176833158362	0.726353580823507	2.14221898947571	28.205484822142	0.0049563947245919
SNP.8	4.382e-16	0.10994	731769	6.98266135728424e-06	8.12750958126419	0.999689755776581	28.9788838100658	0.00759383	0.10994	517	0.00988335612912676	2.66961483966136	0.694801363709263	1.8824740299858	30.8613578400516	0.0705662245561511
SNP.9	9.218e-15	0.0985075	744609	7.56154093983425e-06	7.74960339083838	0.999664044417869	26.018822422789	0.00915178	0.0985075	517	0.0108905056821451	2.60633165115781	0.673844242258104	1.72850995371748	27.7473323765065	0.00313467706986392
