snp	pvalues.df1	MAF.df1	N.df1	V.df1	z.df1	r.df1	lABF.df1	pvalues.df2	MAF.df2	N.df2	V.df2	z.df2	r.df2	lABF.df2	internal.sum.lABF	SNP.PP.H4
SNP.1	5.996e-15	0.134085	746287	5.77043653213576e-06	7.80403195379518	0.999743601910967	26.3092600294426	0.011616	0.134085	574	0.0075024421049791	2.52360005301791	0.749938952345015	1.69498946744999	28.0042494968926	0.00278704731914365
SNP.10	1.048e-14	0.122807	748350	6.20221706642789e-06	7.73329265393038	0.999724421872397	25.7953476315442	0.00664109	0.122807	574	0.00808611348721482	2.7143253886245	0.735627951207502	2.04469343960861	27.8400410711529	0.00236499120031268
SNP.11	2.466e-16	0.110054	736939	6.9273794396251e-06	8.19693192611319	0.999692211232442	29.5414579693207	0.00577957	0.110054	574	0.00889382591787087	2.76003200024715	0.716701432277228	2.09920875125917	31.6406667205799	0.105784071014033
SNP.12	4.851e-15	0.135678	749103	5.69171921760007e-06	7.83071582953926	0.999747098676699	26.5110456470684	0.010802	0.135678	574	0.00742802080324367	2.5490397090152	0.751803807806809	1.74569362919639	28.2567392762648	0.00358756071954375
SNP.13	2.596e-16	0.101759	736604	7.42626130562865e-06	8.19075154313436	0.99967005284303	29.5248485821074	0.00435522	0.101759	574	0.00952998916859109	2.85121726113219	0.702466675263934	2.24921577650594	31.7740643586133	0.120879911834387
SNP.14	8.801e-15	0.135338	751705	5.68403100163968e-06	7.75547992535066	0.999747440202492	25.924207762242	0.00972349	0.135338	574	0.00744375352628495	2.58551053955103	0.75140880318325	1.81556035488468	27.7397681171267	0.00213934850787791
SNP.15	8.818e-15	0.136591	746919	5.67620198649137e-06	7.75523504535037	0.999747787983105	25.9216305824351	0.0130504	0.136591	574	0.00738617266820235	2.4823909664427	0.752856521636143	1.62075754940664	27.5423881318418	0.00175614551980511
SNP.16	1.085e-14	0.137845	748438	5.62131349124942e-06	7.72887634626085	0.999750226247347	25.7128270845801	0.00713222	0.137845	574	0.00732962478530267	2.69060680889744	0.754283708291428	2.02847869180322	27.7413057763833	0.00214264062734449
SNP.17	1.221e-14	0.134085	743033	5.79570728118133e-06	7.71382695589517	0.999742479343696	25.6116961994674	0.0102969	0.134085	574	0.0075024421049791	2.56569609618625	0.749938952345015	1.77532263944619	27.3870188389136	0.00150343436682155
SNP.18	8.841e-15	0.122807	747305	6.21088998690134e-06	7.75490447560124	0.999724036621835	25.9633525006202	0.00664109	0.122807	574	0.00808611348721482	2.7143253886245	0.735627951207502	2.04469343960861	28.0080459402288	0.00279764829663877
SNP.19	8.474e-15	0.110276	745767	6.83330069380212e-06	7.7602831192552	0.999696389953997	26.0519718326056	0.0044093	0.110276	574	0.0088781361646598	2.847291262068	0.717059798642248	2.27536625255187	28.3273380851575	0.00384999294235554
SNP.2	4.047e-15	0.136591	744986	5.69092991217036e-06	7.85346431255336	0.9997471337392	26.689327939298	0.0051912	0.136591	574	0.00738617266820235	2.79492348592403	0.752856521636143	2.2416128694337	28.9309408087317	0.00704046372984958
SNP.20	1.279e-14	0.136591	740760	5.7233963922838e-06	7.70790489622965	0.999745691516266	25.5598632200587	0.00671886	0.136591	574	0.00738617266820235	2.71046667450452	0.752856521636143	2.06658588732436	27.6264491073831	0.00191015107801804
SNP.21	2.569e-16	0.109023	735315	7.00022432497096e-06	8.19200966556348	0.999688975685111	29.5062551785318	0.00830092	0.109023	574	0.00896754346605579	2.63957848519992	0.715022449218855	1.86324218273801	31.3694973612698	0.0806590161000537
SNP.22	2.776e-16	0.107769	735721	7.06782341491049e-06	8.18267984081933	0.999685973158727	29.4345956119543	0.00497794	0.107769	574	0.00905913956557728	2.80845783946373	0.712947194052831	2.18761793755076	31.622213549505	0.103849919949232
SNP.23	2.534e-16	0.109023	735272	7.0006337104038e-06	8.19366010595146	0.99968895750152	29.5198013790577	0.00830092	0.109023	574	0.00896754346605579	2.63957848519992	0.715022449218855	1.86324218273801	31.3830435617957	0.0817590732823411
SNP.24	6.362e-15	0.135338	746060	5.72703874230968e-06	7.79655519903755	0.999745529716394	26.2472390894494	0.00972349	0.135338	574	0.00744375352628495	2.58551053955103	0.75140880318325	1.81556035488468	28.0627994443341	0.00295510054104104
SNP.25	2.764e-16	0.109023	735382	6.99958654075844e-06	8.18320167546698	0.999689004013447	29.4341166648485	0.00830092	0.109023	574	0.00896754346605579	2.63957848519992	0.715022449218855	1.86324218273801	31.2973588475865	0.0750453109844494
SNP.26	5.516e-15	0.100251	746337	7.42719704192809e-06	7.81454939585996	0.999670011282191	26.5152893433075	0.00289553	0.100251	574	0.00965712884787714	2.97861642821124	0.699689331918864	2.50240750149133	29.0176968447988	0.00767854499000878
SNP.27	3.69e-16	0.104271	731779	7.31559894011053e-06	8.14832485243745	0.999674967949512	29.1710152849619	0.00346527	0.104271	574	0.00932648375748283	2.92313431503739	0.706958398906067	2.40665839497178	31.5776736799336	0.0993259543409445
SNP.3	5.598e-16	0.107769	735367	7.07122581056991e-06	8.09776080376811	0.999685822036123	28.7437886226959	0.00497794	0.107769	574	0.00905913956557728	2.80845783946373	0.712947194052831	2.18761793755076	30.9314065602467	0.052046616608661
SNP.4	6.56e-15	0.104271	742820	7.20686260035425e-06	7.79268503810047	0.999679797557984	26.3299691889108	0.00290323	0.104271	574	0.00932648375748283	2.97780249585335	0.706958398906067	2.52068848022937	28.8506576691402	0.00649732724412074
SNP.5	7.726e-15	0.106516	743792	7.06344995686053e-06	7.77199418024102	0.999686167412618	26.1591429760306	0.00347657	0.106516	574	0.00915285290995332	2.92212050660195	0.710836399613282	2.4144594202913	28.573602396322	0.00492505590736102
SNP.6	2.236e-16	0.106516	735663	7.14150034773151e-06	8.208697916081	0.999682700695349	29.6528379679836	0.00521234	0.106516	574	0.00915285290995332	2.79360936887056	0.710836399613282	2.15339233092945	31.8062302989131	0.124831337839767
SNP.7	7.765e-15	0.134085	746597	5.76804054698586e-06	7.77135652372334	0.999743708344608	26.0546546310221	0.0102969	0.134085	574	0.0075024421049791	2.56569609618625	0.749938952345015	1.77532263944619	27.8299772704683	0.00234130976275688
SNP.8	4.382e-16	0.104798	731769	7.28319534648492e-06	8.12750958126419	0.999676407175256	28.9995060331693	0.00286119	0.104798	574	0.00928504629878384	2.98227058105198	0.707880044864396	2.53262517312257	31.5321312062919	0.0949038654185509
SNP.9	9.218e-15	0.100251	744609	7.44443319739821e-06	7.74960339083838	0.999669245736916	26.0111769773486	0.00289553	0.100251	574	0.00965712884787714	2.97861642821124	0.699689331918864	2.50240750149133	28.51358447884	0.00463815987458175
