snp	pvalues.df1	MAF.df1	N.df1	V.df1	z.df1	r.df1	lABF.df1	pvalues.df2	MAF.df2	N.df2	V.df2	z.df2	r.df2	lABF.df2	internal.sum.lABF	SNP.PP.H4
SNP.1	1.894e-10	0.209559	737422	4.09334300279349e-06	6.36969862032989	0.999818106735499	15.9767950228485	6.22234e-09	0.209559	386	0.00782000306685487	5.81066975979929	0.742084357656167	11.8502633777385	27.827058400587	0.0282508476196348
SNP.10	1.454e-08	0.154412	743841	5.14813624985096e-06	5.66690488574855	0.999771246284686	11.8618001092067	1.30181e-06	0.154412	386	0.00992071195913313	4.83947738990265	0.694000798883184	7.53485082961758	19.3966509388243	6.16243060588201e-06
SNP.11	1.305e-10	0.209559	737075	4.09527006587658e-06	6.42658786988464	0.999818021119413	16.3409479077458	6.22234e-09	0.209559	386	0.00782000306685487	5.81066975979929	0.742084357656167	11.8502633777385	28.1912112854843	0.0406612823583213
SNP.12	2.18e-10	0.207721	736117	4.1272864092278e-06	6.34809320543085	0.999816598690689	15.8435313635543	5.69213e-09	0.207721	386	0.00787089556917497	5.82556030501478	0.740840847078492	11.8958580808651	27.7393894444194	0.0258795868440274
SNP.13	5.711e-10	0.189338	744910	4.37309184613791e-06	6.19820699991687	0.999805678130722	14.9321549736029	5.90408e-08	0.189338	386	0.00843927421530204	5.42168213172794	0.727231021756544	10.0387809620351	24.9709359356379	0.00162417662721867
SNP.14	9.239e-09	0.152574	747532	5.17318368401613e-06	5.74413876687632	0.999770133575876	12.3047667590574	1.05372e-06	0.152574	386	0.0100184464913988	4.88133138186309	0.691914972197435	7.65457630613773	19.9593430651951	1.08174806567105e-05
SNP.15	2.431e-10	0.209559	733794	4.11358117374356e-06	6.33130262786964	0.99981720758923	15.7354531218353	6.22234e-09	0.209559	386	0.00782000306685487	5.81066975979929	0.742084357656167	11.8502633777385	27.5857164995738	0.0221931028986033
SNP.16	8.934e-09	0.152574	747441	5.17381351261163e-06	5.74981718209228	0.999770105596363	12.3374533790001	1.05372e-06	0.152574	386	0.0100184464913988	4.88133138186309	0.691914972197435	7.65457630613773	19.9920296851378	1.11769097964596e-05
SNP.17	2.624e-10	0.209559	737823	4.09111830859973e-06	6.31950644813987	0.99981820557484	15.6581337675678	6.22234e-09	0.209559	386	0.00782000306685487	5.81066975979929	0.742084357656167	11.8502633777385	27.5083971453063	0.0205418076323201
SNP.18	4.841e-09	0.154412	747131	5.12546637233014e-06	5.85254747321226	0.999772253374904	12.9286171186841	1.93469e-06	0.154412	386	0.00992071195913313	4.76012927295205	0.694000798883184	7.27053690823775	20.1991540269218	1.37491137390601e-05
SNP.19	9.772e-09	0.152574	748754	5.16474081698388e-06	5.73463944416248	0.999770508642062	12.2494486479887	1.05372e-06	0.152574	386	0.0100184464913988	4.88133138186309	0.691914972197435	7.65457630613773	19.9040249541265	1.0235328290695e-05
SNP.2	1.091e-08	0.154412	751986	5.09237514558168e-06	5.71593880155172	0.999773723428427	12.1354054729721	1.30181e-06	0.154412	386	0.00992071195913313	4.83947738990265	0.694000798883184	7.53485082961758	19.6702563025897	8.10172208657181e-06
SNP.20	7.474e-09	0.152574	749020	5.16290665894095e-06	5.77991134430351	0.999770590122793	12.5098554343413	1.05372e-06	0.152574	386	0.0100184464913988	4.88133138186309	0.691914972197435	7.65457630613773	20.164431740479	1.32799061931076e-05
SNP.21	8.95e-11	0.211397	734400	4.08394694470426e-06	6.48370016833516	0.999818524186351	16.7081753772929	3.66344e-09	0.211397	386	0.00777007936836997	5.89871472164212	0.743308259162045	12.2517045693566	28.9598799466495	0.0877020266004143
SNP.22	9.824e-11	0.209559	738887	4.08522708317507e-06	6.46963488846449	0.999818467311959	16.6172512524475	6.22234e-09	0.209559	386	0.00782000306685487	5.81066975979929	0.742084357656167	11.8502633777385	28.467514630186	0.0536016414125429
SNP.23	7.519e-09	0.145221	752596	5.35210754576559e-06	5.77890133912349	0.99976218512289	12.5218703393202	1.63197e-06	0.145221	386	0.0104351676956295	4.7943575240991	0.683160329042009	7.27683552885832	19.7987058681785	9.2121771115447e-06
SNP.24	7.695e-09	0.145221	752737	5.35110500814096e-06	5.77500675045392	0.99976222965893	12.499283928061	1.63197e-06	0.145221	386	0.0104351676956295	4.7943575240991	0.683160329042009	7.27683552885832	19.7761194569193	9.006439276672e-06
SNP.25	5.656e-09	0.137868	748042	5.62350105465272e-06	5.82662354524782	0.999750129070879	12.8232464387551	1.90069e-07	0.137868	386	0.0108979662588718	5.20879692318004	0.673693716126295	8.57922314612011	21.4024695848752	4.5800267176334e-05
SNP.26	7.313e-11	0.209559	741800	4.06918466406846e-06	6.51409337004065	0.999819180050031	16.9038654263745	6.22234e-09	0.209559	386	0.00782000306685487	5.81066975979929	0.742084357656167	11.8502633777385	28.754128804113	0.0713925744689666
SNP.27	7.297e-09	0.152574	744594	5.19359590015491e-06	5.78394225386238	0.999769226784119	12.5360963162574	1.05372e-06	0.152574	386	0.0100184464913988	4.88133138186309	0.691914972197435	7.65457630613773	20.1906726223952	1.36329950643574e-05
SNP.28	1.896e-10	0.211397	741484	4.04492967642027e-06	6.36953673997138	0.999820257660831	15.9698598870368	3.66344e-09	0.211397	386	0.00777007936836997	5.89871472164212	0.743308259162045	12.2517045693566	28.2215644563934	0.0419144030966642
SNP.29	1.908e-10	0.211397	742910	4.03716551963334e-06	6.36856894731152	0.999820602610548	15.9627435785358	3.66344e-09	0.211397	386	0.00777007936836997	5.89871472164212	0.743308259162045	12.2517045693566	28.2144481478924	0.0416171860719155
SNP.3	9.949e-09	0.145221	747961	5.38527373822031e-06	5.73159602252443	0.999760711773084	12.2527451497155	1.63197e-06	0.145221	386	0.0104351676956295	4.7943575240991	0.683160329042009	7.27683552885832	19.5295806785738	7.0385418021994e-06
SNP.30	4.766e-09	0.151292	751954	5.1785058415967e-06	5.85514291322719	0.999769897144328	12.9489129185249	1.09842e-06	0.151292	386	0.0100880781907047	4.87313339699505	0.690436541496265	7.61175032414983	20.5606632426748	1.97367737299165e-05
SNP.31	2.16e-10	0.209559	742958	4.06284229230452e-06	6.34951130043715	0.999819461831369	15.844723391276	6.22234e-09	0.209559	386	0.00782000306685487	5.81066975979929	0.742084357656167	11.8502633777385	27.6949867690145	0.0247556025685736
SNP.32	2.561e-10	0.213235	733376	4.06386983153614e-06	6.32326111180445	0.999819416179449	15.678547591499	9.6479e-09	0.213235	386	0.00772110000407422	5.73680540232064	0.74451293953452	11.5690171782214	27.2475647697204	0.0158256150107015
SNP.33	1.285e-08	0.148897	745249	5.2942023129753e-06	5.68804761202649	0.999764757471492	11.995690543509	2.59603e-06	0.148897	386	0.0102214999470014	4.70043884011009	0.687621289868832	7.01442595872101	19.01011650223	4.18680051499204e-06
SNP.34	1.838e-09	0.209559	730383	4.1327922251832e-06	6.01151279687761	0.999816354077567	13.7645742346332	6.22234e-09	0.209559	386	0.00782000306685487	5.81066975979929	0.742084357656167	11.8502633777385	25.6148376123717	0.00309226141626457
SNP.35	2.77e-10	0.209559	738075	4.0897214833262e-06	6.31113300573395	0.999818267633397	15.6050929384593	6.22234e-09	0.209559	386	0.00782000306685487	5.81066975979929	0.742084357656167	11.8502633777385	27.4553563161978	0.0194806443851679
SNP.36	3.209e-10	0.202206	745246	4.15896769264142e-06	6.28832961824804	0.999815191152062	15.4697964767467	3.20246e-08	0.202206	386	0.00802967367116646	5.52999166700523	0.736987897163473	10.601065015993	26.0708614927397	0.00487893302494454
SNP.37	1.52e-09	0.145221	739491	5.44695571753138e-06	6.04222848837745	0.999757971671114	14.0866166156468	1.63197e-06	0.145221	386	0.0104351676956295	4.7943575240991	0.683160329042009	7.27683552885832	21.3634521445051	4.40476712215451e-05
SNP.38	7.699e-09	0.145221	753735	5.34401975563427e-06	5.77491924737635	0.99976254440941	12.4981216519346	1.63197e-06	0.145221	386	0.0104351676956295	4.7943575240991	0.683160329042009	7.27683552885832	19.7749571807929	8.99597738829572e-06
SNP.39	1.206e-08	0.150735	752967	5.18724463081737e-06	5.69887585983014	0.999769508932566	12.0472009575975	8.71508e-07	0.150735	386	0.0101187150982711	4.91863275902635	0.689788053643859	7.75875357306067	19.8059545306581	9.27919567816639e-06
SNP.4	7.253e-10	0.150735	740621	5.27371493372813e-06	6.16046859200827	0.999765667594159	14.7918550618408	4.80873e-06	0.150735	386	0.0101187150982711	4.57296390661977	0.689788053643859	6.62717374790053	21.4190288097414	4.65649983022437e-05
SNP.40	3.44e-10	0.212177	740244	4.04080737570053e-06	6.27752724444651	0.999820440808374	15.3876333535665	1.38742e-08	0.212177	386	0.00774917983165301	5.67493416915947	0.743821820135956	11.2964043895037	26.6840377430702	0.00900790751050216
SNP.41	3.305e-10	0.189338	746376	4.36450240509688e-06	6.28375095894388	0.999806059735451	15.4649539598169	5.90408e-08	0.189338	386	0.00843927421530204	5.42168213172794	0.727231021756544	10.0387809620351	25.503734921852	0.00276710039366519
SNP.42	1.922e-08	0.148897	753156	5.2386211880972e-06	5.61887935572932	0.999767226587717	11.5995055401872	2.59603e-06	0.148897	386	0.0102214999470014	4.70043884011009	0.687621289868832	7.01442595872101	18.6139314989082	2.81722353721667e-06
SNP.43	1.351e-08	0.145221	753636	5.34472176291074e-06	5.679486135383	0.999762513223904	11.951751819638	1.63197e-06	0.145221	386	0.0104351676956295	4.7943575240991	0.683160329042009	7.27683552885832	19.2285873484963	5.20910308455435e-06
SNP.44	4.243e-10	0.202206	750459	4.13007777516194e-06	6.24481574147587	0.999816474675498	15.1937043416462	3.20246e-08	0.202206	386	0.00802967367116646	5.52999166700523	0.736987897163473	10.601065015993	25.7947693576392	0.00370185638102329
SNP.45	2.387e-11	0.222426	733488	3.94139270967664e-06	6.68014865174893	0.99982485767089	17.983329392583	3.99407e-08	0.222426	386	0.00748954470423652	5.49111374982476	0.750261473520187	10.6173954467646	28.6007248393476	0.061239346532774
SNP.46	1.053e-08	0.165441	743554	4.87031777379279e-06	5.72196339286249	0.999783588276448	12.1477258625699	5.95929e-07	0.165441	386	0.00938172088594488	4.9925317933475	0.705733548088339	8.1837014005085	20.3314272630784	1.56935155202875e-05
SNP.47	1.272e-08	0.154412	743772	5.14861384433051e-06	5.68978422768713	0.999771225067976	11.9917332060062	1.30181e-06	0.154412	386	0.00992071195913313	4.83947738990265	0.694000798883184	7.53485082961758	19.5265840356238	7.01748137657749e-06
SNP.48	6.369e-11	0.235294	730024	3.80651473890582e-06	6.53481080778327	0.999830850183661	17.0059016065701	1.58932e-07	0.235294	386	0.00719908579211136	5.24189942129829	0.757599077543876	9.69988683185162	26.7057884384217	0.00920598208345527
SNP.49	1.189e-08	0.145221	753360	5.34667984829696e-06	5.70129595275323	0.999762426239224	12.0760104240463	1.63197e-06	0.145221	386	0.0104351676956295	4.7943575240991	0.683160329042009	7.27683552885832	19.3528459529046	5.89831249778866e-06
SNP.5	2.347e-11	0.222426	733561	3.94100048371614e-06	6.68262475929573	0.999824875097049	17.9998209651652	3.99407e-08	0.222426	386	0.00748954470423652	5.49111374982476	0.750261473520187	10.6173954467646	28.6172164119297	0.0622576533220308
SNP.50	1.269e-10	0.209559	737461	4.09312652981782e-06	6.43084082062707	0.999818116353021	16.3680241772902	6.22234e-09	0.209559	386	0.00782000306685487	5.81066975979929	0.742084357656167	11.8502633777385	28.2182875550288	0.0417772785265103
SNP.51	2.029e-10	0.211397	742459	4.03961785929029e-06	6.35912972565315	0.999820493656788	15.902985941225	3.66344e-09	0.211397	386	0.00777007936836997	5.89871472164212	0.743308259162045	12.2517045693566	28.1546905105815	0.0392030900451356
SNP.52	1.274e-10	0.211397	742920	4.03711117777258e-06	6.43024313310942	0.999820605024875	16.3573442523012	3.66344e-09	0.211397	386	0.00777007936836997	5.89871472164212	0.743308259162045	12.2517045693566	28.6090488216578	0.0617512292657728
SNP.53	2.052e-10	0.209559	742954	4.0628641662956e-06	6.35739787773826	0.999819460859543	15.8948240276188	6.22234e-09	0.209559	386	0.00782000306685487	5.81066975979929	0.742084357656167	11.8502633777385	27.7450874053573	0.026027468631175
SNP.54	8.783e-09	0.152574	746148	5.1827792149546e-06	5.75269858668858	0.999769707304055	12.3548801807361	1.05372e-06	0.152574	386	0.0100184464913988	4.88133138186309	0.691914972197435	7.65457630613773	20.0094564868739	1.13733946663691e-05
SNP.55	1.473e-08	0.161765	741200	4.9748986892202e-06	5.6646790278441	0.999778942268915	11.8322041969996	1.04897e-06	0.161765	386	0.00955283655038864	4.8822221214047	0.701965954389993	7.76078905464443	19.592993251644	7.49932931154576e-06
SNP.56	1.351e-08	0.148897	750215	5.25915768085486e-06	5.679486135383	0.999766314280409	11.9437457199566	2.58298e-06	0.148897	386	0.0102214999470014	4.70146780059817	0.687621289868832	7.01775204837743	18.961497768334	3.98811268654692e-06
SNP.57	1.554e-10	0.207721	739926	4.10603991439892e-06	6.39997735253529	0.999817542633904	16.1716213447391	1.55918e-06	0.207721	386	0.00787089556917497	4.80349729054565	0.740840847078492	7.87177112230528	24.0433924670443	0.000642401056224741
SNP.58	1.363e-08	0.148897	744839	5.29711653060934e-06	5.6779732785271	0.999764628011655	11.9387244691798	2.59603e-06	0.148897	386	0.0102214999470014	4.70043884011009	0.687621289868832	7.01442595872101	18.9531504279008	3.95496110851498e-06
SNP.59	6.346e-09	0.152574	752473	5.1392147567819e-06	5.80737472648878	0.999771642614261	12.6666505244107	1.05372e-06	0.152574	386	0.0100184464913988	4.88133138186309	0.691914972197435	7.65457630613773	20.3212268305484	1.55342485510106e-05
SNP.6	7.177e-09	0.152574	751997	5.14246778335545e-06	5.78672952329799	0.999771498101346	12.5473104341283	1.05372e-06	0.152574	386	0.0100184464913988	4.88133138186309	0.691914972197435	7.65457630613773	20.201886740266	1.37867375097217e-05
SNP.60	1.506e-08	0.154412	744322	5.14480939193708e-06	5.66087853318435	0.99977139407742	11.8273545335103	1.30181e-06	0.154412	386	0.00992071195913313	4.83947738990265	0.694000798883184	7.53485082961758	19.3622053631278	5.95377637378502e-06
SNP.61	1.341e-10	0.209559	740266	4.07761694283674e-06	6.42244807520632	0.999818805417745	16.3122131648284	6.22234e-09	0.209559	386	0.00782000306685487	5.81066975979929	0.742084357656167	11.8502633777385	28.1624765425669	0.0395095179388137
SNP.62	6.326e-11	0.216912	731784	4.02247123436122e-06	6.53582464519833	0.999821255456019	17.0399077306899	2.92232e-07	0.216912	386	0.00762585515483365	5.12838907694012	0.746866765585902	9.13451817208174	26.1744259027716	0.00541130867876446
SNP.7	2.239e-08	0.148897	747816	5.27602910280407e-06	5.59244041768516	0.999765564790408	11.4548632364086	2.59603e-06	0.148897	386	0.0102214999470014	4.70043884011009	0.687621289868832	7.01442595872101	18.4692891951296	2.43783301208796e-06
SNP.8	4.301e-11	0.222426	731409	3.95259595634631e-06	6.59331935849698	0.999824359923463	17.408575542888	3.99407e-08	0.222426	386	0.00748954470423652	5.49111374982476	0.750261473520187	10.6173954467646	28.0259709896526	0.0344681617609516
SNP.9	2.92e-11	0.226103	733312	3.89665292222909e-06	6.65054988967655	0.999826845413382	17.7804147208771	1.62414e-08	0.226103	386	0.00740275219612864	5.64790593159347	0.752439101672821	11.3029184515767	29.0833331724538	0.0992258170790498
