snp	pvalues.df1	MAF.df1	N.df1	V.df1	z.df1	r.df1	lABF.df1	pvalues.df2	MAF.df2	N.df2	V.df2	z.df2	r.df2	lABF.df2	internal.sum.lABF	SNP.PP.H4
SNP.1	1.894e-10	0.209497	737422	4.09423327490194e-06	6.36969862032989	0.999818067182244	15.9769029351822	0.000218342	0.209497	497	0.0060748042053214	3.69679094298926	0.787406970082052	4.60626768003048	20.5831706152127	0.0185962322054076
SNP.10	1.454e-08	0.152235	743841	5.20834683752738e-06	5.66690488574855	0.999768571489885	11.8675696944803	0.0119856	0.152235	497	0.0077951346478334	2.51256801124688	0.742693513712741	1.66556766199434	13.5331373564746	1.61300019147009e-05
SNP.11	1.305e-10	0.209497	737075	4.09616075710713e-06	6.42658786988464	0.999817981547544	16.341055805289	0.000218342	0.209497	497	0.0060748042053214	3.69679094298926	0.787406970082052	4.60626768003048	20.9473234853195	0.0267654495717035
SNP.12	2.18e-10	0.209497	736117	4.1014915971846e-06	6.34809320543085	0.999817744707616	15.8404203101703	0.000218342	0.209497	497	0.0060748042053214	3.69679094298926	0.787406970082052	4.60626768003048	20.4466879902008	0.0162237523940679
SNP.13	5.711e-10	0.182961	744910	4.49019174597672e-06	6.19820699991687	0.999800475740276	14.9452650051481	7.93382e-05	0.182961	497	0.00672995721025255	3.94639044047109	0.769758225718785	5.25979367997642	20.2050586851245	0.0127412792922781
SNP.14	9.239e-09	0.150838	747532	5.22202443038459e-06	5.74413876687632	0.999767963878574	12.3094283042427	0.00559077	0.150838	497	0.00785438705532043	2.77086442286485	0.741243760218056	2.16958536314186	14.4790136673845	4.15358671128309e-05
SNP.15	2.431e-10	0.209497	733794	4.11447584750589e-06	6.33130262786964	0.999817167840489	15.7355610397974	0.000218342	0.209497	497	0.0060748042053214	3.69679094298926	0.787406970082052	4.60626768003048	20.3418287198279	0.0146086978606948
SNP.16	8.934e-09	0.150838	747441	5.22266020527942e-06	5.74981718209228	0.999767935635024	12.3421148488834	0.00559077	0.150838	497	0.00785438705532043	2.77086442286485	0.741243760218056	2.16958536314186	14.5117002120253	4.29159635050054e-05
SNP.17	2.624e-10	0.209497	737823	4.0920080968535e-06	6.31950644813987	0.999818166043074	15.6582416929368	0.000218342	0.209497	497	0.0060748042053214	3.69679094298926	0.787406970082052	4.60626768003048	20.2645093729672	0.0135217263132094
SNP.18	4.841e-09	0.152235	747131	5.18541182198731e-06	5.85254747321226	0.999769590353196	12.9343840514493	0.00619432	0.152235	497	0.0077951346478334	2.73731366737756	0.742693513712741	2.10371528230033	15.0380993337496	7.2649244305906e-05
SNP.19	9.772e-09	0.150838	748754	5.21350185307091e-06	5.73463944416248	0.99976834248417	12.2541103714359	0.00559077	0.150838	497	0.00785438705532043	2.77086442286485	0.741243760218056	2.16958536314186	14.4236957345778	3.93005843980724e-05
SNP.2	1.091e-08	0.152235	751986	5.15193357319578e-06	5.71593880155172	0.999771077591993	12.1411747993327	0.0108536	0.152235	497	0.0077951346478334	2.54737734538594	0.742693513712741	1.73097420236076	13.8721490016935	2.26394204851185e-05
SNP.20	7.474e-09	0.150838	749020	5.2116503784869e-06	5.77991134430351	0.999768424733815	12.514516606423	0.00559077	0.150838	497	0.00785438705532043	2.77086442286485	0.741243760218056	2.16958536314186	14.6841019695649	5.09908203778072e-05
SNP.21	8.95e-11	0.209497	734400	4.11108073263172e-06	6.48370016833516	0.999817318679335	16.7114604540134	0.000218342	0.209497	497	0.0060748042053214	3.69679094298926	0.787406970082052	4.60626768003048	21.3177281340439	0.0387649508366173
SNP.22	9.824e-11	0.208101	738887	4.10627486759228e-06	6.46963488846449	0.99981753219535	16.6198006860931	0.000477984	0.208101	497	0.00610477488549428	3.49280019904015	0.786581963678027	4.02576238466594	20.6455630707591	0.0197934573483821
SNP.23	7.519e-09	0.139665	752596	5.52908061065924e-06	5.77890133912349	0.999754323455767	12.5380006994622	0.0134356	0.139665	497	0.00837256328221268	2.47200935608111	0.728802457843319	1.57434016231887	14.1123408617811	2.87858663845487e-05
SNP.24	7.695e-09	0.139665	752737	5.52804492307367e-06	5.77500675045392	0.999754369463714	12.5154144903624	0.0134356	0.139665	497	0.00837256328221268	2.47200935608111	0.728802457843319	1.57434016231887	14.0897546526813	2.81429901847424e-05
SNP.25	5.656e-09	0.131285	748042	5.86072835993212e-06	5.82662354524782	0.999739591014506	12.8437220152702	0.011579	0.131285	497	0.00882106833766668	2.52472153112864	0.71836630083724	1.65593799777374	14.499660013044	4.24023450041762e-05
SNP.26	7.313e-11	0.209497	741800	4.07006968191526e-06	6.51409337004065	0.99981914073013	16.9039733069845	0.00139268	0.209497	497	0.0060748042053214	3.19616385024928	0.787406970082052	3.24767572592708	20.1516490329116	0.0120786255649346
SNP.27	7.297e-09	0.149441	744594	5.28294710856343e-06	5.78394225386238	0.999765257467725	12.5445568351898	0.0126921	0.149441	497	0.00791479017978607	2.49229380637394	0.739771665923038	1.62445844990478	14.1690152850946	3.04644045905758e-05
SNP.28	1.896e-10	0.206704	741484	4.11229323095156e-06	6.36953673997138	0.99981726481021	15.9780560146665	0.000592339	0.206704	497	0.00613521053130561	3.43509826405738	0.78574592547178	3.86556535385726	19.8436213685237	0.00887652138123938
SNP.29	1.908e-10	0.206704	742910	4.10439977124939e-06	6.36856894731152	0.999817615502562	15.9709398439426	0.000592339	0.206704	497	0.00613521053130561	3.43509826405738	0.78574592547178	3.86556535385726	19.8365051977999	0.00881357876049109
SNP.3	9.949e-09	0.141061	747961	5.51723865361393e-06	5.73159602252443	0.999754849506674	12.2647506008654	0.00684982	0.141061	497	0.00830317774767753	2.70405863916776	0.730444117951319	2.01498949286696	14.2797400937323	3.40314040926897e-05
SNP.30	4.766e-09	0.14986	751954	5.21918332121425e-06	5.85514291322719	0.999768090091516	12.9527932248093	0.0141874	0.14986	497	0.00789655085537291	2.45248321060828	0.74021556284643	1.55212607262921	14.5049192974385	4.26259384509259e-05
SNP.31	2.16e-10	0.206704	742958	4.10413459988167e-06	6.34951130043715	0.999817627283658	15.849741544703	0.000592339	0.206704	497	0.00613521053130561	3.43509826405738	0.78574592547178	3.86556535385726	19.7153068985603	0.00780758169631067
SNP.32	2.561e-10	0.209497	733376	4.11682096229593e-06	6.32326111180445	0.999817063651284	15.6849721708629	0.000559963	0.209497	497	0.0060748042053214	3.45030043729939	0.787406970082052	3.91268412111413	19.597656291977	0.00694099174718567
SNP.33	1.285e-08	0.141061	745249	5.53731617297807e-06	5.68804761202649	0.999753957610734	12.0179592432839	0.0170293	0.141061	497	0.00830317774767753	2.38607451944239	0.730444117951319	1.42384782053461	13.4418070638185	1.4722114015689e-05
SNP.34	1.838e-09	0.209497	730383	4.13369107720845e-06	6.01151279687761	0.999816314143261	13.7646822275962	0.000218342	0.209497	497	0.0060748042053214	3.69679094298926	0.787406970082052	4.60626768003048	18.3709499076267	0.00203549347430019
SNP.35	2.77e-10	0.209497	738075	4.0906109677807e-06	6.31113300573395	0.999818228115124	15.6052008661943	0.000218342	0.209497	497	0.0060748042053214	3.69679094298926	0.787406970082052	4.60626768003048	20.2114685462248	0.0128232114290666
SNP.36	3.209e-10	0.196927	745246	4.24238482807618e-06	6.28832961824804	0.999811485107762	15.4796506881099	7.48241e-05	0.196927	497	0.0063614091017796	3.96040070927386	0.779587715923844	5.35770074825132	20.8373514363613	0.0239780735756589
SNP.37	1.52e-09	0.139665	739491	5.62706503697774e-06	6.04222848837745	0.999749970750839	14.10273212817	0.0134356	0.139665	497	0.00837256328221268	2.47200935608111	0.728802457843319	1.57434016231887	15.6770722904888	0.000137636471496056
SNP.38	7.699e-09	0.138268	753735	5.56746403739853e-06	5.77491924737635	0.999752618366709	12.5184319363411	0.0178508	0.138268	497	0.00844344568657662	2.3686984704572	0.727132984086533	1.39048895060122	13.9089208869423	2.34874101973497e-05
SNP.39	1.206e-08	0.149441	752967	5.22420068788363e-06	5.69887585983014	0.999767867200909	12.0507230527307	0.0126921	0.149441	497	0.00791479017978607	2.49229380637394	0.739771665923038	1.62445844990478	13.6751815026355	1.85918842899399e-05
SNP.4	7.253e-10	0.149441	740621	5.31128704067759e-06	6.16046859200827	0.999763998508044	14.7953721306475	0.0281912	0.149441	497	0.00791479017978607	2.19461537096773	0.739771665923038	1.10839677222287	15.9037689028704	0.000172657965115447
SNP.40	3.44e-10	0.208683	740244	4.09032240533998e-06	6.27752724444651	0.999818240935459	15.3936785464434	0.000618928	0.208683	497	0.00609222659681788	3.42318121949939	0.786927171404835	3.83761242618304	19.2312909726265	0.00481183904080475
SNP.41	3.305e-10	0.182961	746376	4.48137230229203e-06	6.28375095894388	0.999800867559303	15.4780614206874	7.93382e-05	0.182961	497	0.00672995721025255	3.94639044047109	0.769758225718785	5.25979367997642	20.7378551006639	0.0217071885668129
SNP.42	1.922e-08	0.141061	753156	5.47918271990893e-06	5.61887935572932	0.999756540055183	11.621780308821	0.0170293	0.141061	497	0.00830317774767753	2.38607451944239	0.730444117951319	1.42384782053461	13.0456281293557	9.90630857231205e-06
SNP.43	1.351e-08	0.138268	753636	5.56819539702002e-06	5.679486135383	0.999752585877918	11.972067507598	0.0178508	0.138268	497	0.00844344568657662	2.3686984704572	0.727132984086533	1.39048895060122	13.3625564581992	1.36004123558585e-05
SNP.44	4.243e-10	0.195531	750459	4.23563081583112e-06	6.24481574147587	0.999811785173008	15.2062285722122	0.000173363	0.195531	497	0.00639570878554891	3.7549689048124	0.778662332423994	4.7354553407672	19.9416839129794	0.00979108510366526
SNP.45	2.387e-11	0.21648	733488	4.01891781635714e-06	6.68014865174893	0.99982141332928	17.9929900822998	0.000172086	0.21648	497	0.00593124344322769	3.75682026358783	0.791382903984788	4.80104245773795	22.7940325400377	0.169664153504572
SNP.46	1.053e-08	0.166201	743554	4.85246584938647e-06	5.72196339286249	0.999784381352566	12.1459031482138	0.0342877	0.166201	497	0.00725969897821873	2.11667193859751	0.756056034587845	0.988270597032532	13.1341737452464	1.08234751433784e-05
SNP.47	1.272e-08	0.152235	743772	5.20883001776512e-06	5.68978422768713	0.999768550025147	11.9975024396404	0.0119856	0.152235	497	0.0077951346478334	2.51256801124688	0.742693513712741	1.66556766199434	13.6630701016347	1.83680686204857e-05
SNP.48	6.369e-11	0.221289	730024	3.97463022229268e-06	6.53481080778327	0.999823380967691	17.0273472466159	0.000918193	0.221289	497	0.0058381799867183	3.31446309370364	0.7939818298333	3.57131398262838	20.5986612292443	0.0188865419942035
SNP.49	1.189e-08	0.138268	753360	5.57023535391921e-06	5.70129595275323	0.999752495258033	12.0963248190605	0.0178508	0.138268	497	0.00844344568657662	2.3686984704572	0.727132984086533	1.39048895060122	13.4868137696617	1.53998446857612e-05
SNP.5	2.347e-11	0.21648	733561	4.01851787551978e-06	6.68262475929573	0.99982143109808	18.0094816057215	0.000172086	0.21648	497	0.00593124344322769	3.75682026358783	0.791382903984788	4.80104245773795	22.8105240634594	0.172485373029466
SNP.50	1.269e-10	0.209497	737461	4.09401675484498e-06	6.43084082062707	0.999818076801857	16.3681320741897	0.000218342	0.209497	497	0.0060748042053214	3.69679094298926	0.787406970082052	4.60626768003048	20.9743997542202	0.0275000584357019
SNP.51	2.029e-10	0.206704	742459	4.10689295174398e-06	6.35912972565315	0.999817504734968	15.9111823484853	0.000592339	0.206704	497	0.00613521053130561	3.43509826405738	0.78574592547178	3.86556535385726	19.7767477023426	0.00830232899897519
SNP.52	1.274e-10	0.206704	742920	4.10434452438875e-06	6.43024313310942	0.999817617957082	16.3655393396126	0.000592339	0.206704	497	0.00613521053130561	3.43509826405738	0.78574592547178	3.86556535385726	20.2311046934699	0.013077498333821
SNP.53	2.052e-10	0.206704	742954	4.10415669618696e-06	6.35739787773826	0.999817626301958	15.8998420889176	0.000592339	0.206704	497	0.00613521053130561	3.43509826405738	0.78574592547178	3.86556535385726	19.7654074427749	0.0082087102667623
SNP.54	8.783e-09	0.150838	746148	5.23171055406468e-06	5.75269858668858	0.999767533584131	12.3595415505869	0.00559077	0.150838	497	0.00785438705532043	2.77086442286485	0.741243760218056	2.16958536314186	14.5291269137287	4.36704017919667e-05
SNP.55	1.473e-08	0.159218	741200	5.03917016375746e-06	5.6646790278441	0.999776087029858	11.8385751647922	0.000878896	0.159218	497	0.00751515679150308	3.32667250703149	0.749621271556025	3.45554529505773	15.2941204598499	9.38468421117692e-05
SNP.56	1.351e-08	0.139665	750215	5.54662856815673e-06	5.679486135383	0.999753543930316	11.9701430698352	0.0219109	0.139665	497	0.00837256328221268	2.29190891021915	0.728802457843319	1.26168980981541	13.2318328796507	1.19338217660576e-05
SNP.57	1.554e-10	0.192737	739926	4.34311744837314e-06	6.39997735253529	0.999807009810253	16.1994670450309	0.000207282	0.192737	497	0.0064659668432695	3.70997220888881	0.776773657228296	4.59593054262833	20.7953975876592	0.0229929112762547
SNP.58	1.363e-08	0.141061	744839	5.54036421373711e-06	5.6779732785271	0.999753822208928	11.960993688519	0.0170293	0.141061	497	0.00830317774767753	2.38607451944239	0.730444117951319	1.42384782053461	13.3848415090536	1.39069006059684e-05
SNP.59	6.346e-09	0.149441	752473	5.22763038587919e-06	5.80737472648878	0.99976771484067	12.6751112255927	0.0108785	0.149441	497	0.00791479017978607	2.54657766972478	0.739771665923038	1.72563310380288	14.4007443293956	3.84088531484737e-05
SNP.6	7.177e-09	0.149441	751997	5.23093937788804e-06	5.78672952329799	0.999767567842695	12.5557715625404	0.0108785	0.149441	497	0.00791479017978607	2.54657766972478	0.739771665923038	1.72563310380288	14.2814046663433	3.40880990091658e-05
SNP.60	1.506e-08	0.150838	744322	5.24454519212687e-06	5.66087853318435	0.999766963421277	11.8368814283118	0.0136711	0.150838	497	0.00785438705532043	2.46579120211855	0.741243760218056	1.57749341318451	13.4143748414963	1.43237427966543e-05
SNP.61	1.341e-10	0.208101	740266	4.0986255185172e-06	6.42244807520632	0.999817872042479	16.3147629196912	0.000477984	0.208101	497	0.00610477488549428	3.49280019904015	0.786581963678027	4.02576238466594	20.3405253043571	0.0145896690618056
SNP.62	6.326e-11	0.206704	731784	4.16680281894505e-06	6.53582464519833	0.999814843053046	17.0573938560734	0.000548751	0.206704	497	0.00613521053130561	3.45575640387992	0.78574592547178	3.9214916998345	20.9788855559079	0.027623695342243
SNP.7	2.239e-08	0.141061	747816	5.5183084349569e-06	5.59244041768516	0.999754801984148	11.4771383579688	0.0170293	0.141061	497	0.00830317774767753	2.38607451944239	0.730444117951319	1.42384782053461	12.9009861785034	8.57224649362345e-06
SNP.8	4.301e-11	0.21648	731409	4.03034142495398e-06	6.59331935849698	0.999820905794926	17.4182379998287	0.000172086	0.21648	497	0.00593124344322769	3.75682026358783	0.791382903984788	4.80104245773795	22.2192804575666	0.0954945170692727
SNP.9	2.92e-11	0.21648	733312	4.01988238469323e-06	6.65054988967655	0.999821370474888	17.7958582477131	0.000172086	0.21648	497	0.00593124344322769	3.75682026358783	0.791382903984788	4.80104245773795	22.5969007054511	0.13930824681107
