snp	pvalues.df1	MAF.df1	N.df1	V.df1	z.df1	r.df1	lABF.df1	pvalues.df2	MAF.df2	N.df2	V.df2	z.df2	r.df2	lABF.df2	internal.sum.lABF	SNP.PP.H4
SNP.1	1.894e-10	0.203896	737422	4.17710509655445e-06	6.36969862032989	0.999814385343794	15.9868458925249	0.00548073	0.203896	581	0.00530170257230874	2.77733119880305	0.809302953352599	2.29277229281546	18.2796181853403	0.0285299423158137
SNP.10	1.454e-08	0.153247	743841	5.18013605127673e-06	5.66690488574855	0.99976982472391	11.8648748547502	0.0136539	0.153247	581	0.00663200960502192	2.46624213558267	0.772346305835398	1.60887553645365	13.4737503912039	0.00023342051870804
SNP.11	1.305e-10	0.201823	737075	4.21103117526113e-06	6.42658786988464	0.999812878080043	16.3547765729159	0.00299223	0.201823	581	0.00534224751033666	2.9685350239348	0.808124415661727	2.73522300632614	19.089999579242	0.0641571496711734
SNP.12	2.18e-10	0.203896	736117	4.184510335329e-06	6.34809320543085	0.999814056344348	15.8503636386149	0.00548073	0.203896	581	0.00530170257230874	2.77733119880305	0.809302953352599	2.29277229281546	18.1431359314304	0.0248901436917707
SNP.13	5.711e-10	0.180519	744910	4.5373720563068e-06	6.19820699991687	0.999798379678671	14.9504499920392	0.00422183	0.180519	581	0.00581744202833649	2.86109314113407	0.794563293445957	2.46078089705893	17.4112308890981	0.0119719551902341
SNP.14	9.239e-09	0.150649	747532	5.22741235785658e-06	5.74413876687632	0.999767724526303	12.3099398547901	0.0160487	0.150649	581	0.00672574529207098	2.40780614968123	0.769869160739737	1.49711631993591	13.807056174726	0.000325755601550052
SNP.15	2.431e-10	0.203896	733794	4.19775740127526e-06	6.33130262786964	0.999813467805139	15.7455045210795	0.00548073	0.203896	581	0.00530170257230874	2.77733119880305	0.809302953352599	2.29277229281546	18.038276813895	0.0224123640230691
SNP.16	8.934e-09	0.150649	747441	5.22804878872478e-06	5.74981718209228	0.999767696253626	12.342626391124	0.0160487	0.150649	581	0.00672574529207098	2.40780614968123	0.769869160739737	1.49711631993591	13.8397427110599	0.000336579355706372
SNP.17	2.624e-10	0.203896	737823	4.17483487843477e-06	6.31950644813987	0.999814486204935	15.6681858637016	0.00548073	0.203896	581	0.00530170257230874	2.77733119880305	0.809302953352599	2.29277229281546	17.960958156517	0.0207447689172758
SNP.18	4.841e-09	0.151948	747131	5.19344787354639e-06	5.85254747321226	0.999769233360043	12.9351520302889	0.0163384	0.151948	581	0.00667846110707502	2.40126723103587	0.771116746610887	1.48589048079765	14.4210425110865	0.00060192553886973
SNP.19	9.772e-09	0.148052	748754	5.29423826405601e-06	5.73463944416248	0.999764755874417	12.2617332721981	0.0137227	0.148052	581	0.00682286071801204	2.46444140195832	0.767319403668518	1.60110193698016	13.8628352091782	0.000344442251383343
SNP.2	1.091e-08	0.149351	751986	5.23361436076897e-06	5.71593880155172	0.999767449009841	12.1489787214023	0.0186564	0.149351	581	0.00677384634887644	2.35232632018241	0.768604157166507	1.39469943939856	13.5436781608009	0.000250327334089734
SNP.20	7.474e-09	0.150649	749020	5.21702760232469e-06	5.77991134430351	0.99976818585682	12.5150281158113	0.0160487	0.150649	581	0.00672574529207098	2.40780614968123	0.769869160739737	1.49711631993591	14.0121444357472	0.000399908460726375
SNP.21	8.95e-11	0.206494	734400	4.15508281458457e-06	6.48370016833516	0.999815363749526	16.7167415920879	0.00551098	0.206494	581	0.00525213910332343	2.77554188660158	0.810748314435536	2.29051489925767	19.0072564913455	0.0590622781673593
SNP.22	9.824e-11	0.202597	738887	4.18871780969617e-06	6.46963488846449	0.999813869415058	16.629661407293	0.00693819	0.202597	581	0.00532700367685538	2.69979650440849	0.808567112050011	2.12017388941134	18.7498352967043	0.0456576537576013
SNP.23	7.519e-09	0.137662	752596	5.5964998892569e-06	5.77890133912349	0.999751328524472	12.5440091105623	0.0287221	0.137662	581	0.00724940349510358	2.18727986080774	0.756317685620259	1.10324001418877	13.6472491247511	0.000277644178865109
SNP.24	7.695e-09	0.137662	752737	5.59545157293342e-06	5.77500675045392	0.999751375093142	12.5214229784754	0.0287221	0.137662	581	0.00724940349510358	2.18727986080774	0.756317685620259	1.10324001418877	13.6246629926642	0.000271443558377833
SNP.25	5.656e-09	0.128571	748042	5.96580414136676e-06	5.82662354524782	0.999734923433489	12.8525254332716	0.0754864	0.128571	581	0.00768101903875434	1.77749763260561	0.74550166682936	0.493474954544637	13.3460003878162	0.00020542718182762
SNP.26	7.313e-11	0.198701	741800	4.23339236108256e-06	6.51409337004065	0.99981188462245	16.9234874916015	0.00811516	0.198701	581	0.00540504380972641	2.6472405684255	0.806305847552819	2.00451092173779	18.9279984133393	0.0545618200324081
SNP.27	7.297e-09	0.148052	744594	5.32381684134575e-06	5.78394225386238	0.999763441891142	12.5483787535421	0.016978	0.148052	581	0.00682286071801204	2.38718381588295	0.767319403668518	1.45729674568691	14.005675499229	0.000397329827779619
SNP.28	1.896e-10	0.202597	741484	4.17404709508631e-06	6.36953673997138	0.99981452120454	15.9854516146583	0.00889819	0.202597	581	0.00532700367685538	2.61594112136332	0.808567112050011	1.93996319463183	17.9254148092901	0.0200203802516358
SNP.29	1.908e-10	0.202597	742910	4.16603510015073e-06	6.36856894731152	0.999814877161249	15.9783355702364	0.00889819	0.202597	581	0.00532700367685538	2.61594112136332	0.808567112050011	1.93996319463183	17.9182987648682	0.0198784200330819
SNP.3	9.949e-09	0.138961	747961	5.58695659219626e-06	5.73159602252443	0.999751752460268	12.2709767860266	0.0226878	0.138961	581	0.00719247098047454	2.27865133097264	0.757767853500497	1.25833141926235	13.5293082052889	0.000246755863827362
SNP.30	4.766e-09	0.148052	751954	5.27170821242389e-06	5.85514291322719	0.999765756739986	12.9577588166838	0.016978	0.148052	581	0.00682286071801204	2.38718381588295	0.767319403668518	1.45729674568691	14.4150555623708	0.000598332607617323
SNP.31	2.16e-10	0.2	742958	4.20615970216351e-06	6.34951130043715	0.999813094508986	15.8619254765939	0.00876358	0.2	581	0.00537865748709122	2.62114180915576	0.807068992128415	1.94972578696873	17.8116512635627	0.0178675679226347
SNP.32	2.561e-10	0.205195	733376	4.18038178088495e-06	6.32326111180445	0.999814239767458	15.6925749656374	0.00679293	0.205195	581	0.00527674986047897	2.70682869186876	0.810029975177665	2.13706855589271	17.8296435215301	0.0181919552937014
SNP.33	1.285e-08	0.14026	745249	5.56375035189344e-06	5.68804761202649	0.999752783337773	12.0203208931203	0.0310123	0.14026	581	0.00713662544922244	2.15691484556513	0.759195747118717	1.05411076980797	13.0744316629282	0.000156573085334897
SNP.34	1.838e-09	0.203896	730383	4.21736156853511e-06	6.01151279687761	0.999812596834594	13.7746326903423	0.00548073	0.203896	581	0.00530170257230874	2.77733119880305	0.809302953352599	2.29277229281546	16.0674049831578	0.00312283405712572
SNP.35	2.77e-10	0.203896	738075	4.17340946992024e-06	6.31113300573395	0.999814549532925	15.6151452571928	0.00548073	0.203896	581	0.00530170257230874	2.77733119880305	0.809302953352599	2.29277229281546	17.9079175500083	0.0196731253315528
SNP.36	3.209e-10	0.193506	745246	4.29907255023498e-06	6.28832961824804	0.999808966609607	15.4862365054577	0.00658198	0.193506	581	0.00551440038170812	2.71728551953233	0.803158364749127	2.15243847519834	17.6386749806561	0.0150294399159227
SNP.37	1.52e-09	0.137662	739491	5.69567909637194e-06	6.04222848837745	0.999746922771125	14.108734883025	0.0287221	0.137662	581	0.00724940349510358	2.18727986080774	0.756317685620259	1.10324001418877	15.2119748972138	0.00132751776350873
SNP.38	7.699e-09	0.135065	753735	5.6783875216496e-06	5.77491924737635	0.999747690897209	12.5282111295186	0.0379695	0.135065	581	0.00736660829368427	2.07518383731696	0.75334968667192	0.922216169188501	13.4504272987071	0.000228039426145059
SNP.39	1.206e-08	0.148052	752967	5.26461594885964e-06	5.69887585983014	0.999766071804145	12.0545461955985	0.016978	0.148052	581	0.00682286071801204	2.38718381588295	0.767319403668518	1.45729674568691	13.5118429412854	0.000242483624017449
SNP.4	7.253e-10	0.149351	740621	5.31392537977888e-06	6.16046859200827	0.999763881303882	14.7956181573116	0.0131429	0.149351	581	0.00677384634887644	2.47987350271014	0.768604157166507	1.63155767410409	16.4271758314157	0.00447502433374528
SNP.40	3.44e-10	0.205195	740244	4.14159610741632e-06	6.27752724444651	0.999815962937767	15.3998612483474	0.00679293	0.205195	581	0.00527674986047897	2.70682869186876	0.810029975177665	2.13706855589271	17.5369298042401	0.0135754873027149
SNP.41	3.305e-10	0.180519	746376	4.52845994306288e-06	6.28375095894388	0.999798775613045	15.4832453718443	0.00422183	0.180519	581	0.00581744202833649	2.86109314113407	0.794563293445957	2.46078089705893	17.9440262689032	0.0203964777556882
SNP.42	1.922e-08	0.14026	753156	5.50533937988708e-06	5.61887935572932	0.999755378104296	11.6241426185247	0.0310123	0.14026	581	0.00713662544922244	2.15691484556513	0.759195747118717	1.05411076980797	12.6782533883327	0.000105355950870127
SNP.43	1.351e-08	0.135065	753636	5.67913345252955e-06	5.679486135383	0.999747657761454	11.9818493831988	0.0379695	0.135065	581	0.00736660829368427	2.07518383731696	0.75334968667192	0.922216169188501	12.9040655523873	0.000132046850728393
SNP.44	4.243e-10	0.192208	750459	4.29113350549037e-06	6.24481574147587	0.999809319321367	15.2126885819782	0.00829695	0.192208	581	0.00554271903510637	2.63974062496718	0.802347303477687	1.98484857955425	17.1975371615324	0.0096684994298363
SNP.45	2.387e-11	0.212987	733488	4.06669862304924e-06	6.68014865174893	0.999819290500801	17.9988510830804	0.0192268	0.212987	581	0.00513403552430833	2.3411042032995	0.8142133269029	1.38967944508584	19.3885305281662	0.0864759625886577
SNP.46	1.053e-08	0.163636	743554	4.91341338050276e-06	5.72196339286249	0.999781673748739	12.1520984152152	0.0114847	0.163636	581	0.00628810356751523	2.52759423077978	0.78157284474234	1.73597860168014	13.8880770168953	0.000353247256076853
SNP.47	1.272e-08	0.153247	743772	5.18061661438954e-06	5.68978422768713	0.999769803375381	11.9948077646653	0.0136539	0.153247	581	0.00663200960502192	2.46624213558267	0.772346305835398	1.60887553645365	13.6036833011189	0.000265808078270299
SNP.48	6.369e-11	0.220779	730024	3.98120422331629e-06	6.53481080778327	0.999823088893152	17.0281671763452	0.0187847	0.220779	581	0.00500236597576979	2.34977623395759	0.818111431570033	1.4063994864512	18.4345666627964	0.0333114979376007
SNP.49	1.189e-08	0.135065	753360	5.68121405255198e-06	5.70129595275323	0.999747565337013	12.1061060528194	0.0379695	0.135065	581	0.00736660829368427	2.07518383731696	0.75334968667192	0.922216169188501	13.0283222220079	0.000149517502415978
SNP.5	2.347e-11	0.212987	733561	4.06629392732594e-06	6.68262475929573	0.999819308480778	18.0153425762034	0.0192268	0.212987	581	0.00513403552430833	2.3411042032995	0.8142133269029	1.38967944508584	19.4050220212892	0.0879139046472449
SNP.50	1.269e-10	0.203896	737461	4.17688419389144e-06	6.43084082062707	0.999814395158046	16.378073594853	0.00548073	0.203896	581	0.00530170257230874	2.77733119880305	0.809302953352599	2.29277229281546	18.6708458876684	0.0421899417583064
SNP.51	2.029e-10	0.202597	742459	4.16856572046803e-06	6.35912972565315	0.999814764730885	15.9185782048189	0.00889819	0.202597	581	0.00532700367685538	2.61594112136332	0.808567112050011	1.93996319463183	17.8585413994507	0.0187253338332533
SNP.52	1.274e-10	0.203896	742920	4.14619231480022e-06	6.43024313310942	0.999815758737107	16.3705721451834	0.00677799	0.203896	581	0.00530170257230874	2.70755959684446	0.809302953352599	2.13791637403384	18.5084885192172	0.0358672447760847
SNP.53	2.052e-10	0.2	742954	4.20618234776312e-06	6.35739787773826	0.999813093502891	15.9120257931792	0.00876358	0.2	581	0.00537865748709122	2.62114180915576	0.807068992128415	1.94972578696873	17.8617515801479	0.0187855421265198
SNP.54	8.783e-09	0.150649	746148	5.23710847538724e-06	5.75269858668858	0.999767293788102	12.3600530817921	0.0160487	0.150649	581	0.00672574529207098	2.40780614968123	0.769869160739737	1.49711631993591	13.857169401728	0.000342496226017616
SNP.55	1.473e-08	0.157143	741200	5.09314048676162e-06	5.6646790278441	0.999773689428657	11.8438621045665	0.00718856	0.157143	581	0.00649747973973789	2.68798047428587	0.775929501527203	2.05524078387766	13.8991028884442	0.000357163666188401
SNP.56	1.351e-08	0.138961	750215	5.57017073726293e-06	5.679486135383	0.999752498128463	11.9722433940682	0.0484599	0.138961	581	0.00719247098047454	1.97331311167365	0.757767853500497	0.766431247386896	12.7386746414551	0.0001119179348807
SNP.57	1.554e-10	0.192208	739926	4.35221868051238e-06	6.39997735253529	0.999806605467324	16.2005052420559	0.0738353	0.192208	581	0.00554271903510637	1.7876326143149	0.802347303477687	0.471380779429722	16.6718860214856	0.00571572975060951
SNP.58	1.363e-08	0.14026	744839	5.56681294346595e-06	5.6779732785271	0.999752647289902	11.9633553948477	0.0310123	0.14026	581	0.00713662544922244	2.15691484556513	0.759195747118717	1.05411076980797	13.0174661646557	0.000147903110654547
SNP.59	6.346e-09	0.146753	752473	5.30661187994645e-06	5.80737472648878	0.999764206194945	12.6825480418928	0.017424	0.146753	581	0.00687277480402572	2.37763634621104	0.766015473516524	1.43895180093311	14.1214998428259	0.000446121385511017
SNP.6	7.177e-09	0.149351	751997	5.23353780493434e-06	5.78672952329799	0.999767452410741	12.5560178814293	0.020246	0.149351	581	0.00677384634887644	2.32175744210156	0.768604157166507	1.3397897832376	13.8958076646669	0.000355988668985774
SNP.60	1.506e-08	0.149351	744322	5.28750289350202e-06	5.66087853318435	0.999765055083486	11.8409286801429	0.0186564	0.149351	581	0.00677384634887644	2.35232632018241	0.768604157166507	1.39469943939856	13.2356281195415	0.000183960186509175
SNP.61	1.341e-10	0.202597	740266	4.18091488228958e-06	6.42244807520632	0.999814216082865	16.3246248990732	0.00693819	0.202597	581	0.00532700367685538	2.69979650440849	0.808567112050011	2.12017388941134	18.4447987884845	0.0336540951310772
SNP.62	6.326e-11	0.206494	731784	4.169936509996e-06	6.53582464519833	0.999814703829479	17.0577667021524	0.0600116	0.206494	581	0.00525213910332343	1.88070837345408	0.810748314435536	0.601495592264637	17.659262294417	0.0153420627011131
SNP.7	2.239e-08	0.14026	747816	5.54465187425548e-06	5.59244041768516	0.999753631740088	11.4795007060475	0.0310123	0.14026	581	0.00713662544922244	2.15691484556513	0.759195747118717	1.05411076980797	12.5336114758555	9.11678864527837e-05
SNP.8	4.301e-11	0.212987	731409	4.0782580466239e-06	6.59331935849698	0.999818776934569	17.4241000897907	0.0192268	0.212987	581	0.00513403552430833	2.3411042032995	0.8142133269029	1.38967944508584	18.8137795348765	0.0486725634694882
SNP.9	2.92e-11	0.215584	733312	4.03197883053424e-06	6.65054988967655	0.999820833047414	17.7973484116566	0.0195072	0.215584	581	0.0050889818591682	2.33569391243154	0.815542962580293	1.37941412231882	19.1767625339754	0.0699722330038023
