snp	pvalues.df1	MAF.df1	N.df1	V.df1	z.df1	r.df1	lABF.df1	pvalues.df2	MAF.df2	N.df2	V.df2	z.df2	r.df2	lABF.df2	internal.sum.lABF	SNP.PP.H4
SNP.1	1.894e-10	0.192537	737422	4.36131125983298e-06	6.36969862032989	0.999806201509143	16.0082529351421	3.50561e-05	0.192537	517	0.00622074830144788	4.13785944605447	0.783405772156212	5.9418253257597	21.9500782609018	0.0271834140379019
SNP.10	1.454e-08	0.135821	743841	5.72689551207746e-06	5.66690488574855	0.999745536078943	11.9146438409083	9.54063e-05	0.135821	517	0.00823965122746462	3.90198695609625	0.731953652743372	4.91388328915129	16.8285271300596	0.000162196920784208
SNP.11	1.305e-10	0.192537	737075	4.36336447695086e-06	6.42658786988464	0.999806110290423	16.3724013682093	3.50561e-05	0.192537	517	0.00622074830144788	4.13785944605447	0.783405772156212	5.9418253257597	22.314226693969	0.0391247571714512
SNP.12	2.18e-10	0.191045	736117	4.39504288700645e-06	6.34809320543085	0.999804702908981	15.8747142957074	1.51716e-05	0.191045	517	0.00625776747554067	4.3261821198653	0.782397312974205	6.55907384564112	22.4337881413485	0.0440936988815735
SNP.13	5.711e-10	0.167164	744910	4.82129777707912e-06	6.19820699991687	0.999785766004836	14.9805489582512	8.09466e-06	0.167164	517	0.00694667877586849	4.46266487572714	0.764092961765139	6.88644127261002	21.8669902308612	0.0250160840313178
SNP.14	9.239e-09	0.135821	747532	5.69861850007653e-06	5.74413876687632	0.999746792197093	12.3527377488563	5.18452e-06	0.135821	517	0.00823965122746462	4.55717915550439	0.731953652743372	6.94226580393885	19.2950035527951	0.00191081967876761
SNP.15	2.431e-10	0.192537	733794	4.38287431056748e-06	6.33130262786964	0.999805243523671	15.766912728298	3.50561e-05	0.192537	517	0.00622074830144788	4.13785944605447	0.783405772156212	5.9418253257597	21.7087380540577	0.0213545920840147
SNP.16	8.934e-09	0.135821	747441	5.69931229969885e-06	5.74981718209228	0.999746761377169	12.3854235587092	5.18452e-06	0.135821	517	0.00823965122746462	4.55717915550439	0.731953652743372	6.94226580393885	19.3276893626481	0.00197430830370937
SNP.17	2.624e-10	0.192537	737823	4.35894092736138e-06	6.31950644813987	0.999806306816435	15.6895956034608	3.50561e-05	0.192537	517	0.00622074830144788	4.13785944605447	0.783405772156212	5.9418253257597	21.6314209292205	0.0197657309402811
SNP.18	4.841e-09	0.137313	747131	5.64947821757947e-06	5.85254747321226	0.999748975108537	12.9768776443732	7.84663e-06	0.137313	517	0.00816421723438755	4.46932643828916	0.733754259175023	6.66665842290748	19.6435360672806	0.00270760590804365
SNP.19	9.772e-09	0.134328	748754	5.74263124613702e-06	5.73463944416248	0.999744837069355	12.3020449852098	6.45401e-06	0.134328	517	0.00831686289375257	4.510942879962	0.730119742479088	6.77357090992734	19.0756158951371	0.00153440800710579
SNP.2	1.091e-08	0.135821	751986	5.66486568180685e-06	5.71593880155172	0.999748291565008	12.1882467158892	7.69636e-05	0.135821	517	0.00823965122746462	3.95366359133046	0.731953652743372	5.062452894893	17.2506996107822	0.000247394353950493
SNP.20	7.474e-09	0.135821	749020	5.68729764839284e-06	5.77991134430351	0.999747295091539	12.5578224103166	5.18452e-06	0.135821	517	0.00823965122746462	4.55717915550439	0.731953652743372	6.94226580393885	19.5000882142555	0.00234577763886615
SNP.21	8.95e-11	0.195522	734400	4.32840144317784e-06	6.48370016833516	0.999807663602932	16.7370088568507	3.80716e-05	0.195522	517	0.00614850680825882	4.11888141249569	0.785381246938625	5.8926226844116	22.6296315412623	0.0536327714908351
SNP.22	9.824e-11	0.191045	738887	4.37856639087509e-06	6.46963488846449	0.999805434912235	16.6516440150706	2.49227e-05	0.191045	517	0.00625776747554067	4.21549854414414	0.782397312974205	6.18922534148113	22.8408693565517	0.0662475249513365
SNP.23	7.519e-09	0.126866	752596	5.9976615048813e-06	5.77890133912349	0.999733508303205	12.5783167695234	1.72046e-06	0.126866	517	0.00873078541185231	4.78376011140386	0.720442976482464	7.60616401234346	20.1844807818668	0.00465066179165412
SNP.24	7.695e-09	0.126866	752737	5.99653804440016e-06	5.77500675045392	0.999733558208175	12.5557310956743	1.72046e-06	0.126866	517	0.00873078541185231	4.78376011140386	0.720442976482464	7.60616401234346	20.1618951080178	0.0045468007619482
SNP.25	5.656e-09	0.125373	748042	6.09560930831198e-06	5.82662354524782	0.999729157406325	12.86318710753	2.2142e-06	0.125373	517	0.00881967461935843	4.73282168047354	0.718398267972201	7.4122865500594	20.2754736575894	0.00509368942535251
SNP.26	7.313e-11	0.189552	741800	4.38762648527104e-06	6.51409337004065	0.999805032398211	16.9412310675376	5.80226e-05	0.189552	517	0.0062954377693889	4.02071161797653	0.781373778033641	5.55569600024464	22.4969270677822	0.046967497323533
SNP.27	7.297e-09	0.132836	744594	5.82952866987389e-06	5.78394225386238	0.99974097694722	12.5933645742825	9.42941e-06	0.132836	517	0.00839580671260363	4.42986041713237	0.728254167605902	6.49406325188511	19.0874278261676	0.00155263979297995
SNP.28	1.896e-10	0.192537	741484	4.33741911065991e-06	6.36953673997138	0.999807262972027	16.0044974503388	6.40122e-05	0.192537	517	0.00622074830144788	3.99751032398818	0.783405772156212	5.49458210213549	21.4990795524743	0.0173156081656254
SNP.29	1.908e-10	0.192537	742910	4.32909352660289e-06	6.36856894731152	0.9998076328555	15.9973817400479	6.40122e-05	0.192537	517	0.00622074830144788	3.99751032398818	0.783405772156212	5.49458210213549	21.4919638421834	0.0171928326499519
SNP.3	9.949e-09	0.128358	747961	5.97489063996309e-06	5.73159602252443	0.999734519803341	12.3042506576644	2.78546e-06	0.128358	517	0.00864407191094281	4.68603694771565	0.72244888415167	7.29123159123934	19.5954822489037	0.00258057178712464
SNP.30	4.766e-09	0.131343	751954	5.82805276354918e-06	5.85514291322719	0.999741042509083	13.0074870676255	1.10328e-05	0.131343	517	0.00847664910592237	4.39587384588545	0.726353580823507	6.36996261607325	19.3774496836988	0.00207503585300576
SNP.31	2.16e-10	0.189552	742958	4.38078777908585e-06	6.34951130043715	0.999805336222294	15.8821044639345	5.88992e-05	0.189552	517	0.0062954377693889	4.01717813992267	0.781373778033641	5.54459982567103	21.4267042896055	0.0161066630110763
SNP.32	2.561e-10	0.19403	733376	4.35968940888422e-06	6.32326111180445	0.999806273563476	15.7134108433103	0.000316863	0.19403	517	0.00618431640218544	3.60110874383152	0.784400774434553	4.31888140276984	20.0322922460802	0.00399411087289461
SNP.33	1.285e-08	0.129851	745249	5.93785623500565e-06	5.68804761202649	0.999736164905771	12.0525816265763	5.07341e-05	0.129851	517	0.00855934510886214	4.05221918844107	0.724419652801375	5.30322131164621	17.3558029382225	0.000274811928021043
SNP.34	1.838e-09	0.192537	730383	4.40334300202572e-06	6.01151279687761	0.99980433415919	13.7960564156693	3.50561e-05	0.192537	517	0.00622074830144788	4.13785944605447	0.783405772156212	5.9418253257597	19.737881741429	0.00297549523241327
SNP.35	2.77e-10	0.192537	738075	4.35745265975484e-06	6.31113300573395	0.999806372936045	15.6365554864782	3.50561e-05	0.192537	517	0.00622074830144788	4.13785944605447	0.783405772156212	5.9418253257597	21.5783808122379	0.0187446721610958
SNP.36	3.209e-10	0.180597	745246	4.53379907213968e-06	6.28832961824804	0.999798538413965	15.512605569727	7.37154e-05	0.180597	517	0.00653538805283521	3.96396391560381	0.774916455707674	5.34249316061902	20.8550987303461	0.00909411479733174
SNP.37	1.52e-09	0.126866	739491	6.1039499573729e-06	6.04222848837745	0.999728786911722	14.1430088867337	1.72046e-06	0.126866	517	0.00873078541185231	4.78376011140386	0.720442976482464	7.60616401234346	21.7491728990772	0.0222357565255282
SNP.38	7.699e-09	0.125373	753735	6.04956885139778e-06	5.77491924737635	0.99973120254477	12.5595877923912	5.11137e-06	0.125373	517	0.00881967461935843	4.56016394351858	0.718398267972201	6.83594943201608	19.3955372244073	0.0021129096377229
SNP.39	1.206e-08	0.131343	752967	5.82021202491193e-06	5.69887585983014	0.999741390806019	12.1042973137444	1.10328e-05	0.131343	517	0.00847664910592237	4.39587384588545	0.726353580823507	6.36996261607325	18.4742599298176	0.000840959882917555
SNP.4	7.253e-10	0.135821	740621	5.75179435176589e-06	6.16046859200827	0.999744430028185	14.8348298591	9.54063e-05	0.135821	517	0.00823965122746462	3.90198695609625	0.731953652743372	4.91388328915129	19.7487131482513	0.00300789920527904
SNP.40	3.44e-10	0.19403	740244	4.31924011532667e-06	6.27752724444651	0.999808070616612	15.4207009141322	0.000316863	0.19403	517	0.00618431640218544	3.60110874383152	0.784400774434553	4.31888140276984	19.739582316902	0.00298055959156755
SNP.41	3.305e-10	0.167164	746376	4.81182798900823e-06	6.28375095894388	0.999786186704169	15.513338105209	8.09466e-06	0.167164	517	0.00694667877586849	4.46266487572714	0.764092961765139	6.88644127261002	22.3997793778191	0.0426193393755232
SNP.42	1.922e-08	0.129851	753156	5.87551771649131e-06	5.61887935572932	0.999738934052494	11.656412690439	5.07341e-05	0.129851	517	0.00855934510886214	4.05221918844107	0.724419652801375	5.30322131164621	16.9596340020852	0.000184919025536848
SNP.43	1.351e-08	0.125373	753636	6.05036354182697e-06	5.679486135383	0.999731167244181	12.0132350220261	5.11137e-06	0.125373	517	0.00881967461935843	4.56016394351858	0.718398267972201	6.83594943201608	18.8491844540422	0.00122349706180888
SNP.44	4.243e-10	0.179104	750459	4.53157956109783e-06	6.24481574147587	0.999798637019167	15.239734771679	5.29507e-05	0.179104	517	0.00657788136526482	4.04220592015828	0.773784022204504	5.57846188933028	20.8181966610093	0.00876463968726361
SNP.45	2.387e-11	0.207463	733488	4.14588060506633e-06	6.68014865174893	0.999815772585769	18.0084126788083	0.00015455	0.207463	517	0.00588192199854719	3.78364213247432	0.792758150809932	4.88760774014435	22.8960204189527	0.0700037748724233
SNP.46	1.053e-08	0.150746	743554	5.25259712805277e-06	5.72196339286249	0.999766605724358	12.1852210872024	4.19259e-05	0.150746	517	0.00755433192447224	4.09660189078763	0.748644157406108	5.59148534732685	17.7767064345293	0.000418631250448066
SNP.47	1.272e-08	0.135821	743772	5.72742679826507e-06	5.68978422768713	0.99974551247824	12.0445735577385	9.54063e-05	0.135821	517	0.00823965122746462	3.90198695609625	0.731953652743372	4.91388328915129	16.9584568468898	0.00018470147521557
SNP.48	6.369e-11	0.216418	730024	4.03882500109895e-06	6.53481080778327	0.999820528882282	17.0352959681538	0.000610083	0.216418	517	0.00570297714236414	3.42709170468827	0.79778811600008	3.88577417877654	20.9210701469303	0.00971429872367699
SNP.49	1.189e-08	0.125373	753360	6.05258014522713e-06	5.70129595275323	0.999731068781446	12.1374895439106	5.11137e-06	0.125373	517	0.00881967461935843	4.56016394351858	0.718398267972201	6.83594943201608	18.9734389759267	0.00138537065436891
SNP.5	2.347e-11	0.207463	733561	4.14546802958295e-06	6.68262475929573	0.999815790915702	18.0249041217208	0.00015455	0.207463	517	0.00588192199854719	3.78364213247432	0.792758150809932	4.88760774014435	22.9125118618651	0.0711678100577504
SNP.50	1.269e-10	0.192537	737461	4.36108061558313e-06	6.43084082062707	0.999806211756025	16.3994774440806	3.50561e-05	0.192537	517	0.00622074830144788	4.13785944605447	0.783405772156212	5.9418253257597	22.3413027698403	0.0401985738340984
SNP.51	2.029e-10	0.192537	742459	4.3317231952856e-06	6.35912972565315	0.999807516026311	15.9376247186528	6.40122e-05	0.192537	517	0.00622074830144788	3.99751032398818	0.783405772156212	5.49458210213549	21.4322068207883	0.0161955347119619
SNP.52	1.274e-10	0.19403	742920	4.3036821998733e-06	6.43024313310942	0.9998087618146	16.3890642832216	2.70847e-05	0.19403	517	0.00618431640218544	4.19668770224542	0.784400774434553	6.14033980801175	22.5294040912333	0.0485179018246085
SNP.53	2.052e-10	0.189552	742954	4.38081136486789e-06	6.35739787773826	0.999805335174445	15.9322043909106	5.88992e-05	0.189552	517	0.0062954377693889	4.01717813992267	0.781373778033641	5.54459982567103	21.4768042165817	0.0169341613776093
SNP.54	8.783e-09	0.135821	746148	5.70918863898209e-06	5.75269858668858	0.999746322651238	12.4028492843195	5.18452e-06	0.135821	517	0.00823965122746462	4.55717915550439	0.731953652743372	6.94226580393885	19.3451150882584	0.00200901356243752
SNP.55	1.473e-08	0.141791	741200	5.54361247747254e-06	5.6646790278441	0.999753677912743	11.8859068898899	8.40504e-06	0.141791	517	0.00794763166015985	4.45459833399597	0.738973732050261	6.66032567427577	18.5462325641657	0.000903717301169143
SNP.56	1.351e-08	0.128358	750215	5.95693924802548e-06	5.679486135383	0.999735317220054	12.0055232497369	8.44883e-06	0.128358	517	0.00864407191094281	4.45348325528005	0.72244888415167	6.52347462502731	18.5289978747642	0.000888275464038126
SNP.57	1.554e-10	0.18806	739926	4.42548983068584e-06	6.39997735253529	0.999803350241814	16.2087845535602	0.000767876	0.18806	517	0.00633372338193434	3.36412196860495	0.780336264656589	3.65782759963088	19.8666121531911	0.00338427905559947
SNP.58	1.363e-08	0.129851	744839	5.94112475485538e-06	5.6779732785271	0.999736019714887	11.995616927795	5.07341e-05	0.129851	517	0.00855934510886214	4.05221918844107	0.724419652801375	5.30322131164621	17.2988382394412	0.000259594881253774
SNP.59	6.346e-09	0.132836	752473	5.7684887968287e-06	5.80737472648878	0.999743688432603	12.7239200793965	4.12525e-06	0.132836	517	0.00839580671260363	4.60497016435789	0.728254167605902	7.07014394086835	19.7940640202648	0.0031474505271027
SNP.6	7.177e-09	0.134328	751997	5.71786605009073e-06	5.78672952329799	0.999745937184314	12.5999009760402	3.32984e-06	0.134328	517	0.00831686289375257	4.6493492226302	0.730119742479088	7.23640933983864	19.8363103158789	0.00328326733162434
SNP.60	1.506e-08	0.134328	744322	5.77682523970819e-06	5.66087853318435	0.999743318114075	11.8848236093067	0.000115632	0.134328	517	0.00831686289375257	3.85520646332286	0.730119742479088	4.77085654810503	16.6556801574117	0.000136450810192167
SNP.61	1.341e-10	0.191045	740266	4.37040980519776e-06	6.42244807520632	0.999805797286233	16.346610404137	2.49227e-05	0.191045	517	0.00625776747554067	4.21549854414414	0.782397312974205	6.18922534148113	22.5358357456182	0.0488309578555593
SNP.62	6.326e-11	0.202985	731784	4.22334591211267e-06	6.53582464519833	0.999812330963518	17.0640782715293	0.000177858	0.202985	517	0.00597790515464111	3.7485526551169	0.790086204649541	4.77047706144892	21.8345553329783	0.0242177075218931
SNP.7	2.239e-08	0.129851	747816	5.91747357810173e-06	5.59244041768516	0.999737070324503	11.5117713210862	5.07341e-05	0.129851	517	0.00855934510886214	4.05221918844107	0.724419652801375	5.30322131164621	16.8149926327324	0.000160016456025769
SNP.8	4.301e-11	0.207463	731409	4.15766510016816e-06	6.59331935849698	0.999815249023668	17.4336634904934	0.00015455	0.207463	517	0.00588192199854719	3.78364213247432	0.792758150809932	4.88760774014435	22.3212712306378	0.039401346034376
SNP.9	2.92e-11	0.210448	733312	4.10351165899748e-06	6.65054988967655	0.999817654959822	17.8060694536764	0.000167757	0.210448	517	0.00582041458739412	3.76319394425513	0.794479894726369	4.83445891732598	22.6405283710023	0.0542203944694711
