snp	pvalues.df1	MAF.df1	N.df1	V.df1	z.df1	r.df1	lABF.df1	pvalues.df2	MAF.df2	N.df2	V.df2	z.df2	r.df2	lABF.df2	internal.sum.lABF	SNP.PP.H4
SNP.1	1.894e-10	0.204684	737422	4.16514667079573e-06	6.36969862032989	0.999814916632381	15.9854234582721	3.40338e-07	0.204684	706	0.00435052519585202	5.09961891415414	0.837972435767323	9.98620855256645	25.9716320108385	0.0225587273914587
SNP.10	1.454e-08	0.150713	743841	5.2515160907827e-06	5.66690488574855	0.999766653748036	11.8716650995645	7.18983e-05	0.150713	706	0.00553299289020382	3.96991492188458	0.802625680680091	5.51345382573724	17.3851189253017	4.20958559152001e-06
SNP.11	1.305e-10	0.203061	737075	4.19185954137464e-06	6.42658786988464	0.999813729834533	16.3525130318734	4.49276e-07	0.203061	706	0.00437636667345427	5.04679796287811	0.837166729914546	9.75387508760202	26.1063881194754	0.0258129969728813
SNP.12	2.18e-10	0.203666	736117	4.18802595264967e-06	6.34809320543085	0.999813900152815	15.8507803121295	3.82125e-07	0.203666	706	0.00436668144502354	5.07765337989733	0.8374685219699	9.88760102600367	25.7383813381332	0.0178654975633461
SNP.13	5.711e-10	0.180244	744910	4.54277031347055e-06	6.19820699991687	0.999798139852925	14.951039777779	1.73207e-05	0.180244	706	0.00479313744222004	4.29689524056811	0.824383054078441	6.74069436098536	21.6917341387643	0.00031230473378702
SNP.14	9.239e-09	0.14664	747532	5.34509565683433e-06	5.74413876687632	0.999762496614288	12.3209825195206	8.91251e-05	0.14664	706	0.00565953264383099	3.91843677431468	0.799018942700001	5.33185474401502	17.6528372635357	5.50183980754475e-06
SNP.15	2.431e-10	0.204684	733794	4.18573985106383e-06	6.33130262786964	0.999814001719527	15.7440820112221	3.40338e-07	0.204684	706	0.00435052519585202	5.09961891415414	0.837972435767323	9.98620855256645	25.7302905637885	0.0177215350235398
SNP.16	8.934e-09	0.14664	747441	5.34574641549591e-06	5.74981718209228	0.999762467705419	12.3536688744134	8.91251e-05	0.14664	706	0.00565953264383099	3.91843677431468	0.799018942700001	5.33185474401502	17.6855236184284	5.68464625878388e-06
SNP.17	2.624e-10	0.204684	737823	4.16288295197023e-06	6.31950644813987	0.999815017204878	15.6667632543519	3.40338e-07	0.204684	706	0.00435052519585202	5.09961891415414	0.837972435767323	9.98620855256645	25.6529718069183	0.0164029600790031
SNP.18	4.841e-09	0.147658	747131	5.31743728976518e-06	5.85254747321226	0.999763725292719	12.9468517776274	5.80834e-05	0.147658	706	0.00562722696846962	4.02046491358472	0.799936660134407	5.66058269975589	18.6074344773833	1.42917115968015e-05
SNP.19	9.772e-09	0.144603	748754	5.39865808376147e-06	5.73463944416248	0.999760117198287	12.2714203335773	0.000125587	0.144603	706	0.00572559041763277	3.83495555854545	0.797148958341862	5.06414700762707	17.3355673412044	4.00607766583622e-06
SNP.2	1.091e-08	0.148676	751986	5.25320687425077e-06	5.71593880155172	0.999766578637176	12.1508323685043	0.000176167	0.148676	706	0.00559537963815912	3.75094833582131	0.80084342300328	4.826946712723	16.9777790812273	2.80113408197741e-06
SNP.20	7.474e-09	0.14664	749020	5.33447711215279e-06	5.77991134430351	0.999762968325684	12.5260698815432	8.91251e-05	0.14664	706	0.00565953264383099	3.91843677431468	0.799018942700001	5.33185474401502	17.8579246255582	6.75423630514415e-06
SNP.21	8.95e-11	0.206721	734400	4.15170781293136e-06	6.48370016833516	0.999815513694236	16.7163385244707	5.07741e-07	0.206721	706	0.00431871702240338	5.023364313431	0.838966307791842	9.67224636464369	26.3885848891144	0.0342290566622483
SNP.22	9.824e-11	0.203666	738887	4.17232553852838e-06	6.46963488846449	0.99981459768979	16.6277164570786	3.94714e-07	0.203666	706	0.00436668144502354	5.07148952278136	0.8374685219699	9.86140590392153	26.4891223610002	0.0378492954425803
SNP.23	7.519e-09	0.135438	752596	5.67376603984929e-06	5.77890133912349	0.999747896192807	12.5508059410329	1.19816e-05	0.135438	706	0.00604823459847934	4.37792238673669	0.7881398032647	6.77690995654342	19.3277158975763	2.93696309857463e-05
SNP.24	7.695e-09	0.135438	752737	5.6727032503071e-06	5.77500675045392	0.999747943404087	12.5282198972068	1.19816e-05	0.135438	706	0.00604823459847934	4.37792238673669	0.7881398032647	6.77690995654342	19.3051298537502	2.87137222874034e-05
SNP.25	5.656e-09	0.129328	748042	5.93604086424976e-06	5.82662354524782	0.999736245546354	12.850047803848	1.53626e-05	0.129328	706	0.00628952957531886	4.32342410932354	0.781534131745214	6.54365370058168	19.3937015044297	3.13729729332294e-05
SNP.26	7.313e-11	0.202648	741800	4.17148576135335e-06	6.51409337004065	0.999814634999383	16.9161815318741	1.51157e-06	0.202648	706	0.00438301435945031	4.80969998267315	0.836959713637562	8.773905073834	25.6900866057081	0.0170231913246635
SNP.27	7.297e-09	0.14664	744594	5.36618619884753e-06	5.78394225386238	0.999761559702941	12.5523098057038	4.60557e-05	0.14664	706	0.00565953264383099	4.0747909515161	0.799018942700001	5.83115151149735	18.3834613172012	1.14238879863241e-05
SNP.28	1.896e-10	0.204684	741484	4.14232915109635e-06	6.36953673997138	0.99981593037004	15.9816669724808	7.65418e-07	0.204684	706	0.00435052519585202	4.94398447937759	0.837972435767323	9.33127840069633	25.3129453731771	0.0116748315761394
SNP.29	1.908e-10	0.204684	742910	4.13437803808204e-06	6.36856894731152	0.999816283622883	15.9745508631877	7.65418e-07	0.204684	706	0.00435052519585202	4.94398447937759	0.837972435767323	9.33127840069633	25.305829263884	0.0115920470996994
SNP.3	9.949e-09	0.136456	747961	5.67301514933072e-06	5.73159602252443	0.999747929548896	12.2785551043682	1.04166e-05	0.136456	706	0.00601018992083365	4.40833985595221	0.789191515822147	6.889958382421	19.1685134867892	2.50471179751183e-05
SNP.30	4.766e-09	0.146939	751954	5.3047089785474e-06	5.85514291322719	0.999764290728469	12.9608531858876	4.44084e-05	0.146939	706	0.00564999594228701	4.08325942418664	0.799289635640779	5.86033486319975	18.8211880490873	1.76976760140232e-05
SNP.31	2.16e-10	0.202648	742958	4.16498393956579e-06	6.34951130043715	0.999814923862203	15.8570444542732	5.135e-07	0.202648	706	0.00438301435945031	5.02119871719917	0.836959713637562	9.64401786412038	25.5010623183936	0.0140912258372487
SNP.32	2.561e-10	0.206721	733376	4.15750476947267e-06	6.32326111180445	0.999815256146843	15.6898520440785	7.15717e-07	0.206721	706	0.00431871702240338	4.95704962711153	0.838966307791842	9.3946122698959	25.0844643139744	0.00929014646168166
SNP.33	1.285e-08	0.138493	745249	5.62317978266215e-06	5.68804761202649	0.9997501433425	12.0255893142086	2.57506e-05	0.138493	706	0.0059357919402963	4.2081183468595	0.791256316941724	6.22256221364701	18.2481515278556	9.97814110634248e-06
SNP.34	1.838e-09	0.204684	730383	4.2052878945314e-06	6.01151279687761	0.99981313324151	13.7732091730605	3.40338e-07	0.204684	706	0.00435052519585202	5.09961891415414	0.837972435767323	9.98620855256645	23.759417725627	0.00246923337970219
SNP.35	2.77e-10	0.204684	738075	4.16146162418661e-06	6.31113300573395	0.999815080351637	15.6137226160634	3.40338e-07	0.204684	706	0.00435052519585202	5.09961891415414	0.837972435767323	9.98620855256645	25.5999311686298	0.0155556073183688
SNP.36	3.209e-10	0.192464	745246	4.31677040731363e-06	6.28832961824804	0.999808180339294	15.4882746756322	6.32603e-06	0.192464	706	0.00455673637247713	4.51518907160489	0.83158588272633	7.5860778937033	23.0743525693355	0.001244635322784
SNP.37	1.52e-09	0.135438	739491	5.77431453057091e-06	6.04222848837745	0.999743429643883	14.115525231181	1.19816e-05	0.135438	706	0.00604823459847934	4.37792238673669	0.7881398032647	6.77690995654342	20.8924351877244	0.000140425973504627
SNP.38	7.699e-09	0.13442	753735	5.7013830173594e-06	5.77491924737635	0.999746669391887	12.5302143225116	1.58738e-05	0.13442	706	0.00608687242009828	4.31620023158643	0.787074558886727	6.55802936920556	19.0882436917171	2.31151668332586e-05
SNP.39	1.206e-08	0.14664	752967	5.30651415871436e-06	5.69887585983014	0.999764210536063	12.0584785172014	4.60557e-05	0.14664	706	0.00565953264383099	4.0747909515161	0.799018942700001	5.83115151149735	17.8896300286987	6.97181304323875e-06
SNP.4	7.253e-10	0.148676	740621	5.33381854489724e-06	6.16046859200827	0.999762997581467	14.7974692468846	7.44218e-05	0.148676	706	0.00559537963815912	3.96168783772197	0.80084342300328	5.47777498673011	20.2752442336147	7.57538688372218e-05
SNP.40	3.44e-10	0.206122	740244	4.12778428907535e-06	6.27752724444651	0.999816576570812	15.3982034083106	5.7733e-07	0.206122	706	0.00432799936725538	4.99865028844736	0.83867602991903	9.56562093461935	24.9638243429299	0.008234349325221
SNP.41	3.305e-10	0.180244	746376	4.53384759719947e-06	6.28375095894388	0.999798536258165	15.4838350390782	1.73207e-05	0.180244	706	0.00479313744222004	4.29689524056811	0.824383054078441	6.74069436098536	22.2245294000636	0.0005320697997606
SNP.42	1.922e-08	0.138493	753156	5.56414489142911e-06	5.61887935572932	0.999752765811352	11.6294125231217	2.57506e-05	0.138493	706	0.0059357919402963	4.2081183468595	0.791256316941724	6.22256221364701	17.8519747367687	6.71416866746786e-06
SNP.43	1.351e-08	0.13442	753636	5.70213196900013e-06	5.679486135383	0.999746636122012	11.9838531322807	1.58738e-05	0.13442	706	0.00608687242009828	4.31620023158643	0.787074558886727	6.55802936920556	18.5418825014863	1.33849077474618e-05
SNP.44	4.243e-10	0.191446	750459	4.30415306385734e-06	6.24481574147587	0.999808740895316	15.2141917475385	7.22603e-06	0.191446	706	0.00457519887273274	4.48691968119052	0.831018826704154	7.47623776605937	22.6904295135978	0.00084782546652138
SNP.45	2.387e-11	0.212831	733488	4.068872892143e-06	6.68014865174893	0.999819193901551	17.9991161340598	7.27263e-07	0.212831	706	0.00422729382423823	4.95393823453889	0.841836070197103	9.40790002864545	27.4070161627053	0.0947750479135176
SNP.46	1.053e-08	0.162933	743554	4.93046880207352e-06	5.72196339286249	0.999780916061531	12.1538182253446	6.14323e-06	0.162933	706	0.00519273342727616	4.52139889539068	0.812487509009799	7.46790565277225	19.6217238781168	3.94080126092982e-05
SNP.47	1.272e-08	0.150713	743772	5.25200327584783e-06	5.68978422768713	0.999766632105471	12.0015975926105	7.18983e-05	0.150713	706	0.00553299289020382	3.96991492188458	0.802625680680091	5.51345382573724	17.5150514183477	4.79367193654329e-06
SNP.48	6.369e-11	0.221429	730024	3.97283148781166e-06	6.53481080778327	0.999823460883216	17.0271226647512	3.042e-06	0.221429	706	0.00410802030319861	4.66796344855533	0.845609697512717	8.27873235796828	25.3058550227195	0.0115923457011792
SNP.49	1.189e-08	0.13442	753360	5.70422099472946e-06	5.70129595275323	0.999746543323474	12.1081096688418	1.58738e-05	0.13442	706	0.00608687242009828	4.31620023158643	0.787074558886727	6.55802936920556	18.6661390380474	1.51558155241144e-05
SNP.5	2.347e-11	0.212831	733561	4.06846798004827e-06	6.68262475929573	0.999819211891137	18.0156076258041	7.27263e-07	0.212831	706	0.00422729382423823	4.95393823453889	0.841836070197103	9.40790002864545	27.4235076544496	0.0963509889257092
SNP.50	1.269e-10	0.204684	737461	4.16492640054393e-06	6.43084082062707	0.999814926418547	16.3766513679127	3.40338e-07	0.204684	706	0.00435052519585202	5.09961891415414	0.837972435767323	9.98620855256645	26.3628599204791	0.0333597447047612
SNP.51	2.029e-10	0.204684	742459	4.1368894286035e-06	6.35912972565315	0.999816172046547	15.914793430979	7.65418e-07	0.204684	706	0.00435052519585202	4.94398447937759	0.837972435767323	9.33127840069633	25.2460718316754	0.0109196272587766
SNP.52	1.274e-10	0.205703	742920	4.11911964218362e-06	6.43024313310942	0.99981696152512	16.3673221445854	5.903e-07	0.205703	706	0.0043345274285709	4.99436390638925	0.838472004394014	9.54574643668566	25.9130685812711	0.0212755512649184
SNP.53	2.052e-10	0.202648	742954	4.16500636347865e-06	6.35739787773826	0.999814922865954	15.9071448627259	5.135e-07	0.202648	706	0.00438301435945031	5.02119871719917	0.836959713637562	9.64401786412038	25.5511627268463	0.0148151859304235
SNP.54	8.783e-09	0.14664	746148	5.35501006039644e-06	5.75269858668858	0.999762056183606	12.3710953240531	8.91251e-05	0.14664	706	0.00565953264383099	3.91843677431468	0.799018942700001	5.33185474401502	17.7029500680681	5.78457765633799e-06
SNP.55	1.473e-08	0.154786	741200	5.1562769329873e-06	5.6646790278441	0.999770884642189	11.8499757823584	1.47232e-05	0.154786	706	0.0054133604287963	4.33278930341321	0.80606561353997	6.74604263649186	18.5960184188502	1.41294843404725e-05
SNP.56	1.351e-08	0.137475	750215	5.6206797462629e-06	5.679486135383	0.999750254399723	11.9767195351389	5.69211e-06	0.137475	706	0.00597268874765244	4.53751456606577	0.790230954280885	7.35417367812105	19.3308932132599	2.94630959801653e-05
SNP.57	1.554e-10	0.190428	739926	4.38324181865787e-06	6.39997735253529	0.999805227196339	16.2040277436438	1.56443e-06	0.190428	706	0.00459387335115049	4.80282449531778	0.830446046173925	8.69070855555369	24.8947362991975	0.00768466130226322
SNP.58	1.363e-08	0.138493	744839	5.62627508743391e-06	5.6779732785271	0.999750005842154	11.9686239429429	2.57506e-05	0.138493	706	0.0059357919402963	4.2081183468595	0.791256316941724	6.22256221364701	18.1911861565899	9.42561930396811e-06
SNP.59	6.346e-09	0.143585	752473	5.40363175498015e-06	5.80737472648878	0.999759896252323	12.6915320622883	0.000142134	0.143585	706	0.00575933002487985	3.80442494313343	0.796197219827601	4.96663834786515	17.6581704101535	5.53126030809511e-06
SNP.6	7.177e-09	0.14664	751997	5.31335902476297e-06	5.78672952329799	0.999763906463331	12.563525100834	6.09363e-05	0.14664	706	0.00565953264383099	4.00915542721188	0.799018942700001	5.61917415947883	18.1826992603128	9.34596354379135e-06
SNP.60	1.506e-08	0.147658	744322	5.33750478924383e-06	5.66087853318435	0.99976283382606	11.8455980706638	0.000168393	0.147658	706	0.00562722696846962	3.76224791967469	0.799936660134407	4.85679485965447	16.7023929303183	2.12684192155428e-06
SNP.61	1.341e-10	0.203666	740266	4.16455314736408e-06	6.42244807520632	0.999814943001437	16.3226796986933	3.94714e-07	0.203666	706	0.00436668144502354	5.07148952278136	0.8374685219699	9.86140590392153	26.1840856026149	0.027898574849568
SNP.62	6.326e-11	0.205703	731784	4.18180277864924e-06	6.53582464519833	0.999814176635467	17.0591759934535	4.81032e-08	0.205703	706	0.0043345274285709	5.45818290449009	0.838472004394014	11.578240218296	28.6374162117494	0.324376933954314
SNP.7	2.239e-08	0.138493	747816	5.60387730384103e-06	5.59244041768516	0.999751000802538	11.484770696921	2.57506e-05	0.138493	706	0.0059357919402963	4.2081183468595	0.791256316941724	6.22256221364701	17.707332910568	5.80998618925997e-06
SNP.8	4.301e-11	0.212831	731409	4.08043849598814e-06	6.59331935849698	0.999818680060839	17.4243651903337	7.27263e-07	0.212831	706	0.00422729382423823	4.95393823453889	0.841836070197103	9.40790002864545	26.8322652189792	0.0533436648224559
SNP.9	2.92e-11	0.215886	733312	4.02788928653795e-06	6.65054988967655	0.999821014739834	17.7968451246913	1.79314e-06	0.215886	706	0.00418371040862567	4.77544084229201	0.843211069804098	8.68821737306809	26.4850624977594	0.0376959439829356
