snp	pvalues.df1	MAF.df1	N.df1	V.df1	z.df1	r.df1	lABF.df1	pvalues.df2	MAF.df2	N.df2	V.df2	z.df2	r.df2	lABF.df2	internal.sum.lABF	SNP.PP.H4
SNP.1	1.894e-10	0.209497	737422	4.09423327490194e-06	6.36969862032989	0.999818067182244	15.9769029351822	0.00552444	0.209497	497	0.0060748042053214	2.77474856474379	0.787406970082052	2.25702572540074	18.233928660583	0.0121164565418167
SNP.10	1.454e-08	0.152235	743841	5.20834683752738e-06	5.66690488574855	0.999768571489885	11.8675696944803	0.0148927	0.152235	497	0.0077951346478334	2.43497788193802	0.742693513712741	1.52301479951801	13.3905844939983	9.54856224370236e-05
SNP.11	1.305e-10	0.209497	737075	4.09616075710713e-06	6.42658786988464	0.999817981547544	16.341055805289	0.00552444	0.209497	497	0.0060748042053214	2.77474856474379	0.787406970082052	2.25702572540074	18.5980815306898	0.017439145896631
SNP.12	2.18e-10	0.209497	736117	4.1014915971846e-06	6.34809320543085	0.999817744707616	15.8404203101703	0.00552444	0.209497	497	0.0060748042053214	2.77474856474379	0.787406970082052	2.25702572540074	18.097446035571	0.010570656929674
SNP.13	5.711e-10	0.182961	744910	4.49019174597672e-06	6.19820699991687	0.999800475740276	14.9452650051481	0.00329905	0.182961	497	0.00672995721025255	2.93840570225356	0.769758225718785	2.58882137538214	17.5340863805302	0.00601780330546888
SNP.14	9.239e-09	0.150838	747532	5.22202443038459e-06	5.74413876687632	0.999767963878574	12.3094283042427	0.0191106	0.150838	497	0.00785438705532043	2.34336650146593	0.741243760218056	1.35928618910945	13.6687144933521	0.00012610383881205
SNP.15	2.431e-10	0.209497	733794	4.11447584750589e-06	6.33130262786964	0.999817167840489	15.7355610397974	0.00552444	0.209497	497	0.0060748042053214	2.77474856474379	0.787406970082052	2.25702572540074	17.9925867651981	0.00951836107478628
SNP.16	8.934e-09	0.150838	747441	5.22266020527942e-06	5.74981718209228	0.999767935635024	12.3421148488834	0.0191106	0.150838	497	0.00785438705532043	2.34336650146593	0.741243760218056	1.35928618910945	13.7014010379929	0.000130293842899628
SNP.17	2.624e-10	0.209497	737823	4.0920080968535e-06	6.31950644813987	0.999818166043074	15.6582416929368	0.00552444	0.209497	497	0.0060748042053214	2.77474856474379	0.787406970082052	2.25702572540074	17.9152674183375	0.00881014000226881
SNP.18	4.841e-09	0.152235	747131	5.18541182198731e-06	5.85254747321226	0.999769590353196	12.9343840514493	0.0140622	0.152235	497	0.0077951346478334	2.455670570963	0.742693513712741	1.56059533921048	14.4949793906598	0.000288118133678635
SNP.19	9.772e-09	0.150838	748754	5.21350185307091e-06	5.73463944416248	0.99976834248417	12.2541103714359	0.0191106	0.150838	497	0.00785438705532043	2.34336650146593	0.741243760218056	1.35928618910945	13.6133965605454	0.000119317469566512
SNP.2	1.091e-08	0.152235	751986	5.15193357319578e-06	5.71593880155172	0.999771077591993	12.1411747993327	0.0125768	0.152235	497	0.0077951346478334	2.49553315882207	0.742693513712741	1.63388722930394	13.7750620286367	0.000140253741357606
SNP.20	7.474e-09	0.150838	749020	5.2116503784869e-06	5.77991134430351	0.999768424733815	12.514516606423	0.0191106	0.150838	497	0.00785438705532043	2.34336650146593	0.741243760218056	1.35928618910945	13.8738027955325	0.000154809292324389
SNP.21	8.95e-11	0.209497	734400	4.11108073263172e-06	6.48370016833516	0.999817318679335	16.7114604540134	0.00552444	0.209497	497	0.0060748042053214	2.77474856474379	0.787406970082052	2.25702572540074	18.9684861794142	0.025257473501592
SNP.22	9.824e-11	0.208101	738887	4.10627486759228e-06	6.46963488846449	0.99981753219535	16.6198006860931	0.0045182	0.208101	497	0.00610477488549428	2.83951620610706	0.786581963678027	2.3987958790707	19.0185965651638	0.0265553830337884
SNP.23	7.519e-09	0.139665	752596	5.52908061065924e-06	5.77890133912349	0.999754323455767	12.5380006994622	0.0381871	0.139665	497	0.00837256328221268	2.0728407782718	0.728802457843319	0.913257531637948	13.4512582311002	0.000101458456878038
SNP.24	7.695e-09	0.139665	752737	5.52804492307367e-06	5.77500675045392	0.999754369463714	12.5154144903624	0.0381871	0.139665	497	0.00837256328221268	2.0728407782718	0.728802457843319	0.913257531637948	13.4286720220004	9.91925800645827e-05
SNP.25	5.656e-09	0.131285	748042	5.86072835993212e-06	5.82662354524782	0.999739591014506	12.8437220152702	0.063444	0.131285	497	0.00882106833766668	1.85606706122359	0.71836630083724	0.603806546602737	13.447528561873	0.000101080755182608
SNP.26	7.313e-11	0.209497	741800	4.07006968191526e-06	6.51409337004065	0.99981914073013	16.9039733069845	0.00456577	0.209497	497	0.0060748042053214	2.83617304712905	0.787406970082052	2.39271482667743	19.2966881336619	0.0350692278472222
SNP.27	7.297e-09	0.149441	744594	5.28294710856343e-06	5.78394225386238	0.999765257467725	12.5445568351898	0.0113439	0.149441	497	0.00791479017978607	2.53192268824038	0.739771665923038	1.69810422909789	14.2426610642877	0.000223867029221112
SNP.28	1.896e-10	0.206704	741484	4.11229323095156e-06	6.36953673997138	0.99981726481021	15.9780560146665	0.00465928	0.206704	497	0.00613521053130561	2.8296922349705	0.78574592547178	2.37549959135914	18.3535556060256	0.01365617115593
SNP.29	1.908e-10	0.206704	742910	4.10439977124939e-06	6.36856894731152	0.999817615502562	15.9709398439426	0.00465928	0.206704	497	0.00613521053130561	2.8296922349705	0.78574592547178	2.37549959135914	18.3464394353018	0.0135593364652867
SNP.3	9.949e-09	0.141061	747961	5.51723865361393e-06	5.73159602252443	0.999754849506674	12.2647506008654	0.0454394	0.141061	497	0.00830317774767753	2.00056396685586	0.730444117951319	0.806222466816074	13.0709730676815	6.93637404752215e-05
SNP.30	4.766e-09	0.14986	751954	5.21918332121425e-06	5.85514291322719	0.999768090091516	12.9527932248093	0.0110917	0.14986	497	0.00789655085537291	2.53979645326725	0.74021556284643	1.71345314021685	14.6662463650261	0.000341940777472623
SNP.31	2.16e-10	0.206704	742958	4.10413459988167e-06	6.34951130043715	0.999817627283658	15.849741544703	0.00465928	0.206704	497	0.00613521053130561	2.8296922349705	0.78574592547178	2.37549959135914	18.2252411360622	0.0120116504404609
SNP.32	2.561e-10	0.209497	733376	4.11682096229593e-06	6.32326111180445	0.999817063651284	15.6849721708629	0.00615581	0.209497	497	0.0060748042053214	2.73936441256191	0.787406970082052	2.18020936727209	17.865181538135	0.00837974471905261
SNP.33	1.285e-08	0.141061	745249	5.53731617297807e-06	5.68804761202649	0.999753957610734	12.0179592432839	0.0537329	0.141061	497	0.00830317774767753	1.92898358569581	0.730444117951319	0.70349334966457	12.7214525929484	4.8903246491942e-05
SNP.34	1.838e-09	0.209497	730383	4.13369107720845e-06	6.01151279687761	0.999816314143261	13.7646822275962	0.00552444	0.209497	497	0.0060748042053214	2.77474856474379	0.787406970082052	2.25702572540074	16.0217079529969	0.00132623468830089
SNP.35	2.77e-10	0.209497	738075	4.0906109677807e-06	6.31113300573395	0.999818228115124	15.6052008661943	0.00552444	0.209497	497	0.0060748042053214	2.77474856474379	0.787406970082052	2.25702572540074	17.8622265915951	0.00835501957012731
SNP.36	3.209e-10	0.196927	745246	4.24238482807618e-06	6.28832961824804	0.999811485107762	15.4796506881099	0.00199507	0.196927	497	0.0063614091017796	3.09096522173641	0.779587715923844	2.9679885121943	18.4476392003043	0.015003374059071
SNP.37	1.52e-09	0.139665	739491	5.62706503697774e-06	6.04222848837745	0.999749970750839	14.10273212817	0.0381871	0.139665	497	0.00837256328221268	2.0728407782718	0.728802457843319	0.913257531637948	15.0159896598079	0.000485112513953149
SNP.38	7.699e-09	0.138268	753735	5.56746403739853e-06	5.77491924737635	0.999752618366709	12.5184319363411	0.042272	0.138268	497	0.00844344568657662	2.03083239123765	0.727132984086533	0.85006472315248	13.3684966594936	9.33996736624361e-05
SNP.39	1.206e-08	0.149441	752967	5.22420068788363e-06	5.69887585983014	0.999767867200909	12.0507230527307	0.0113439	0.149441	497	0.00791479017978607	2.53192268824038	0.739771665923038	1.69810422909789	13.7488272818286	0.000136622066295005
SNP.4	7.253e-10	0.149441	740621	5.31128704067759e-06	6.16046859200827	0.999763998508044	14.7953721306475	0.0195241	0.149441	497	0.00791479017978607	2.33537000436851	0.739771665923038	1.34424205684532	16.1396141874928	0.00149219785005817
SNP.40	3.44e-10	0.208683	740244	4.09032240533998e-06	6.27752724444651	0.999818240935459	15.3936785464434	0.0074459	0.208683	497	0.00609222659681788	2.67621438244174	0.786927171404835	2.04497413567337	17.4386526821168	0.00547005458243576
SNP.41	3.305e-10	0.182961	746376	4.48137230229203e-06	6.28375095894388	0.999800867559303	15.4780614206874	0.00329905	0.182961	497	0.00672995721025255	2.93840570225356	0.769758225718785	2.58882137538214	18.0668827960696	0.0102524705811112
SNP.42	1.922e-08	0.141061	753156	5.47918271990893e-06	5.61887935572932	0.999756540055183	11.621780308821	0.0537329	0.141061	497	0.00830317774767753	1.92898358569581	0.730444117951319	0.70349334966457	12.3252736584856	3.29063237399702e-05
SNP.43	1.351e-08	0.138268	753636	5.56819539702002e-06	5.679486135383	0.999752585877918	11.972067507598	0.042272	0.138268	497	0.00844344568657662	2.03083239123765	0.727132984086533	0.85006472315248	12.8221322307505	5.40831903150856e-05
SNP.44	4.243e-10	0.195531	750459	4.23563081583112e-06	6.24481574147587	0.999811785173008	15.2062285722122	0.00159517	0.195531	497	0.00639570878554891	3.15678850275709	0.778662332423994	3.12577426749451	18.3320028397067	0.0133649920196354
SNP.45	2.387e-11	0.21648	733488	4.01891781635714e-06	6.68014865174893	0.99982141332928	17.9929900822998	0.00299043	0.21648	497	0.00593124344322769	2.96871994935018	0.791382903984788	2.70371934503424	20.696709427334	0.14221575986684
SNP.46	1.053e-08	0.166201	743554	4.85246584938647e-06	5.72196339286249	0.999784381352566	12.1459031482138	0.0431095	0.166201	497	0.00725969897821873	2.02264753130353	0.756056034587845	0.841143204195635	12.9870463524095	6.377986495138e-05
SNP.47	1.272e-08	0.152235	743772	5.20883001776512e-06	5.68978422768713	0.999768550025147	11.9975024396404	0.0148927	0.152235	497	0.0077951346478334	2.43497788193802	0.742693513712741	1.52301479951801	13.5205172391584	0.000108734423868515
SNP.48	6.369e-11	0.221289	730024	3.97463022229268e-06	6.53481080778327	0.999823380967691	17.0273472466159	0.00153476	0.221289	497	0.0058381799867183	3.16802939840666	0.7939818298333	3.19446824054139	20.2218154871573	0.0884512364800517
SNP.49	1.189e-08	0.138268	753360	5.57023535391921e-06	5.70129595275323	0.999752495258033	12.0963248190605	0.042272	0.138268	497	0.00844344568657662	2.03083239123765	0.727132984086533	0.85006472315248	12.946389542213	6.12387852052161e-05
SNP.5	2.347e-11	0.21648	733561	4.01851787551978e-06	6.68262475929573	0.99982143109808	18.0094816057215	0.00299043	0.21648	497	0.00593124344322769	2.96871994935018	0.791382903984788	2.70371934503424	20.7132009507557	0.144580560387141
SNP.50	1.269e-10	0.209497	737461	4.09401675484498e-06	6.43084082062707	0.999818076801857	16.3681320741897	0.00552444	0.209497	497	0.0060748042053214	2.77474856474379	0.787406970082052	2.25702572540074	18.6251577995904	0.017917783519433
SNP.51	2.029e-10	0.206704	742459	4.10689295174398e-06	6.35912972565315	0.999817504734968	15.9111823484853	0.00465928	0.206704	497	0.00613521053130561	2.8296922349705	0.78574592547178	2.37549959135914	18.2866819398445	0.012772799268244
SNP.52	1.274e-10	0.206704	742920	4.10434452438875e-06	6.43024313310942	0.999817617957082	16.3655393396126	0.00465928	0.206704	497	0.00613521053130561	2.8296922349705	0.78574592547178	2.37549959135914	18.7410389309717	0.0201192052458183
SNP.53	2.052e-10	0.206704	742954	4.10415669618696e-06	6.35739787773826	0.999817626301958	15.8998420889176	0.00465928	0.206704	497	0.00613521053130561	2.8296922349705	0.78574592547178	2.37549959135914	18.2753416802767	0.0126287706138206
SNP.54	8.783e-09	0.150838	746148	5.23171055406468e-06	5.75269858668858	0.999767533584131	12.3595415505869	0.0191106	0.150838	497	0.00785438705532043	2.34336650146593	0.741243760218056	1.35928618910945	13.7188277396963	0.000132584334726227
SNP.55	1.473e-08	0.159218	741200	5.03917016375746e-06	5.6646790278441	0.999776087029858	11.8385751647922	0.00693911	0.159218	497	0.00751515679150308	2.69975238936815	0.749621271556025	2.0394781026365	13.8780532674287	0.000155468705286046
SNP.56	1.351e-08	0.139665	750215	5.54662856815673e-06	5.679486135383	0.999753543930316	11.9701430698352	0.0378541	0.139665	497	0.00837256328221268	2.0764310715761	0.728802457843319	0.918686054256737	12.888829124092	5.7813384571331e-05
SNP.57	1.554e-10	0.192737	739926	4.34311744837314e-06	6.39997735253529	0.999807009810253	16.1994670450309	0.00160832	0.192737	497	0.0064659668432695	3.15439362265202	0.776773657228296	3.11474176673597	19.3142088117668	0.0356890787473309
SNP.58	1.363e-08	0.141061	744839	5.54036421373711e-06	5.6779732785271	0.999753822208928	11.960993688519	0.0537329	0.141061	497	0.00830317774767753	1.92898358569581	0.730444117951319	0.70349334966457	12.6644870381835	4.61953077898905e-05
SNP.59	6.346e-09	0.149441	752473	5.22763038587919e-06	5.80737472648878	0.99976771484067	12.6751112255927	0.0157068	0.149441	497	0.00791479017978607	2.41565814731764	0.739771665923038	1.4853354618256	14.1604466874183	0.000206198207633336
SNP.6	7.177e-09	0.149441	751997	5.23093937788804e-06	5.78672952329799	0.999767567842695	12.5557715625404	0.0157068	0.149441	497	0.00791479017978607	2.41565814731764	0.739771665923038	1.4853354618256	14.041107024366	0.000183002207593824
SNP.60	1.506e-08	0.150838	744322	5.24454519212687e-06	5.66087853318435	0.999766963421277	11.8368814283118	0.0226665	0.150838	497	0.00785438705532043	2.27900950982362	0.741243760218056	1.24903277153689	13.0859141998487	7.04078942848674e-05
SNP.61	1.341e-10	0.208101	740266	4.0986255185172e-06	6.42244807520632	0.999817872042479	16.3147629196912	0.0045182	0.208101	497	0.00610477488549428	2.83951620610706	0.786581963678027	2.3987958790707	18.7135587987619	0.0195738543021201
SNP.62	6.326e-11	0.206704	731784	4.16680281894505e-06	6.53582464519833	0.999814843053046	17.0573938560734	0.00333162	0.206704	497	0.00613521053130561	2.93535898805374	0.78574592547178	2.61482768145936	19.6722215375327	0.0510526498545926
SNP.7	2.239e-08	0.141061	747816	5.5183084349569e-06	5.59244041768516	0.999754801984148	11.4771383579688	0.0537329	0.141061	497	0.00830317774767753	1.92898358569581	0.730444117951319	0.70349334966457	12.1806317076334	2.84748972070595e-05
SNP.8	4.301e-11	0.21648	731409	4.03034142495398e-06	6.59331935849698	0.999820905794926	17.4182379998287	0.00299043	0.21648	497	0.00593124344322769	2.96871994935018	0.791382903984788	2.70371934503424	20.1219573448629	0.080045342681992
SNP.9	2.92e-11	0.21648	733312	4.01988238469323e-06	6.65054988967655	0.999821370474888	17.7958582477131	0.00299043	0.21648	497	0.00593124344322769	2.96871994935018	0.791382903984788	2.70371934503424	20.4995775927474	0.116770854459954
