snp	pvalues.df1	MAF.df1	N.df1	V.df1	z.df1	r.df1	lABF.df1	pvalues.df2	MAF.df2	N.df2	V.df2	z.df2	r.df2	lABF.df2	internal.sum.lABF	SNP.PP.H4
SNP.1	1.894e-10	0.195122	737422	4.31735358890364e-06	6.36969862032989	0.999808154430056	16.0032284595644	0.000837921	0.195122	368	0.00865138999520789	3.33995455609146	0.722279166466127	3.38804967313369	19.3912781326981	0.0391216154253229
SNP.10	1.454e-08	0.148374	743841	5.31965141400662e-06	5.66690488574855	0.999763626933703	11.8780604662362	0.058299	0.148374	368	0.0107526489876253	1.8934428617255	0.676637822399449	0.648424735532948	12.5264852017691	4.08389991534947e-05
SNP.11	1.305e-10	0.195122	737075	4.31938611163925e-06	6.42658786988464	0.999808064130377	16.3673776229046	0.000837921	0.195122	368	0.00865138999520789	3.33995455609146	0.722279166466127	3.38804967313369	19.7554272960383	0.0563073063343024
SNP.12	2.18e-10	0.195122	736117	4.32500746245027e-06	6.34809320543085	0.999807814388522	15.8667468336864	0.000837921	0.195122	368	0.00865138999520789	3.33995455609146	0.722279166466127	3.38804967313369	19.2547965068201	0.0341305716693443
SNP.13	5.711e-10	0.174797	744910	4.65341115973666e-06	6.19820699991687	0.999793224491188	14.9629746540959	0.000389054	0.174797	368	0.00941949050815063	3.54739960375755	0.704898469299021	3.82501875353487	18.7879934076308	0.0213999891142991
SNP.14	9.239e-09	0.142276	747532	5.48101520478906e-06	5.74413876687632	0.999756458651069	12.3334353377847	0.0586286	0.142276	368	0.0111337887447456	1.89096812003505	0.668970129138813	0.643265126952439	12.9767004647371	6.40620887268501e-05
SNP.15	2.431e-10	0.195122	733794	4.33869930557691e-06	6.33130262786964	0.999807206096409	15.7618879748086	0.000837921	0.195122	368	0.00865138999520789	3.33995455609146	0.722279166466127	3.38804967313369	19.1499376479423	0.0307329280176503
SNP.16	8.934e-09	0.142276	747441	5.48168251148435e-06	5.74981718209228	0.999756429007439	12.3661214831226	0.0586286	0.142276	368	0.0111337887447456	1.89096812003505	0.668970129138813	0.643265126952439	13.009386610075	6.61906288507205e-05
SNP.17	2.624e-10	0.195122	737823	4.31500714702104e-06	6.31950644813987	0.999808258676363	15.68457048426	0.000837921	0.195122	368	0.00865138999520789	3.33995455609146	0.722279166466127	3.38804967313369	19.0726201573937	0.0284462733663781
SNP.18	4.841e-09	0.144309	747131	5.41954549502261e-06	5.85254747321226	0.999759189315086	12.9562820652801	0.0456639	0.144309	368	0.0110030175142439	1.99848688862398	0.67158129832437	0.784398033253527	13.7406800985337	0.000137528667080622
SNP.19	9.772e-09	0.142276	748754	5.47206994295373e-06	5.73463944416248	0.999756856024795	12.2781183502399	0.0586286	0.142276	368	0.0111337887447456	1.89096812003505	0.668970129138813	0.643265126952439	12.9213834771924	6.06145984084844e-05
SNP.2	1.091e-08	0.146341	751986	5.32242814879618e-06	5.71593880155172	0.999763503581618	12.1573260440053	0.105134	0.146341	368	0.0108760637334257	1.62045767126735	0.674135817204428	0.32446361193291	12.4817896559382	3.90538686546418e-05
SNP.20	7.474e-09	0.142276	749020	5.47012664290189e-06	5.77991134430351	0.999756942351699	12.5385216615089	0.0586286	0.142276	368	0.0111337887447456	1.89096812003505	0.668970129138813	0.643265126952439	13.1817867884614	7.8644608228565e-05
SNP.21	8.95e-11	0.195122	734400	4.33511916971201e-06	6.48370016833516	0.999807365152236	16.7377778383309	0.000837921	0.195122	368	0.00865138999520789	3.33995455609146	0.722279166466127	3.38804967313369	20.1258275114646	0.0815506677436693
SNP.22	9.824e-11	0.193089	738887	4.34318980724722e-06	6.46963488846449	0.999807006595544	16.6476215403829	0.000952897	0.193089	368	0.00872045241061814	3.304076870793	0.720681420758262	3.29611099407005	19.9437325344529	0.0679742896414236
SNP.23	7.519e-09	0.130081	752596	5.87104508272925e-06	5.77890133912349	0.999739132732478	12.5677450042915	0.0234559	0.130081	368	0.0120068615355481	2.26592623538271	0.652044231168953	1.14609507213177	13.7138400764233	0.000133886491299927
SNP.24	7.695e-09	0.130081	752737	5.86994533958302e-06	5.77500675045392	0.999739181584456	12.5451591858135	0.0234559	0.130081	368	0.0120068615355481	2.26592623538271	0.652044231168953	1.14609507213177	13.6912542579452	0.000130896448695938
SNP.25	5.656e-09	0.121951	748042	6.24223196304038e-06	5.82662354524782	0.999722644415771	12.874957832781	0.0281019	0.121951	368	0.0126887273970018	2.19586091519794	0.639409312708396	1.03154766426199	13.906505497043	0.000162334298786103
SNP.26	7.313e-11	0.195122	741800	4.29187317098477e-06	6.51409337004065	0.999809286459882	16.9302908808086	0.00120064	0.195122	368	0.00865138999520789	3.23872803478424	0.722279166466127	3.14755340707422	20.0778442878828	0.0777300008052803
SNP.27	7.297e-09	0.142276	744594	5.50264205468534e-06	5.78394225386238	0.999755497926787	12.564760828453	0.0336028	0.142276	368	0.0111337887447456	2.12480604763303	0.668970129138813	0.957360085364655	13.5221209138176	0.000110528477039308
SNP.28	1.896e-10	0.193089	741484	4.32797806440527e-06	6.36953673997138	0.999807682412529	16.0034166571462	0.000952897	0.193089	368	0.00872045241061814	3.304076870793	0.720681420758262	3.29611099407005	19.2995276512162	0.035691931574848
SNP.29	1.908e-10	0.193089	742910	4.31967060223644e-06	6.36856894731152	0.999808051491204	15.9963009275461	0.000952897	0.193089	368	0.00872045241061814	3.304076870793	0.720681420758262	3.29611099407005	19.2924119216161	0.0354388589070239
SNP.3	9.949e-09	0.132114	747961	5.83014728273771e-06	5.73159602252443	0.999740949467557	12.2920977185263	0.0210248	0.132114	368	0.0118497901949559	2.30753883251986	0.655025834868243	1.21177677202897	13.5038744905553	0.000108530015497957
SNP.30	4.766e-09	0.142857	751954	5.43030123666425e-06	5.85514291322719	0.999758711512556	12.9724546084088	0.0356118	0.142857	368	0.0110960237394419	2.1013323714603	0.669722112786367	0.924701274061338	13.8971558824701	0.000160823608849579
SNP.31	2.16e-10	0.193089	742958	4.31939152294945e-06	6.34951130043715	0.999808063889967	15.8751038001133	0.000952897	0.193089	368	0.00872045241061814	3.304076870793	0.720681420758262	3.29611099407005	19.1712147941833	0.0313938432831017
SNP.32	2.561e-10	0.199187	733376	4.27416423191867e-06	6.32326111180445	0.999810073224281	15.7035825874439	0.00201151	0.199187	368	0.00851785181453148	3.08852761232865	0.725388725645373	2.81354318234537	18.5171257697893	0.0163221450128253
SNP.33	1.285e-08	0.136179	745249	5.70341145929708e-06	5.68804761202649	0.999746579284592	12.0326134741263	0.0440752	0.136179	368	0.0115501676267111	2.0133749391695	0.660789698502088	0.798747042278483	12.8313605164048	5.53962998109281e-05
SNP.34	1.838e-09	0.195122	730383	4.35896169302476e-06	6.01151279687761	0.999806305893874	13.7910279590687	0.000837921	0.195122	368	0.00865138999520789	3.33995455609146	0.722279166466127	3.38804967313369	17.1790776322024	0.00428223315163087
SNP.35	2.77e-10	0.195122	738075	4.31353387966874e-06	6.31113300573395	0.999808324129808	15.6315302504612	0.000837921	0.195122	368	0.00865138999520789	3.33995455609146	0.722279166466127	3.38804967313369	19.0195799235949	0.0269767916896355
SNP.36	3.209e-10	0.191057	745246	4.34099689525413e-06	6.28832961824804	0.999807104020693	15.4910511015539	0.000856766	0.191057	368	0.00879106133750151	3.33377283194962	0.719055188231482	3.36100601354188	18.8520571150958	0.0228158192200387
SNP.37	1.52e-09	0.130081	739491	5.97508968341968e-06	6.04222848837745	0.999734510961662	14.1324477437708	0.0234559	0.130081	368	0.0120068615355481	2.26592623538271	0.652044231168953	1.14609507213177	15.2785428159025	0.000640145247999696
SNP.38	7.699e-09	0.130081	753735	5.86217310471413e-06	5.77491924737635	0.999739526837069	12.5439974452106	0.0234559	0.130081	368	0.0120068615355481	2.26592623538271	0.652044231168953	1.14609507213177	13.6900925173424	0.000130744469274144
SNP.39	1.206e-08	0.142276	752967	5.44145262417393e-06	5.69887585983014	0.999758216134723	12.0709336283036	0.0336028	0.142276	368	0.0111337887447456	2.12480604763303	0.668970129138813	0.957360085364655	13.0282937136682	6.74540077090968e-05
SNP.4	7.253e-10	0.144309	740621	5.46718287118748e-06	6.16046859200827	0.999757073122421	14.8097018946451	0.0383465	0.144309	368	0.0110030175142439	2.07113159469222	0.67158129832437	0.883669917705519	15.6933718123506	0.000969251473746745
SNP.40	3.44e-10	0.197959	740244	4.25425274075173e-06	6.27752724444651	0.999810957844105	15.4131790669873	0.00239713	0.197959	368	0.00855756811365495	3.03603315960934	0.724461101321952	2.69434590578121	18.1075249727686	0.0108365207285272
SNP.41	3.305e-10	0.174797	746376	4.64427112742027e-06	6.28375095894388	0.999793630547034	15.4957674865485	0.000389054	0.174797	368	0.00941949050815063	3.54739960375755	0.704898469299021	3.82501875353487	19.3207862400834	0.0364588142143744
SNP.42	1.922e-08	0.136179	753156	5.64353425668744e-06	5.61887935572932	0.999749239152033	11.6364386858082	0.0440752	0.136179	368	0.0115501676267111	2.0133749391695	0.660789698502088	0.798747042278483	12.4351857280867	3.7275564800198e-05
SNP.43	1.351e-08	0.130081	753636	5.86294317824746e-06	5.679486135383	0.999739492629407	11.9976401432545	0.0234559	0.130081	368	0.0120068615355481	2.26592623538271	0.652044231168953	1.14609507213177	13.1437352153863	7.57082774635934e-05
SNP.44	4.243e-10	0.189024	750459	4.34628381832192e-06	6.24481574147587	0.999806869137032	15.2190247143001	0.000967286	0.189024	368	0.00886333643482079	3.29987297358968	0.717398164788987	3.27407413160417	18.4930988459043	0.015934647900215
SNP.45	2.387e-11	0.211382	733488	4.08923720102104e-06	6.68014865174893	0.999818289149233	18.0015917040023	0.0471923	0.211382	368	0.00815056091332208	1.98457029492446	0.734081182515016	0.783314329112777	18.7849060331151	0.0213340212194708
SNP.46	1.053e-08	0.154472	743554	5.14848825692358e-06	5.72196339286249	0.999771230647085	12.1752893541323	0.0765318	0.154472	368	0.0104026604276863	1.77117382812149	0.683835279808168	0.496869065780609	12.6721584199129	4.72432933703875e-05
SNP.47	1.272e-08	0.148374	743772	5.32014492001057e-06	5.68978422768713	0.999763605010471	12.0079925613646	0.058299	0.148374	368	0.0107526489876253	1.8934428617255	0.676637822399449	0.648424735532948	12.6564172968975	4.65054533285099e-05
SNP.48	6.369e-11	0.220408	730024	3.98600774924097e-06	6.53481080778327	0.999822875478688	17.0287654246694	0.0967275	0.220408	368	0.00790728619872796	1.66093003114616	0.739954228501367	0.347202826021828	17.3759682506912	0.00521409354468753
SNP.49	1.189e-08	0.130081	753360	5.86509111856443e-06	5.70129595275323	0.999739397215134	12.1218957494424	0.0234559	0.130081	368	0.0120068615355481	2.26592623538271	0.652044231168953	1.14609507213177	13.2679908215742	8.57248806645948e-05
SNP.5	2.347e-11	0.211382	733561	4.08883026238108e-06	6.68262475929573	0.999818307228823	18.0180831828334	0.0471923	0.211382	368	0.00815056091332208	1.98457029492446	0.734081182515016	0.783314329112777	18.8013975119462	0.0216887678874075
SNP.50	1.269e-10	0.195122	737461	4.31712526931798e-06	6.43084082062707	0.9998081645737	16.3944537305464	0.000837921	0.195122	368	0.00865138999520789	3.33995455609146	0.722279166466127	3.38804967313369	19.7825034036801	0.0578527164544749
SNP.51	2.029e-10	0.193089	742459	4.32229454704903e-06	6.35912972565315	0.999807934916214	15.9365438862705	0.000952897	0.193089	368	0.00872045241061814	3.304076870793	0.720681420758262	3.29611099407005	19.2326548803406	0.0333831701765692
SNP.52	1.274e-10	0.193089	742920	4.31961245774441e-06	6.43024313310942	0.999808054074412	16.3908966512347	0.000952897	0.193089	368	0.00872045241061814	3.304076870793	0.720681420758262	3.29611099407005	19.6870076453047	0.0525836192965179
SNP.53	2.052e-10	0.193089	742954	4.31941477817937e-06	6.35739787773826	0.999808062856798	15.9252038640688	0.000952897	0.193089	368	0.00872045241061814	3.304076870793	0.720681420758262	3.29611099407005	19.2213148581389	0.0330067426676744
SNP.54	8.783e-09	0.142276	746148	5.49118172006944e-06	5.75269858668858	0.999756007026208	12.3835476543891	0.0586286	0.142276	368	0.0111337887447456	1.89096812003505	0.668970129138813	0.643265126952439	13.0268127813415	6.73541868207492e-05
SNP.55	1.473e-08	0.152439	741200	5.22116644006705e-06	5.6646790278441	0.999768001993784	11.8561811098571	0.038128	0.152439	368	0.0105161102320046	2.07347602603548	0.681485488202342	0.892912623169507	12.7490937330266	5.10214441422705e-05
SNP.56	1.351e-08	0.132114	750215	5.81263076817149e-06	5.679486135383	0.999741727576625	11.9933680779049	0.0247225	0.132114	368	0.0118497901949559	2.24571139224309	0.655025834868243	1.11957670899181	13.1129447868967	7.34127092809463e-05
SNP.57	1.554e-10	0.195122	739926	4.30274313679544e-06	6.39997735253529	0.999808803534777	16.1948348581647	0.0323167	0.195122	368	0.00865138999520789	2.14047127258236	0.722279166466127	1.01403391809223	17.2088687762569	0.00441172505530829
SNP.58	1.363e-08	0.136179	744839	5.70655092795851e-06	5.6779732785271	0.999746439823382	11.975648274322	0.0440752	0.136179	368	0.0115501676267111	2.0133749391695	0.660789698502088	0.798747042278483	12.7743953166005	5.23288372883471e-05
SNP.59	6.346e-09	0.140244	752473	5.51086253039704e-06	5.80737472648878	0.999755132751082	12.7012742916265	0.064246	0.140244	368	0.0112684110348789	1.85046887540898	0.666303190184461	0.592028145175149	13.2933024368016	8.79224100439967e-05
SNP.6	7.177e-09	0.140244	751997	5.51435080304237e-06	5.78672952329799	0.999754977792683	12.5819359971508	0.064246	0.140244	368	0.0112684110348789	1.85046887540898	0.666303190184461	0.592028145175149	13.1739641423259	7.80317993066087e-05
SNP.60	1.506e-08	0.146341	744322	5.37723116326086e-06	5.66087853318435	0.999761069049942	11.8492765675529	0.105134	0.146341	368	0.0108760637334257	1.62045767126735	0.674135817204428	0.32446361193291	12.1737401794859	2.86998662991148e-05
SNP.61	1.341e-10	0.193089	740266	4.33509912262278e-06	6.42244807520632	0.999807366042874	16.3425873895702	0.000952897	0.193089	368	0.00872045241061814	3.304076870793	0.720681420758262	3.29611099407005	19.6386983836402	0.050103726640157
SNP.62	6.326e-11	0.20122	731784	4.2509771212866e-06	6.53582464519833	0.999811103372176	17.0673120297765	0.0447472	0.20122	368	0.00845325283077064	2.00702313188917	0.726902601255295	0.815070007466334	17.8823820372429	0.00865190080427584
SNP.7	2.239e-08	0.136179	747816	5.68383357220184e-06	5.59244041768516	0.999747448972703	11.491796976085	0.0440752	0.136179	368	0.0115501676267111	2.0133749391695	0.660789698502088	0.798747042278483	12.2905440183635	3.22557493917238e-05
SNP.8	4.301e-11	0.211382	731409	4.10086068957659e-06	6.59331935849698	0.999817772737735	17.4268412244867	0.0471923	0.211382	368	0.00815056091332208	1.98457029492446	0.734081182515016	0.783314329112777	18.2101555535995	0.0120077534181032
SNP.9	2.92e-11	0.213415	733312	4.06172589146451e-06	6.65054988967655	0.999819511431272	17.8009938729685	0.0319035	0.213415	368	0.00809378352424355	2.14561760122541	0.735443525060254	1.02802117760218	18.8290150505707	0.02229610626545
