snp	pvalues.df1	MAF.df1	N.df1	V.df1	z.df1	r.df1	lABF.df1	pvalues.df2	MAF.df2	N.df2	V.df2	z.df2	r.df2	lABF.df2	internal.sum.lABF	SNP.PP.H4
SNP.1	1.894e-10	0.204684	737422	4.16514667079573e-06	6.36969862032989	0.999814916632381	15.9854234582721	0.000538251	0.204684	706	0.00435052519585202	3.4609608913517	0.837972435767323	4.10872738216561	20.0941508404377	0.0242913760177986
SNP.10	1.454e-08	0.150713	743841	5.2515160907827e-06	5.66690488574855	0.999766653748036	11.8716650995645	0.000151551	0.150713	706	0.00553299289020382	3.78851408855267	0.802625680680091	4.94865195815888	16.8203170577234	0.000919695730144613
SNP.11	1.305e-10	0.203061	737075	4.19185954137464e-06	6.42658786988464	0.999813729834533	16.3525130318734	0.000649757	0.203061	706	0.00437636667345427	3.40994618102381	0.837166729914546	3.95966134587188	20.3121743777453	0.0302091521041438
SNP.12	2.18e-10	0.203666	736117	4.18802595264967e-06	6.34809320543085	0.999813900152815	15.8507803121295	0.000705639	0.203666	706	0.00436668144502354	3.38737874922418	0.8374685219699	3.89625530636709	19.7470356184966	0.0171672958369813
SNP.13	5.711e-10	0.180244	744910	4.54277031347055e-06	6.19820699991687	0.999798139852925	14.951039777779	0.000335637	0.180244	706	0.00479313744222004	3.58611810134943	0.824383054078441	4.43115816571128	19.3821979434902	0.0119194139364291
SNP.14	9.239e-09	0.14664	747532	5.34509565683433e-06	5.74413876687632	0.999762496614288	12.3209825195206	9.16719e-05	0.14664	706	0.00565953264383099	3.91163892128792	0.799018942700001	5.31058977222183	17.6315722917425	0.00206998806647713
SNP.15	2.431e-10	0.204684	733794	4.18573985106383e-06	6.33130262786964	0.999814001719527	15.7440820112221	0.000538251	0.204684	706	0.00435052519585202	3.4609608913517	0.837972435767323	4.10872738216561	19.8528093933877	0.0190826576073783
SNP.16	8.934e-09	0.14664	747441	5.34574641549591e-06	5.74981718209228	0.999762467705419	12.3536688744134	9.16719e-05	0.14664	706	0.00565953264383099	3.91163892128792	0.799018942700001	5.31058977222183	17.6642586466352	0.00213876636351536
SNP.17	2.624e-10	0.204684	737823	4.16288295197023e-06	6.31950644813987	0.999815017204878	15.6667632543519	0.000538251	0.204684	706	0.00435052519585202	3.4609608913517	0.837972435767323	4.10872738216561	19.7754906365175	0.0176628080196965
SNP.18	4.841e-09	0.147658	747131	5.31743728976518e-06	5.85254747321226	0.999763725292719	12.9468517776274	8.39566e-05	0.147658	706	0.00562722696846962	3.93281572193117	0.799936660134407	5.38176532934358	18.328617106971	0.00415614373469199
SNP.19	9.772e-09	0.144603	748754	5.39865808376147e-06	5.73463944416248	0.999760117198287	12.2714203335773	6.96905e-05	0.144603	706	0.00572559041763277	3.97733994753816	0.797148958341862	5.50750089997488	17.7789212335522	0.00239861571152432
SNP.2	1.091e-08	0.148676	751986	5.25320687425077e-06	5.71593880155172	0.999766578637176	12.1508323685043	5.96531e-05	0.148676	706	0.00559537963815912	4.0141788613954	0.80084342300328	5.64541610414884	17.7962484726531	0.00244053926024724
SNP.20	7.474e-09	0.14664	749020	5.33447711215279e-06	5.77991134430351	0.999762968325684	12.5260698815432	9.16719e-05	0.14664	706	0.00565953264383099	3.91163892128792	0.799018942700001	5.31058977222183	17.8366596537651	0.00254118422907231
SNP.21	8.95e-11	0.206721	734400	4.15170781293136e-06	6.48370016833516	0.999815513694236	16.7163385244707	0.000360984	0.206721	706	0.00431871702240338	3.56707804054501	0.838966307791842	4.42445200665072	21.1407905311214	0.0691834091459772
SNP.22	9.824e-11	0.203666	738887	4.17232553852838e-06	6.46963488846449	0.99981459768979	16.6277164570786	0.00074497	0.203666	706	0.00436668144502354	3.37247074583172	0.8374685219699	3.85405700143785	20.4817734585165	0.0357927016839842
SNP.23	7.519e-09	0.135438	752596	5.67376603984929e-06	5.77890133912349	0.999747896192807	12.5508059410329	0.000312492	0.135438	706	0.00604823459847934	3.6047180438328	0.7881398032647	4.34462688282198	16.8954328238549	0.000991440219714731
SNP.24	7.695e-09	0.135438	752737	5.6727032503071e-06	5.77500675045392	0.999747943404087	12.5282198972068	0.000312492	0.135438	706	0.00604823459847934	3.6047180438328	0.7881398032647	4.34462688282198	16.8728467800288	0.000969298495689888
SNP.25	5.656e-09	0.129328	748042	5.93604086424976e-06	5.82662354524782	0.999736245546354	12.850047803848	0.000170445	0.129328	706	0.00628952957531886	3.75921840349178	0.781534131745214	4.76164919144303	17.611696995291	0.00202925259574349
SNP.26	7.313e-11	0.202648	741800	4.17148576135335e-06	6.51409337004065	0.999814634999383	16.9161815318741	0.000867858	0.202648	706	0.00438301435945031	3.33019302126045	0.836959713637562	3.73414028820425	20.6503218200784	0.0423637214842312
SNP.27	7.297e-09	0.14664	744594	5.36618619884753e-06	5.78394225386238	0.999761559702941	12.5523098057038	0.000120459	0.14664	706	0.00565953264383099	3.84519013184875	0.799018942700001	5.10466984614913	17.656979651853	0.00212325481703605
SNP.28	1.896e-10	0.204684	741484	4.14232915109635e-06	6.36953673997138	0.99981593037004	15.9816669724808	0.000465515	0.204684	706	0.00435052519585202	3.49985288134445	0.837972435767323	4.2221552890003	20.2038222614811	0.0271070220894519
SNP.29	1.908e-10	0.204684	742910	4.13437803808204e-06	6.36856894731152	0.999816283622883	15.9745508631877	0.000465515	0.204684	706	0.00435052519585202	3.49985288134445	0.837972435767323	4.2221552890003	20.196706152188	0.0269148102689312
SNP.3	9.949e-09	0.136456	747961	5.67301514933072e-06	5.73159602252443	0.999747929548896	12.2785551043682	0.000211375	0.136456	706	0.00601018992083365	3.70501886530489	0.789191515822147	4.63827838737314	16.9168334917414	0.00101288636500129
SNP.30	4.766e-09	0.146939	751954	5.3047089785474e-06	5.85514291322719	0.999764290728469	12.9608531858876	0.000136556	0.146939	706	0.00564999594228701	3.81432438984494	0.799289635640779	5.01151445806641	17.972367643954	0.0029105387295699
SNP.31	2.16e-10	0.202648	742958	4.16498393956579e-06	6.34951130043715	0.999814923862203	15.8570444542732	0.000687958	0.202648	706	0.00438301435945031	3.39433373344596	0.836959713637562	3.91463731899259	19.7716817732658	0.0175956607578554
SNP.32	2.561e-10	0.206721	733376	4.15750476947267e-06	6.32326111180445	0.999815256146843	15.6898520440785	0.000761056	0.206721	706	0.00431871702240338	3.36658327452994	0.838966307791842	3.84130212962211	19.5311541737006	0.0138339362814832
SNP.33	1.285e-08	0.138493	745249	5.62317978266215e-06	5.68804761202649	0.9997501433425	12.0255893142086	0.00035546	0.138493	706	0.0059357919402963	3.57111851279495	0.791256316941724	4.26207728182336	16.287666596032	0.000539904582864056
SNP.34	1.838e-09	0.204684	730383	4.2052878945314e-06	6.01151279687761	0.99981313324151	13.7732091730605	0.000538251	0.204684	706	0.00435052519585202	3.4609608913517	0.837972435767323	4.10872738216561	17.8819365552262	0.00265888564816632
SNP.35	2.77e-10	0.204684	738075	4.16146162418661e-06	6.31113300573395	0.999815080351637	15.6137226160634	0.000538251	0.204684	706	0.00435052519585202	3.4609608913517	0.837972435767323	4.10872738216561	19.722449998229	0.0167503733698554
SNP.36	3.209e-10	0.192464	745246	4.31677040731363e-06	6.28832961824804	0.999808180339294	15.4882746756322	0.000280345	0.192464	706	0.00455673637247713	3.63281593809778	0.83158588272633	4.59670098219191	20.0849756578241	0.0240695175592441
SNP.37	1.52e-09	0.135438	739491	5.77431453057091e-06	6.04222848837745	0.999743429643883	14.115525231181	0.000312492	0.135438	706	0.00604823459847934	3.6047180438328	0.7881398032647	4.34462688282198	18.4601521140029	0.00474040542397862
SNP.38	7.699e-09	0.13442	753735	5.7013830173594e-06	5.77491924737635	0.999746669391887	12.5302143225116	0.000285783	0.13442	706	0.00608687242009828	3.62785741892441	0.787074558886727	4.40607504902447	16.936289371536	0.00103278591427085
SNP.39	1.206e-08	0.14664	752967	5.30651415871436e-06	5.69887585983014	0.999764210536063	12.0584785172014	0.000120459	0.14664	706	0.00565953264383099	3.84519013184875	0.799018942700001	5.10466984614913	17.1631483633505	0.00129578788283398
SNP.4	7.253e-10	0.148676	740621	5.33381854489724e-06	6.16046859200827	0.999762997581467	14.7974692468846	0.000166872	0.148676	706	0.00559537963815912	3.76451597574472	0.80084342300328	4.86777655888223	19.6652458057668	0.0158190728795925
SNP.40	3.44e-10	0.206122	740244	4.12778428907535e-06	6.27752724444651	0.999816576570812	15.3982034083106	0.00086354	0.206122	706	0.00432799936725538	3.33158153319306	0.83867602991903	3.74224490525149	19.1404483135621	0.00935975265220059
SNP.41	3.305e-10	0.180244	746376	4.53384759719947e-06	6.28375095894388	0.999798536258165	15.4838350390782	0.000335637	0.180244	706	0.00479313744222004	3.58611810134943	0.824383054078441	4.43115816571128	19.9149932047895	0.0203069614396064
SNP.42	1.922e-08	0.138493	753156	5.56414489142911e-06	5.61887935572932	0.999752765811352	11.6294125231217	0.00035546	0.138493	706	0.0059357919402963	3.57111851279495	0.791256316941724	4.26207728182336	15.8914898049451	0.000363295166409699
SNP.43	1.351e-08	0.13442	753636	5.70213196900013e-06	5.679486135383	0.999746636122012	11.9838531322807	0.000285783	0.13442	706	0.00608687242009828	3.62785741892441	0.787074558886727	4.40607504902447	16.3899281813052	0.000598037828803525
SNP.44	4.243e-10	0.191446	750459	4.30415306385734e-06	6.24481574147587	0.999808740895316	15.2141917475385	0.000394325	0.191446	706	0.00457519887273274	3.54385302613096	0.831018826704154	4.32935480537774	19.5435465529162	0.014006438313622
SNP.45	2.387e-11	0.212831	733488	4.068872892143e-06	6.68014865174893	0.999819193901551	17.9991161340598	0.00154527	0.212831	706	0.00422729382423823	3.16604478577377	0.841836070197103	3.2971532357725	21.2962693698323	0.0808212495445081
SNP.46	1.053e-08	0.162933	743554	4.93046880207352e-06	5.72196339286249	0.999780916061531	12.1538182253446	0.000419267	0.162933	706	0.00519273342727616	3.52764945275202	0.812487509009799	4.21846857676568	16.3722868021102	0.000587580132007449
SNP.47	1.272e-08	0.150713	743772	5.25200327584783e-06	5.68978422768713	0.999766632105471	12.0015975926105	0.000151551	0.150713	706	0.00553299289020382	3.78851408855267	0.802625680680091	4.94865195815888	16.9502495507694	0.00104730489876107
SNP.48	6.369e-11	0.221429	730024	3.97283148781166e-06	6.53481080778327	0.999823460883216	17.0271226647512	0.00145437	0.221429	706	0.00410802030319861	3.18363754122285	0.845609697512717	3.3512231110723	20.3783457758235	0.0322757549088823
SNP.49	1.189e-08	0.13442	753360	5.70422099472946e-06	5.70129595275323	0.999746543323474	12.1081096688418	0.000285783	0.13442	706	0.00608687242009828	3.62785741892441	0.787074558886727	4.40607504902447	16.5141847178663	0.000677162008195905
SNP.5	2.347e-11	0.212831	733561	4.06846798004827e-06	6.68262475929573	0.999819211891137	18.0156076258041	0.00154527	0.212831	706	0.00422729382423823	3.16604478577377	0.841836070197103	3.2971532357725	21.3127608615766	0.0821651636296791
SNP.50	1.269e-10	0.204684	737461	4.16492640054393e-06	6.43084082062707	0.999814926418547	16.3766513679127	0.000538251	0.204684	706	0.00435052519585202	3.4609608913517	0.837972435767323	4.10872738216561	20.4853787500783	0.0359219777081903
SNP.51	2.029e-10	0.204684	742459	4.1368894286035e-06	6.35912972565315	0.999816172046547	15.914793430979	0.000465515	0.204684	706	0.00435052519585202	3.49985288134445	0.837972435767323	4.2221552890003	20.1369487199793	0.0253535629513654
SNP.52	1.274e-10	0.205703	742920	4.11911964218362e-06	6.43024313310942	0.99981696152512	16.3673221445854	0.000506699	0.205703	706	0.0043345274285709	3.47718979506111	0.838472004394014	4.15738074182629	20.5247028864117	0.0373627207881056
SNP.53	2.052e-10	0.202648	742954	4.16500636347865e-06	6.35739787773826	0.999814922865954	15.9071448627259	0.000687958	0.202648	706	0.00438301435945031	3.39433373344596	0.836959713637562	3.91463731899259	19.8217821817185	0.0184996670060596
SNP.54	8.783e-09	0.14664	746148	5.35501006039644e-06	5.75269858668858	0.999762056183606	12.3710953240531	9.16719e-05	0.14664	706	0.00565953264383099	3.91163892128792	0.799018942700001	5.31058977222183	17.6816850962749	0.00217636411402051
SNP.55	1.473e-08	0.154786	741200	5.1562769329873e-06	5.6646790278441	0.999770884642189	11.8499757823584	0.000171629	0.154786	706	0.0054133604287963	3.75748595016614	0.80606561353997	4.87018186161586	16.7201576439742	0.000832042460261912
SNP.56	1.351e-08	0.137475	750215	5.6206797462629e-06	5.679486135383	0.999750254399723	11.9767195351389	0.000150074	0.137475	706	0.00597268874765244	3.79094696557233	0.790230954280885	4.89744065014584	16.8741601852847	0.000970572413830958
SNP.57	1.554e-10	0.190428	739926	4.38324181865787e-06	6.39997735253529	0.999805227196339	16.2040277436438	0.0025835	0.190428	706	0.00459387335115049	3.01338609928926	0.830446046173925	2.88313886473062	19.0871666083744	0.0088741021043785
SNP.58	1.363e-08	0.138493	744839	5.62627508743391e-06	5.6779732785271	0.999750005842154	11.9686239429429	0.00035546	0.138493	706	0.0059357919402963	3.57111851279495	0.791256316941724	4.26207728182336	16.2307012247662	0.00051000832763425
SNP.59	6.346e-09	0.143585	752473	5.40363175498015e-06	5.80737472648878	0.999759896252323	12.6915320622883	0.000104433	0.143585	706	0.00575933002487985	3.88005464423191	0.796197219827601	5.19800326539874	17.8895353276871	0.00267916687382721
SNP.6	7.177e-09	0.14664	751997	5.31335902476297e-06	5.78672952329799	0.999763906463331	12.563525100834	9.61809e-05	0.14664	706	0.00565953264383099	3.90002967126246	0.799018942700001	5.27435921157185	17.8378843124058	0.00254429821869425
SNP.60	1.506e-08	0.147658	744322	5.33750478924383e-06	5.66087853318435	0.99976283382606	11.8455980706638	8.43178e-05	0.147658	706	0.00562722696846962	3.93178402688455	0.799936660134407	5.37852003886746	17.2241181095313	0.00137724986598241
SNP.61	1.341e-10	0.203666	740266	4.16455314736408e-06	6.42244807520632	0.999814943001437	16.3226796986933	0.00074497	0.203666	706	0.00436668144502354	3.37247074583172	0.8374685219699	3.85405700143785	20.1767367001312	0.026382667241819
SNP.62	6.326e-11	0.205703	731784	4.18180277864924e-06	6.53582464519833	0.999814176635467	17.0591759934535	0.00591615	0.205703	706	0.0043345274285709	2.75239286775955	0.838472004394014	2.26445373483785	19.3236297282913	0.011241365005051
SNP.7	2.239e-08	0.138493	747816	5.60387730384103e-06	5.59244041768516	0.999751000802538	11.484770696921	0.00035546	0.138493	706	0.0059357919402963	3.57111851279495	0.791256316941724	4.26207728182336	15.7468479787444	0.000314370997215548
SNP.8	4.301e-11	0.212831	731409	4.08043849598814e-06	6.59331935849698	0.999818680060839	17.4243651903337	0.00154527	0.212831	706	0.00422729382423823	3.16604478577377	0.841836070197103	3.2971532357725	20.7215184261062	0.0454898387407662
SNP.9	2.92e-11	0.215886	733312	4.02788928653795e-06	6.65054988967655	0.999821014739834	17.7968451246913	0.00103345	0.215886	706	0.00418371040862567	3.2812584511393	0.843211069804098	3.61285480746258	21.4096999321539	0.0905290218465456
