Var1	Freq.x	sentinel	Freq.y	start	end	width	chr	clustering
1	1	rs10057188	121	77821975	77913661	91687	5	1319.70726493396
100	1	rs67330701	1	69079707	69079707	1	11	1e+06
101	2	rs6911827	14	22109189	22136262	27074	6	517.101277978873
102	2	rs7125196	7	61272565	61278918	6354	11	1101.66824047844
103	3	rs7137828	13	111826477	112083162	256686	12	50.6455357908106
106	1	rs7236548	12	43092068	43099143	7076	18	1695.87337478802
107	3	rs72765298	14	127900996	127988241	87246	9	160.465809320771
108	1	rs72812846	69	173301427	173392398	90972	5	758.475135206437
109	1	rs740698	9	60760456	60771108	10653	17	844.832441565756
11	1	rs113144535	1	16286396	16286396	1	11	1e+06
110	1	rs74181299	23	65276452	65298282	21831	2	1053.54770738858
111	1	rs743757	67	50424182	50537682	113501	3	590.303169135074
112	1	rs7500448	1	83045790	83045790	1	16	1e+06
113	2	rs7592578	51	191287683	191471395	183713	2	277.60691948855
114	1	rs76206723	51	40394497	40477363	82867	7	615.444024762571
116	1	rs77431689	5	7253184	7257990	4807	19	1040.14978156855
119	1	rs79146658	7	179721046	179799576	78531	2	89.1367740128102
12	1	rs11413924	9	54434813	54445218	10406	12	864.885642898328
120	1	rs79253921	114	120393617	120475358	81742	8	1394.63189058256
122	1	rs7973748	90	20154121	20210632	56512	12	1592.58210645527
123	4	rs80335285	8	44967530	45244074	276545	17	28.9283841689418
124	1	rs8258	3	117256384	117283676	27293	11	109.918294068076
127	1	rs9337951	1	30317073	30317073	1	10	1e+06
128	1	rs9349379	1	12903957	12903957	1	6	1e+06
129	1	rs9372498	17	118567764	118612943	45180	6	376.272687029659
13	1	rs11431123	30	89941549	90091782	150234	12	199.688485961899
130	1	rs953492	24	243458922	243501763	42842	1	560.197936604267
132	1	rs9687065	38	148347543	148406386	58844	5	645.775270205968
133	2	rs9827472	31	56567175	56733738	166564	3	186.114646622319
134	1	rs9859176	24	133882270	134000025	117756	3	203.811270763273
135	1	rs9888615	8	53322999	53377540	54542	14	146.675956143889
14	6	rs11636952	20	75065644	75140854	75211	15	265.918549148396
15	2	rs11643209	308	75312548	75491327	178780	16	1722.78778386844
16	1	rs11690961	2	46357133	46363336	6204	2	322.372662798195
18	1	rs1216743	9	100550330	100610546	60217	11	149.459454971188
19	1	rs12408022	9	217716862	217724264	7403	1	1215.72335539646
20	1	rs12476527	17	26911509	26932796	21288	2	798.571965426531
21	1	rs1250259	15	216287093	216306635	19543	2	767.538248989408
22	1	rs12628032	26	19960184	19989612	29429	22	883.482279384281
23	1	rs12693302	7	183210447	183213987	3541	2	1976.84269980232
26	1	rs12917707	33	20352863	20367690	14828	16	2225.51928783383
27	2	rs12921187	20	4922201	4952598	30398	16	657.938022238305
29	1	rs13107325	4	103146888	103198082	51195	4	78.1326301396621
3	1	rs1063281	13	218667372	218683154	15783	2	823.671038459102
31	1	rs13139571	19	156614184	156677592	63409	4	299.642006655207
32	1	rs13205180	8	51832494	51840315	7822	6	1022.75632830478
34	2	rs13238550	24	131015852	131192213	176362	7	136.083736859414
35	1	rs13420463	9	37498688	37559743	61056	2	147.405660377358
37	2	rs139385870	56	1678911	1832825	153915	1	363.83718286067
39	1	rs1421811	9	32699586	32716474	16889	5	532.891230978743
41	1	rs1438896	11	145634153	145728994	94842	2	115.982370679657
43	1	rs151225441	31	63424211	63552598	128388	10	241.455587749634
44	1	rs1530440	23	63501848	63549345	47498	10	484.230914985894
45	1	rs1566497	27	169682578	169717148	34571	4	781.001417372943
46	1	rs167479	1	11526765	11526765	1	19	1e+06
47	1	rs1794519	38	32577633	32679326	101694	6	373.670029696934
48	5	rs1799945	8	26091179	26128410	37232	6	214.868929952729
49	1	rs1801131	3	11841945	11854476	12532	1	239.38716884775
5	3	rs10922502	41	89151598	89440896	289299	1	141.721886352874
50	1	rs1848797	2	64552934	64564892	11959	10	167.238063383226
53	1	rs2118181	56	48699486	48939888	240403	15	232.942184581723
55	1	rs2289125	2	89224453	89224718	266	11	7518.7969924812
56	1	rs2421647	33	169091569	169173670	82102	3	401.939051423839
57	2	rs2521501	15	91418297	91439417	21121	15	710.193646134179
58	4	rs2579519	77	96407037	96803904	396868	2	194.019170101898
59	1	rs2760061	16	228191075	228212159	21085	1	758.833293810766
60	1	rs2773469	5	115789375	115805056	15682	10	318.836883050631
62	1	rs284278	8	10789634	10798489	8856	1	903.342366757001
63	1	rs2901761	16	95892659	95903188	10530	10	1519.46818613485
64	1	rs35199222	34	80987012	81052947	65936	15	515.651540888134
66	1	rs36083386	165	152308973	152405910	96938	6	1702.11888010894
67	1	rs365990	3	23861811	23865885	4075	14	736.196319018405
68	1	rs3774372	739	41750260	42065005	314746	3	2347.92499348681
69	2	rs3820068	15	15790974	15812665	21692	1	691.499170200996
7	7	rs11191548	142	104591393	104960464	369072	10	384.748775306715
70	4	rs3824869	29	47377283	47462140	84858	11	341.747389757006
72	1	rs3918226	1	150690176	150690176	1	7	1e+06
73	1	rs42377	6	92243672	92283098	39427	7	152.179978187536
74	1	rs4308	10	61545779	61559625	13847	17	722.178089116776
75	1	rs4360494	8	38434306	38461821	27516	1	290.739933129815
77	1	rs4454254	12	141047828	141065441	17614	8	681.276257522425
78	1	rs449789	41	159668662	159734491	65830	6	622.816345131399
79	4	rs55701159	35	25134011	25288146	154136	2	227.072195982768
81	4	rs55892892	17	11827796	11905974	78179	1	217.449698768211
82	2	rs56153133	34	11858036	11895795	37760	1	900.423728813559
83	4	rs59476975	259	47749708	48170802	421095	3	615.063109274629
84	1	rs6026739	85	57701709	57767727	66019	20	1287.5081415956
85	1	rs6081613	27	19455985	19479796	23812	20	1133.88207626407
86	1	rs60991988	4	54799245	54801549	2305	4	1735.3579175705
87	1	rs6108168	33	8616641	8635551	18911	20	1745.01612817937
88	5	rs61818802	69	113060432	113247563	187132	1	368.723681679242
89	1	rs62012628	3	79066653	79070000	3348	15	896.057347670251
9	1	rs11222084	3	130268147	130280725	12579	11	238.492725971858
90	1	rs62434120	29	150975312	151008874	33563	6	864.046718112207
91	3	rs6271	2	136522274	136535677	13404	9	149.209191286183
92	1	rs6442105	47	48172687	48204768	32082	3	1464.99594788355
93	2	rs6454092	145	79480458	79822924	342467	6	423.39845882961
94	1	rs6482423	19	18698640	18725053	26414	10	719.315514499886
96	1	rs6595838	18	127803816	127868199	64384	5	279.572564612326
97	1	rs661348	1	1905292	1905292	1	11	1e+06
98	3	rs6668533	104	113064468	113228623	164156	1	633.543702331928
99	3	rs66887589	70	120257739	120574874	317136	4	220.725493163816
