snp	pvalues.df1	MAF.df1	N.df1	V.df1	z.df1	r.df1	lABF.df1	pvalues.df2	MAF.df2	N.df2	V.df2	z.df2	r.df2	lABF.df2	internal.sum.lABF	SNP.PP.H4
SNP.1	1.247e-13	0.184282	703952	4.72502373547067e-06	7.4116899764497	0.999790043036274	23.2265033635454	0.0129131	0.184282	670	0.00496446255019709	2.48615695308718	0.819240498840147	1.67655916567416	24.9030625292196	0.000591377759588914
SNP.10	1.419e-13	0.216802	708453	4.15646479707739e-06	7.39453872298914	0.999815302350764	23.0361567036147	0.00156565	0.216802	670	0.00439501485803562	3.1622315814553	0.836586263988529	3.2770744005776	26.3132311041923	0.00242266529655091
SNP.11	2.721e-13	0.204607	708200	4.33822257175179e-06	7.30752880915818	0.99980722727641	22.4178422883305	0.0008176	0.204607	670	0.00458556600793227	3.3467666619952	0.830700750112095	3.76423232945107	26.1820746177815	0.00212487251984256
SNP.12	1.426e-15	0.219346	728130	4.01026222137266e-06	7.9831892634025	0.999821797885148	27.5436807928959	0.00203901	0.219346	670	0.00435819736007175	3.08449067773623	0.837733065192574	3.07587457154009	30.619555364436	0.179682707003599
SNP.13	1.178e-15	0.218157	728076	4.02628565734405e-06	8.00672867134885	0.999821085986737	27.7338145048108	0.00177547	0.218157	670	0.00437528650187526	3.12542721721099	0.837200377321746	3.1813926797652	30.915207184576	0.241493939299406
SNP.14	1.903e-15	0.218157	722903	4.05509723470012e-06	7.94750846995042	0.99981980593199	27.2650165847125	0.00177547	0.218157	670	0.00437528650187526	3.12542721721099	0.837200377321746	3.1813926797652	30.4464092644777	0.151115803972301
SNP.2	8.351e-14	0.210027	712690	4.22845742489747e-06	7.46466784767459	0.999812103870484	23.5655875077429	0.000965849	0.210027	670	0.00449787958529877	3.30029019545033	0.833398783371565	3.64257838742396	27.2081658951669	0.00592868886950878
SNP.3	1.382e-15	0.216802	722906	4.07336493940273e-06	7.98705539653342	0.999818994327234	27.5822624083568	0.00181369	0.216802	670	0.00439501485803562	3.11915747381313	0.836586263988529	3.16389882381951	30.7461612321764	0.203934410361268
SNP.4	3.011e-15	0.216802	721264	4.08263819473018e-06	7.89044951673926	0.99981858233191	26.8165950159905	0.00181369	0.216802	670	0.00439501485803562	3.11915747381313	0.836586263988529	3.16389882381951	29.98049383981	0.0948342880295514
SNP.5	1.789e-15	0.197832	725966	4.34002117310729e-06	7.95516011080878	0.999807147369395	27.3593917798081	0.00318422	0.197832	670	0.00470254897157613	2.94937048977909	0.827128370341698	2.7199034698277	30.0792952496358	0.104682550465776
SNP.6	1.386e-13	0.253388	712350	3.7101850077776e-06	7.39766496636646	0.999835130075118	23.0030353226343	0.0009506	0.253388	670	0.00394470192580653	3.30475339943131	0.850832051846384	3.69479525214863	26.697830574783	0.00355895786306998
SNP.7	3.308e-14	0.204607	706459	4.34891370244362e-06	7.58565954070753	0.99980675229845	24.4897864997393	0.00239617	0.204607	670	0.00458556600793227	3.03615393123384	0.830700750112095	2.94075186590657	27.4305383656459	0.00740514891648534
SNP.8	4.894e-13	0.197011	709317	4.45583975880969e-06	7.22821043244091	0.999802001888402	21.854714089226	0.00626318	0.197011	670	0.00471731774656659	2.73367516266928	0.82667955047989	2.21257328590532	24.0672873751313	0.000256384903920086
SNP.9	1.755e-13	0.216802	706984	4.16510126803983e-06	7.36624588055106	0.999814918649535	22.8284102346189	0.00156565	0.216802	670	0.00439501485803562	3.1622315814553	0.836586263988529	3.2770744005776	26.1054846351965	0.0019682047391297
