snp	pvalues.df1	MAF.df1	N.df1	V.df1	z.df1	r.df1	lABF.df1	pvalues.df2	MAF.df2	N.df2	V.df2	z.df2	r.df2	lABF.df2	internal.sum.lABF	SNP.PP.H4
SNP.1	1.247e-13	0.197128	703952	4.48778796143445e-06	7.4116899764497	0.999800582532528	23.2010417867885	7.70546e-05	0.197128	515	0.00613434429325767	3.95338098220312	0.785769695634271	5.37013236190284	28.5711741486913	0.00152270159951454
SNP.10	1.419e-13	0.225849	708453	4.03659436462786e-06	7.39453872298914	0.999820627986108	23.0216731940789	0.00199498	0.225849	515	0.00555288813088097	3.09097861697677	0.802056454758814	3.02159665464306	26.043269848722	0.000121551386110733
SNP.11	2.721e-13	0.210183	708200	4.25294746541517e-06	7.30752880915818	0.999811015834414	22.4080191100715	0.000220714	0.210183	515	0.00584842212622723	3.69404582489085	0.793694968270688	4.62617093685376	27.0341900469252	0.000327424437258682
SNP.12	1.426e-15	0.223097	728130	3.96187300612299e-06	7.9831892634025	0.999823947755134	27.5376805069107	0.000109095	0.223097	515	0.00560147299407443	3.869419038932	0.800669772888575	5.18757933613987	32.7252598430506	0.0969865025322805
SNP.13	1.178e-15	0.221932	728076	3.97700198534342e-06	8.00672867134885	0.999823275593243	27.7277277789269	0.000105798	0.221932	515	0.00562244601452601	3.87689497268671	0.800072653295454	5.20777123018784	32.9354990091147	0.119678739956645
SNP.14	1.903e-15	0.221932	722903	4.00546089514208e-06	7.94750846995042	0.999822011201424	27.2589293269366	0.000105798	0.221932	515	0.00562244601452601	3.87689497268671	0.800072653295454	5.20777123018784	32.4667005571244	0.0748894131254724
SNP.2	8.351e-14	0.219321	712690	4.09747794563284e-06	7.46466784767459	0.999817923027144	23.5500197420691	0.000937771	0.219321	515	0.00567035253800596	3.30855996561013	0.798712049117745	3.57006889446039	27.1200886365294	0.000356793039408209
SNP.3	1.382e-15	0.221932	722906	4.00544427281126e-06	7.98705539653342	0.999822011939931	27.5739527085986	0.000105798	0.221932	515	0.00562244601452601	3.87689497268671	0.800072653295454	5.20777123018784	32.7817239387864	0.102620315032749
SNP.4	3.011e-15	0.221932	721264	4.01456290273866e-06	7.89044951673926	0.999821606811908	26.8082832191453	0.000105798	0.221932	515	0.00562244601452601	3.87689497268671	0.800072653295454	5.20777123018784	32.0160544493332	0.0477207553526098
SNP.5	1.789e-15	0.207572	725966	4.1872138366051e-06	7.95516011080878	0.99981393623343	27.3416881553581	7.88158e-06	0.207572	515	0.00590247549534924	4.46837567159704	0.792184470106638	7.12297629851716	34.4646644538753	0.55223651874467
SNP.6	1.386e-13	0.249347	712350	3.75001671647158e-06	7.39766496636646	0.999833360363776	23.0083252910081	0.00046617	0.249347	515	0.00518703768539521	3.49947804091522	0.812654652898048	4.13862446133716	27.1469497523453	0.00036650677540872
SNP.7	3.308e-14	0.211488	706459	4.24413319325575e-06	7.58565954070753	0.999811407431943	24.4777285180416	0.000263531	0.211488	515	0.00582195357587236	3.64873867671245	0.794436723431673	4.49728411565447	28.9750126336961	0.00228034012692222
SNP.8	4.894e-13	0.208115	709317	4.27724508402087e-06	7.22821043244091	0.999809936349546	21.8344721278164	3.1234e-05	0.208115	515	0.0058911119441989	4.1642775345397	0.792501542180611	6.08515111204583	27.9196232398623	0.000793688046465197
SNP.9	1.755e-13	0.225849	706984	4.04498176394897e-06	7.36624588055106	0.999820255346662	22.8139259186729	0.00199498	0.225849	515	0.00555288813088097	3.09097861697677	0.802056454758814	3.02159665464306	25.8355225733159	9.87498444822775e-05
