snp	pvalues.df1	MAF.df1	N.df1	V.df1	z.df1	r.df1	lABF.df1	pvalues.df2	MAF.df2	N.df2	V.df2	z.df2	r.df2	lABF.df2	internal.sum.lABF	SNP.PP.H4
SNP.1	1.018e-22	0.20028	745023	4.19010382194764e-06	9.81016694554203	0.999813807837446	43.8163625982014	6.72471e-09	0.20028	497	0.00628113424494748	5.79765878383348	0.781762101816744	12.3775403379126	56.193902936114	0.000405949856360932
SNP.10	1.243e-23	0.192737	750698	4.28079670001111e-06	10.0201612355102	0.999809778559969	45.9086052858594	3.97345e-09	0.192737	497	0.0064659668432695	5.8852948407279	0.776773657228296	12.7026517493032	58.6112570351626	0.00455319172716873
SNP.11	6.09e-24	0.188202	752385	4.34968357264608e-06	10.0904334569192	0.999806718095221	46.622903603038	5.07296e-10	0.188202	497	0.00658478204186181	6.21683088193689	0.773600433643122	14.2067093237225	60.8296129267605	0.041853873823768
SNP.12	6.644e-24	0.188547	752499	4.34291250939146e-06	10.0818836868222	0.999807018915137	46.5359224261961	5.55527e-10	0.188547	497	0.00657552780765506	6.20255800209508	0.773846657190386	14.1423371905872	60.6782596167833	0.0359752444289278
SNP.13	9.066e-24	0.191341	749054	4.31403250470356e-06	10.0513036920294	0.999808301977191	46.2248748421409	4.23501e-09	0.191341	497	0.00650189799552962	5.87474254577781	0.77581129357355	12.6399988460258	58.8648736881667	0.005867596637356
SNP.14	4.62e-24	0.188547	752321	4.34394004740605e-06	10.1175142151191	0.999806973264407	46.8958265169923	5.55527e-10	0.188547	497	0.00657552780765506	6.20255800209508	0.773846657190386	14.1423371905872	61.0381637075795	0.051559430774883
SNP.15	6.43e-24	0.191341	752051	4.29684064482093e-06	10.0850995093291	0.999809065767518	46.5631154085665	4.23501e-09	0.191341	497	0.00650189799552962	5.87474254577781	0.77581129357355	12.6399988460258	59.2031142545923	0.00822917432783458
SNP.16	4.56e-24	0.188547	752267	4.34425186855806e-06	10.1187938918484	0.999806959411039	46.9088071580476	5.55527e-10	0.188547	497	0.00657552780765506	6.20255800209508	0.773846657190386	14.1423371905872	61.0511443486347	0.0522330679008556
SNP.17	6.264e-24	0.187324	752330	4.36566861889161e-06	10.087667894368	0.999806007923832	46.5968047333605	9.58476e-10	0.187324	497	0.00660849793169159	6.11617577684129	0.772970149569392	13.7161445686882	60.3129493020487	0.0249661456320383
SNP.18	1.196e-23	0.190476	753375	4.30416398008624e-06	10.0239700639699	0.999808740410336	45.9494395699685	3.68549e-09	0.190476	497	0.00652444575150396	5.89772434151423	0.775208601488424	12.7358082547001	58.6852478246686	0.00490286268054924
SNP.19	2.387e-23	0.191341	752918	4.29189274765409e-06	9.95546680165618	0.999809285590139	45.2638418984438	4.23501e-09	0.191341	497	0.00650189799552962	5.87474254577781	0.77581129357355	12.6399988460258	57.9038407444697	0.00224434153403563
SNP.2	2.026e-23	0.191341	753410	4.28909000912946e-06	9.97176307248136	0.999809410108803	45.4258603305936	4.23501e-09	0.191341	497	0.00650189799552962	5.87474254577781	0.77581129357355	12.6399988460258	58.0658591766194	0.00263908062129877
SNP.20	2.952e-24	0.191341	752478	4.29440236628609e-06	10.1612718956881	0.999809174094086	47.3337972271713	4.23501e-09	0.191341	497	0.00650189799552962	5.87474254577781	0.77581129357355	12.6399988460258	59.9737960731971	0.0177852151673356
SNP.21	1.43e-23	0.192737	751080	4.27861948275143e-06	10.0063007006532	0.99980987528838	45.769593475314	5.1867e-09	0.192737	497	0.0064659668432695	5.84106872709481	0.776773657228296	12.5012298783306	58.2708233536446	0.00323942156330738
SNP.22	8.941e-25	0.22905	748395	3.78340312406289e-06	10.2770637978725	0.999831877020131	48.4547343312746	1.03264e-09	0.22905	497	0.00569714281897998	6.10428173106542	0.797953187826352	14.0671398293513	62.521874160626	0.2273397491862
SNP.23	4.849e-23	0.191341	745333	4.33556987786429e-06	9.88472734596361	0.99980734512848	44.5672003066912	4.23501e-09	0.191341	497	0.00650189799552962	5.87474254577781	0.77581129357355	12.6399988460258	57.2071991527171	0.00111825628431886
SNP.24	4.298e-23	0.190476	745348	4.35051752805061e-06	9.89680181072794	0.999806681044864	44.6882910069848	5.15175e-09	0.190476	497	0.00652444575150396	5.84219484156555	0.775208601488424	12.4831244211611	57.1714154281459	0.00107894839508938
SNP.25	6.012e-25	0.222689	747479	3.86435868041049e-06	10.3152573901534	0.999828280218063	48.858308338539	7.1792e-10	0.222689	497	0.00581192547701117	6.1620878528643	0.794718113336009	14.2965649667591	63.1548733052981	0.428137641287716
SNP.3	1.301e-21	0.21648	744933	3.95717197557923e-06	9.54967801635023	0.999824156616308	41.2671985583411	6.93762e-08	0.21648	497	0.00593124344322769	5.39277915370773	0.791382903984788	10.723897926531	51.9910964848721	6.07039206886686e-06
SNP.4	3.347e-24	0.208807	751208	4.02886124126468e-06	10.1490221869755	0.999820971557311	47.1781225402077	4.87974e-09	0.208807	497	0.00608956296846672	5.85122212715868	0.787000487724024	12.698956597587	59.8770791377947	0.0161456484601941
SNP.5	1.142e-24	0.222067	749495	3.86166898523041e-06	10.2534443548184	0.999828399719033	48.2223687653268	1.0292e-08	0.222067	497	0.00582354445892407	5.72584526139953	0.794392101335706	12.2313010876051	60.4536698529319	0.0287386033463539
SNP.6	2.014e-23	0.191341	749563	4.31110300772346e-06	9.97235297975032	0.99980843212716	45.4342522799323	4.23501e-09	0.191341	497	0.00650189799552962	5.87474254577781	0.77581129357355	12.6399988460258	58.0742511259581	0.00266132084105042
SNP.7	1.867e-23	0.188547	752319	4.34395159553935e-06	9.97987597617678	0.999806972751355	45.5130100960991	3.34495e-09	0.188547	497	0.00657552780765506	5.91370586133551	0.773846657190386	12.7881795376716	58.3011896337707	0.00333929953237568
SNP.8	8.064e-24	0.190476	753448	4.30374695864541e-06	10.0628374916846	0.999808758937533	46.3396786809792	3.25799e-09	0.190476	497	0.00652444575150396	5.91804088040035	0.775208601488424	12.8288547809327	59.1685334619119	0.00794946707866987
SNP.9	7.491e-24	0.187675	751605	4.36359162976849e-06	10.0700893510536	0.999806100198657	46.4194338895296	6.85639e-10	0.187675	497	0.00659898850481317	6.16936704661705	0.773222752958521	13.9729567838993	60.3923906734289	0.0270303985202409
