snp	pvalues.df1	MAF.df1	N.df1	V.df1	z.df1	r.df1	lABF.df1	pvalues.df2	MAF.df2	N.df2	V.df2	z.df2	r.df2	lABF.df2	internal.sum.lABF	SNP.PP.H4
SNP.1	2.267e-81	0.328255	704092	3.22051111190857e-06	19.1056243041219	0.999856886657165	178.060383242521	1.17286e-07	0.328255	532	0.00426228592068783	5.29767574772219	0.840735356713569	10.879179707674	188.939562950195	2.76875069689673e-05
SNP.10	1.248e-82	0.281944	709796	3.47948753013368e-06	19.256381934364	0.999845380020807	180.988185320151	2.01056e-10	0.281944	532	0.00464234272732851	6.36053212432204	0.828963079054546	15.8854801503223	196.873665470473	0.0772717585968176
SNP.2	4.777e-71	0.33241	693062	3.25097787499301e-06	17.8219182161328	0.999855532968184	154.366211971419	3.55199e-09	0.33241	532	0.00423520531578647	5.90381103160232	0.841586953765203	13.7454754770855	168.111687448504	2.49374735690386e-14
SNP.3	2.923e-82	0.297784	712370	3.35654367558507e-06	19.2122531952121	0.999850842532354	180.122554621732	2.7891e-10	0.297784	532	0.00449455078604613	6.31006960570601	0.833501552899727	15.6973720279476	195.81992664968	0.0269393951775643
SNP.4	8.477e-83	0.289474	705816	3.44420480612271e-06	19.2764031756902	0.999846947659444	181.369058823035	1.00998e-09	0.289474	532	0.00456950161548554	6.10782500685291	0.831193729371379	14.6145579970701	195.983616820105	0.0317305484526635
SNP.5	6.396e-81	0.295014	697109	3.4486267766341e-06	19.0514068250644	0.999846751187614	177.058515844914	1.20802e-09	0.295014	532	0.00451892624742974	6.07917561359792	0.832749599075588	14.4935721159269	191.552087960841	0.000377475743181491
SNP.6	1.144e-82	0.301939	713463	3.32495644955919e-06	19.260887895011	0.99985224599227	181.053513339547	2.22252e-10	0.301939	532	0.00445908534468393	6.34512009556642	0.834598047831648	15.9009994644736	196.954512804021	0.0837784550130915
SNP.7	2.49e-83	0.283934	710104	3.46320014818537e-06	19.3396832215256	0.999846103681136	182.593277428124	1.22008e-10	0.283934	532	0.00462261706396057	6.43681311656277	0.829565965074111	16.300818621233	198.894096049357	0.582750490541826
SNP.8	6.132e-82	0.295014	711650	3.37816168570592e-06	19.1737539932195	0.999849882019427	179.386782428384	1.70077e-10	0.295014	532	0.00451892624742974	6.38618341118214	0.832749599075588	16.0870228265156	195.4738052549	0.0190576448441815
SNP.9	4.423e-83	0.296399	712591	3.36454614690029e-06	19.3100318137069	0.999850486973181	182.006725797658	2.7526e-10	0.296399	532	0.0045066641040711	6.31210800925754	0.833127701862603	15.701768455835	197.708494253493	0.178066544123669
