snp	pvalues.df1	MAF.df1	N.df1	V.df1	z.df1	r.df1	lABF.df1	pvalues.df2	MAF.df2	N.df2	V.df2	z.df2	r.df2	lABF.df2	internal.sum.lABF	SNP.PP.H4
SNP.1	2.267e-81	0.310448	704092	3.31729967163466e-06	19.1056243041219	0.999852586193073	178.07440171513	1.96749e-06	0.310448	517	0.00451776433346343	4.75673517664962	0.832785411934774	8.52728319566291	186.601684910792	0.00113772088015892
SNP.10	1.248e-82	0.283582	709796	3.46729909854496e-06	19.256381934364	0.999845921561666	180.986531450684	2.55014e-07	0.283582	517	0.00476029986644258	5.153980847203	0.825376100418378	10.0898863052087	191.076417755892	0.0998590686480035
SNP.2	4.777e-71	0.329851	693062	3.26368877592795e-06	17.8219182161328	0.999854968202788	154.368073121558	5.70537e-06	0.329851	517	0.00437512315362124	4.53702368914299	0.83720546586475	7.70912990014995	162.077203021708	2.54207624699715e-14
SNP.3	2.923e-82	0.283582	712370	3.45477073845167e-06	19.2122531952121	0.999846478206407	180.136169140601	6.26823e-07	0.283582	517	0.00476029986644258	4.98276425685529	0.825376100418378	9.37363361897655	189.509802759578	0.0208456414272871
SNP.4	8.477e-83	0.28806	705816	3.45423718187927e-06	19.2764031756902	0.999846501912752	181.370430081817	3.46061e-07	0.28806	517	0.00471577537865628	5.09646144629221	0.826726399926324	9.86022067128268	191.230650753099	0.116511837310431
SNP.5	6.396e-81	0.278443	697109	3.56995191180723e-06	19.0514068250644	0.999841360641026	177.074822888117	1.2495e-07	0.278443	517	0.00481362786709482	5.28610235202427	0.823764609720927	10.6412096600298	187.716032548147	0.00346729472140606
SNP.6	1.144e-82	0.291045	713463	3.396407069547e-06	19.260887895011	0.99984907135758	181.063553662382	2.6202e-07	0.291045	517	0.00468706146433309	5.14889893948096	0.827599556116718	10.0913445706394	191.154898233021	0.108011786516421
SNP.7	2.49e-83	0.274627	710104	3.5346256640548e-06	19.3396832215256	0.999842930200839	182.602889533087	2.471e-07	0.274627	517	0.00485483911517983	5.15988619663478	0.822523572712743	10.085150075981	192.688039609068	0.500386966268489
SNP.8	6.132e-82	0.291045	711650	3.40505975839276e-06	19.1737539932195	0.999848686909854	179.390527554008	4.67184e-07	0.291045	517	0.00468706146433309	5.03932195962638	0.827599556116718	9.6293807841559	189.019908338164	0.0127719385140933
SNP.9	4.423e-83	0.283582	712591	3.45369929026723e-06	19.3100318137069	0.999846525811708	182.01906172075	6.26823e-07	0.283582	517	0.00476029986644258	4.98276425685529	0.825376100418378	9.37363361897655	191.392695339727	0.137007745713679
