snp	pvalues.df1	MAF.df1	N.df1	V.df1	z.df1	r.df1	lABF.df1	pvalues.df2	MAF.df2	N.df2	V.df2	z.df2	r.df2	lABF.df2	internal.sum.lABF	SNP.PP.H4
SNP.1	2.267e-81	0.312849	704092	3.30334277086839e-06	19.1056243041219	0.999853206317288	178.072407113912	2.57023e-13	0.312849	497	0.00467979319562629	7.31518710941314	0.827820868174252	21.2695496647572	199.341956778669	0.000403024006466416
SNP.10	1.248e-82	0.27451	709796	3.53709607530288e-06	19.256381934364	0.999842820439285	180.995920008845	5.19767e-15	0.27451	497	0.00505154254701344	7.82203367325602	0.816651189733076	24.1348968287752	205.13081683762	0.131643947345443
SNP.2	4.777e-71	0.325419	693062	3.28640366174107e-06	17.8219182161328	0.999853958946138	154.371380222879	1.72456e-10	0.325419	497	0.00458286015012794	6.38405775469663	0.83078374570766	16.0415026277421	170.412882850621	1.10050936471855e-16
SNP.3	2.923e-82	0.28352	712370	3.45522720476146e-06	19.2122531952121	0.999846457925244	180.136231446282	5.6066e-14	0.28352	497	0.00495251550071614	7.51695664237559	0.819597023792339	22.2992351379434	202.435466584226	0.00888843200112111
SNP.4	8.477e-83	0.277933	705816	3.52988773128193e-06	19.2764031756902	0.999843140709529	181.380636133553	1.13628e-15	0.277933	497	0.00501298036004525	8.01116378697843	0.817795807853475	25.3912407548735	206.771876888427	0.679366645415842
SNP.5	6.396e-81	0.282303	697109	3.54007685281361e-06	19.0514068250644	0.999842688001945	177.070862594337	4.5398e-12	0.282303	497	0.00496543145832604	6.91926903009299	0.819211598191705	18.7551895378387	195.826052132176	1.19782377564725e-05
SNP.6	1.144e-82	0.285714	713463	3.43395729000924e-06	19.260887895011	0.999847402965409	181.068740954685	1.32976e-13	0.285714	497	0.00492958042253896	7.40316535017079	0.820282324898841	21.6203640574693	202.689105012154	0.0114545735172749
SNP.7	2.49e-83	0.269553	710104	3.57614538124609e-06	19.3396832215256	0.999841085463122	182.608382678905	3.61718e-14	0.269553	497	0.0051095274442744	7.57406689633833	0.814936077606283	22.5314839149847	205.13986659389	0.132840699975397
SNP.8	6.132e-82	0.284916	711650	3.44849540207166e-06	19.1737539932195	0.999846757024694	179.396509609805	3.07544e-14	0.284916	497	0.00493787073014949	7.59510456169988	0.820034477940607	22.7946008995913	202.191110509396	0.00696149730552467
SNP.9	4.423e-83	0.282123	712591	3.46450457237494e-06	19.3100318137069	0.999846045724574	182.02053383748	1.35474e-13	0.282123	497	0.00496735367753165	7.40069457838755	0.819154268159624	21.5775989537952	203.598132791276	0.028429202195164
