snp	pvalues.df1	MAF.df1	N.df1	V.df1	z.df1	r.df1	lABF.df1	pvalues.df2	MAF.df2	N.df2	V.df2	z.df2	r.df2	lABF.df2	internal.sum.lABF	SNP.PP.H4
SNP.1	3.421e-25	0.354571	690480	3.16422395135494e-06	10.3692779094989	0.999859387599012	49.3186510332416	0.00864247	0.354571	532	0.0041068296126533	2.62588228499875	0.845647539656501	1.9812205921577	51.2998716253993	0.0156391781888762
SNP.10	2.35e-24	0.368421	730507	2.94153191100823e-06	10.1834815082902	0.999869282337741	47.3736344833647	0.00284103	0.368421	532	0.00403911588668212	2.98443452227463	0.847805182963573	2.83433960623421	50.2079740895989	0.00524818158827719
SNP.11	5.433e-25	0.323611	748017	3.0537868781994e-06	10.3249802234003	0.999864294557213	48.8428629112609	0.0108119	0.323611	532	0.00429376785577083	2.54872022072458	0.83974751595655	1.81198699457036	50.6548499058312	0.00820511277159268
SNP.12	7.03e-25	0.32133	741952	3.09018349398214e-06	10.3002204663731	0.999862677371473	48.5933975133098	0.0097947	0.32133	532	0.00430971395437413	2.58299409289243	0.839248044133982	1.88572571727849	50.4791232305883	0.00688283611800368
SNP.13	4.547e-25	0.322222	744423	3.07544216695179e-06	10.3420510248352	0.999863332362065	49.022721560153	0.0101817	0.322222	532	0.00430343963204653	2.56959660169821	0.839444500738581	1.85679547622007	50.8795170363731	0.0102720292988108
SNP.14	1.179e-24	0.365651	734026	2.93672672810054e-06	10.2503629363666	0.999869495845642	48.0560613829911	0.00374784	0.365651	532	0.0040519431829337	2.89864079102441	0.847395606603358	2.62000593902217	50.6760673220133	0.00838106407940597
SNP.15	4.238e-24	0.354167	737691	2.9632425028026e-06	10.1259598393293	0.999868317675727	46.7932212210332	0.00118752	0.354167	532	0.00410894234047923	3.24186082474349	0.845580395947251	3.5093410713632	50.3025622923964	0.00576883327825533
SNP.16	6.327e-24	0.416667	722598	2.84686974907185e-06	10.0866852955645	0.999873488462791	46.3765858814323	0.00329121	0.416667	532	0.00386680899800719	2.93914317387854	0.853345583142069	2.7260014354094	49.1025873168417	0.00173758267439553
SNP.17	5.424e-25	0.32687	747790	3.0388995271507e-06	10.3251393298492	0.999864956038128	48.8420975786272	0.0282339	0.32687	532	0.00427153886730832	2.1940209983861	0.840444776503885	1.10515374202511	49.9472513206523	0.00404369502257661
SNP.18	1.06e-24	0.32687	748484	3.03608183662981e-06	10.2606416780208	0.999865081235013	48.1778627960561	0.0282339	0.32687	532	0.00427153886730832	2.1940209983861	0.840444776503885	1.10515374202511	49.2830165380812	0.00208115723285369
SNP.19	3.748e-24	0.32687	748077	3.03773365229518e-06	10.1379718797539	0.999865007840797	46.9271528426951	0.0282339	0.32687	532	0.00427153886730832	2.1940209983861	0.840444776503885	1.10515374202511	48.0323065847202	0.000595838362587868
SNP.2	1.332e-26	0.311978	706391	3.29760438584905e-06	10.6750400994191	0.999853461281816	52.5557806055252	0.0360476	0.311978	532	0.00437856778143665	2.09639009882666	0.837098173643737	0.932157283673404	53.4879378891986	0.13946943203706
SNP.20	9.183e-25	0.322715	748222	3.05737648691662e-06	10.2744887658888	0.999864135062371	48.323463765329	0.0327386	0.322715	532	0.00429999313871001	2.13527443365075	0.839552453746748	0.999032328215117	49.3224960935441	0.00216496383388754
SNP.21	2.509e-24	0.323611	747474	3.05600529151527e-06	10.1771108987102	0.999864195987834	47.3276113687366	0.0359309	0.323611	532	0.00429376785577083	2.09770854023954	0.83974751595655	0.932102216179352	48.259713584916	0.000747980139960555
SNP.22	1.14e-24	0.32687	748664	3.03535187668704e-06	10.2536137239149	0.999865113668924	48.1056673917727	0.0282339	0.32687	532	0.00427153886730832	2.1940209983861	0.840444776503885	1.10515374202511	49.2108211337978	0.00193620272493814
SNP.23	7.373e-25	0.325485	747891	3.04515291783352e-06	10.2956369325778	0.999864678184791	48.538970458091	0.04342	0.325485	532	0.00428090688133727	2.01964715681299	0.840150787264023	0.796714712429542	49.3356851705206	0.00219370683873896
SNP.24	3.496e-25	0.32133	747171	3.06859851858147e-06	10.3672052146452	0.999863636441175	49.2820508694904	0.0097947	0.32133	532	0.00430971395437413	2.58299409289243	0.839248044133982	1.88572571727849	51.1677765867689	0.0137039505096846
SNP.25	9.591e-24	0.376731	736351	2.89186648712446e-06	10.0457553890051	0.999871489117742	45.9723677033826	0.0157491	0.376731	532	0.00400268567605373	2.41467859330988	0.848970563776851	1.52989448882897	47.5022621922116	0.000350697852641224
SNP.26	8.463e-24	0.319444	738850	3.11282799858211e-06	10.0580832017586	0.999861671226449	46.1325831843416	0.0166756	0.319444	532	0.0043231446743466	2.39378325011927	0.83882782101678	1.49068383003475	47.6232670143763	0.000395808241852561
SNP.27	4.905e-25	0.32133	744535	3.07946278378724e-06	10.3347871118907	0.999863153716856	48.9482780556859	0.0097947	0.32133	532	0.00430971395437413	2.58299409289243	0.839248044133982	1.88572571727849	50.8340037729644	0.00981499517205189
SNP.28	7.112e-26	0.364266	749622	2.88027267953782e-06	10.5183339669465	0.999872004265914	50.8288374826977	0.0256403	0.364266	532	0.00405848828304605	2.23161680495134	0.847186773592199	1.1702737483961	51.9991112310937	0.0314694990924226
SNP.29	2.056e-25	0.354571	692176	3.15647083101921e-06	10.4178255430676	0.999859732085358	49.8219546640846	0.00864247	0.354571	532	0.0041068296126533	2.62588228499875	0.845647539656501	1.9812205921577	51.8031752562423	0.0258699695487877
SNP.3	1.021e-24	0.35	692551	3.17348786992178e-06	10.2642607082024	0.999858975985248	48.2368049647113	0.0150122	0.35	532	0.00413120713872594	2.43208461037306	0.844873455521342	1.5669712236017	49.803776188313	0.00350322422357994
SNP.30	2.709e-25	0.354571	689736	3.16763711613074e-06	10.3915549902556	0.999859235945481	49.550394674984	0.00864247	0.354571	532	0.0041068296126533	2.62588228499875	0.845647539656501	1.9812205921577	51.5316152671417	0.0197178206825211
SNP.31	2.322e-25	0.340336	697005	3.19523964938442e-06	10.4062452935098	0.999858009513078	49.7074072355584	0.00539724	0.340336	532	0.00418627445830675	2.78231636178037	0.843130053059779	2.33728564673855	52.0446928822969	0.0329371251359781
SNP.32	3.827e-25	0.357542	698804	3.11489072482348e-06	10.358554928393	0.999861579575097	49.1997963965443	0.00547546	0.357542	532	0.00409153777832621	2.77764383498019	0.846133841057471	2.3282543670974	51.5280507636417	0.0196476615571935
SNP.33	1.167e-24	0.351801	715065	3.06633116270895e-06	10.2513516894471	0.999863737185076	48.0874832491705	0.0124797	0.351801	532	0.00412147761816255	2.49828164171489	0.845182236790994	1.70481163553366	49.7922948847042	0.00346323265961062
SNP.34	4.867e-25	0.352528	696412	3.14549608706182e-06	10.3355327709887	0.999860219715168	48.9664335576979	0.00880294	0.352528	532	0.00411759628004304	2.6196137850374	0.845305480001954	1.96725070836899	50.9336842660669	0.0108437820085062
SNP.35	1.906e-24	0.351801	713596	3.07264347454649e-06	10.2038322819606	0.999863456714413	47.6025538575543	0.0124797	0.351801	532	0.00412147761816255	2.49828164171489	0.845182236790994	1.70481163553366	49.307365493088	0.00213245320402347
SNP.36	2.563e-25	0.355742	698252	3.12437283813866e-06	10.3968369715217	0.999861158264676	49.5985175775696	0.0100795	0.355742	532	0.00410075109581954	2.57308997577085	0.845840777914576	1.86518328722721	51.4637008647968	0.0184231574003446
SNP.37	2.434e-25	0.356546	699031	3.11774430714699e-06	10.4017582265716	0.99986145278434	49.6486422434058	0.00387748	0.356546	532	0.00409661639242344	2.88796095592394	0.845972272112386	2.59252776779856	52.2411700112043	0.0400880215038465
SNP.38	1.897e-25	0.354571	692414	3.15538587309262e-06	10.425479527491	0.999859780292186	49.9015413933615	0.00864247	0.354571	532	0.0041068296126533	2.62588228499875	0.845647539656501	1.9812205921577	51.8827619855192	0.0280130240980819
SNP.39	3.099e-25	0.354167	692922	3.15469464836583e-06	10.3787206874284	0.999859811004671	49.4151115861713	0.00933239	0.354167	532	0.00410894234047923	2.59963155489373	0.845580395947251	1.92321092570434	51.3383225118757	0.0162522290998697
SNP.4	5.027e-26	0.375346	745921	2.85894534470002e-06	10.5509799924054	0.999872951905727	51.1690452771471	0.0231415	0.375346	532	0.00400854768884207	2.27109049958276	0.848782825226999	1.2444290046874	52.4134742818345	0.0476261435498251
SNP.40	8.829e-24	0.415014	720238	2.85947137410633e-06	10.0539134312879	0.999872928532583	46.0487849281723	0.0019013	0.415014	532	0.0038712404953827	3.10523173737486	0.853202184551746	3.1541362135219	49.2029211416942	0.00192096699899573
SNP.41	4.687e-26	0.375346	750311	2.84221792092077e-06	10.5575572551858	0.999873695158443	51.2355624044002	0.0211735	0.375346	532	0.00400854768884207	2.30487634094118	0.848782825226999	1.31004114345629	52.5456035478565	0.0543536142407194
SNP.42	2.61e-26	0.364266	751390	2.87349547715633e-06	10.6123851126005	0.999872305397898	51.8212336995207	0.0124365	0.364266	532	0.00405848828304605	2.49951053878215	0.847186773592199	1.70715268341431	53.5283863829351	0.145226406064432
SNP.5	5.835e-26	0.368421	746686	2.87779555491182e-06	10.5369677380422	0.999872114332173	51.0245581745336	0.0165562	0.368421	532	0.00403911588668212	2.39641794489528	0.847805182963573	1.49309889847356	52.5176570730072	0.0528556512122598
SNP.6	3.088e-25	0.32687	740714	3.06792996677263e-06	10.3790601954127	0.999863666146486	49.4049000577306	0.0282339	0.32687	532	0.00427153886730832	2.1940209983861	0.840444776503885	1.10515374202511	50.5100537997557	0.00709905277109125
SNP.7	1.626e-26	0.373961	746131	2.86237953742913e-06	10.656501114603	0.999872799313743	52.2884132271991	0.0189585	0.373961	532	0.00401449268165702	2.34634597912474	0.848592513918462	1.39200467677601	53.6804179039751	0.169072136465753
SNP.8	3.718e-25	0.375723	687788	3.09934765532924e-06	10.361318776249	0.999862270187433	49.2259619308684	0.0241572	0.375723	532	0.00400694384429245	2.25461985654662	0.84883418217392	1.21275498265184	50.4387169135202	0.00661026984240234
SNP.9	2.289e-25	0.354571	693270	3.15148982926069e-06	10.4076083453626	0.999859953401163	49.7148032587227	0.00864247	0.354571	532	0.0041068296126533	2.62588228499875	0.845647539656501	1.9812205921577	51.6960238508804	0.0232413126733064
