snp	pvalues.df1	MAF.df1	N.df1	V.df1	z.df1	r.df1	lABF.df1	pvalues.df2	MAF.df2	N.df2	V.df2	z.df2	r.df2	lABF.df2	internal.sum.lABF	SNP.PP.H4
SNP.1	3.421e-25	0.368831	690480	3.11061186625594e-06	10.3692779094989	0.999861769693981	49.3102360981305	4.41895e-06	0.368831	581	0.00369675607816248	4.59063713737419	0.858884967774919	8.07095919940714	57.3811952975376	0.000588192762070946
SNP.10	2.35e-24	0.384416	730507	2.89238994945525e-06	10.1834815082902	0.999871465858729	47.3653251087723	8.24336e-06	0.384416	581	0.00363668004269657	4.45876405707488	0.860859143672581	7.57105395805993	54.9363790668322	5.10210600743383e-05
SNP.11	5.433e-25	0.333333	748017	3.00795453178429e-06	10.3249802234003	0.999866331001711	48.8354114125871	1.78821e-08	0.333333	581	0.00387263532702528	5.63133403819013	0.853157059239476	12.5684296591551	61.4038410717421	0.032849785526933
SNP.12	7.03e-25	0.332468	741952	3.03649278807764e-06	10.3002204663731	0.999865062975432	48.5847616005355	1.66932e-08	0.332468	581	0.00387767968519756	5.64318582867832	0.852993905018355	12.6233878313573	61.2081494318928	0.0270112535198342
SNP.13	4.547e-25	0.332031	744423	3.02841424609972e-06	10.3420510248352	0.99986542192498	49.0151295760076	1.77602e-08	0.332031	581	0.00388024306079913	5.63251343988657	0.852911019361867	12.5710308158954	61.586160391903	0.0394196544649183
SNP.14	1.179e-24	0.381818	734026	2.88593009597676e-06	10.2503629363666	0.99987175288961	48.0474569028824	4.72029e-06	0.381818	581	0.00364603739178904	4.5768502942524	0.860551052645016	8.02819345192768	56.0756503548101	0.000159414826761331
SNP.15	4.238e-24	0.367188	737691	2.91697249189038e-06	10.1259598393293	0.999870373583324	46.7854587262544	1.89365e-06	0.367188	581	0.00370365637610174	4.7644547555145	0.85865879467571	8.76750061254131	55.5529593387957	9.45206909215928e-05
SNP.16	6.327e-24	0.43099	722598	2.82153964345369e-06	10.0866852955645	0.999874613961699	46.3721750249719	1.9792e-07	0.43099	581	0.00350918916227255	5.20128061870466	0.865078871149017	10.700095344443	57.072270369415	0.00043187223522365
SNP.17	5.424e-25	0.335065	747790	3.00111123611325e-06	10.3251393298492	0.999866635066973	48.8359315075729	1.39173e-07	0.335065	581	0.00386265227410177	5.26633660829867	0.853480134170856	10.8750404569465	59.7109719645194	0.00604406082963395
SNP.18	1.06e-24	0.335065	748484	2.99832858318031e-06	10.2606416780208	0.999866758707467	48.171695527642	1.39173e-07	0.335065	581	0.00386265227410177	5.26633660829867	0.853480134170856	10.8750404569465	59.0467359845885	0.00311067619591036
SNP.19	3.748e-24	0.335065	748077	2.99995985874867e-06	10.1379718797539	0.999866686225654	46.9209835228604	1.39173e-07	0.335065	581	0.00386265227410177	5.26633660829867	0.853480134170856	10.8750404569465	57.7960239798069	0.000890589321955393
SNP.2	1.332e-26	0.322917	706391	3.23736769077294e-06	10.6750400994191	0.999856137690863	52.5467165896575	3.74935e-08	0.322917	581	0.00393605404552976	5.50226867353867	0.851110379833887	11.9313915631425	64.4781081528	0.710672920908424
SNP.20	9.183e-25	0.331169	748222	3.01698714566905e-06	10.2744887658888	0.999865929659681	48.3169101404524	2.33644e-07	0.331169	581	0.003885329012232	5.17035956539077	0.852746614968083	10.4402745352817	58.7571846757341	0.00232865027832348
SNP.21	2.509e-24	0.333333	747474	3.01013965034461e-06	10.1771108987102	0.999866233911301	47.3201568605207	1.67769e-07	0.333333	581	0.00387263532702528	5.23190827532163	0.853157059239476	10.7174803157138	58.0376371762345	0.00113398879073257
SNP.22	1.14e-24	0.335065	748664	2.99760770018744e-06	10.2536137239149	0.999866790738174	48.0994999810379	1.39173e-07	0.335065	581	0.00386265227410177	5.26633660829867	0.853480134170856	10.8750404569465	58.9745404379844	0.00289401433714831
SNP.23	7.373e-25	0.333766	747891	3.00651109591617e-06	10.2956369325778	0.99986639513727	48.5326769067396	2.8276e-07	0.333766	581	0.00387012493982073	5.13458983976103	0.853238278216249	10.2879199800059	58.8205968867455	0.00248109757057434
SNP.24	3.496e-25	0.332468	747171	3.0152828430169e-06	10.3672052146452	0.999866005386162	49.2734157044575	1.66932e-08	0.332468	581	0.00387767968519756	5.64318582867832	0.852993905018355	12.6233878313573	61.8968035358148	0.0537803242556984
SNP.25	9.591e-24	0.392208	736351	2.84848342105173e-06	10.0457553890051	0.999873416762187	45.9649082249345	2.96288e-05	0.392208	581	0.00361012670494813	4.1763007755173	0.861734615624674	6.52567686831707	52.4905850932516	4.42134751175684e-06
SNP.26	8.463e-24	0.332031	738850	3.05125697817459e-06	10.0580832017586	0.999864406966712	46.1227339292335	1.6259e-08	0.332031	581	0.00388024306079913	5.64771968447062	0.852911019361867	12.6441807225855	58.766914651819	0.00235141857771859
SNP.27	4.905e-25	0.332468	744535	3.02595834594717e-06	10.3347871118907	0.999865531046733	48.9396425477103	1.66932e-08	0.332468	581	0.00387767968519756	5.64318582867832	0.852993905018355	12.6233878313573	61.5630303790675	0.0385183412275518
SNP.28	7.112e-26	0.368831	749622	2.86519776822506e-06	10.5183339669465	0.999872674090919	50.8262510742006	3.85616e-07	0.368831	581	0.00369675607816248	5.07592469765223	0.858884967774919	10.0855006065952	60.9117516807958	0.0200826413017042
SNP.29	2.056e-25	0.366841	692176	3.11001736799119e-06	10.4178255430676	0.999861796108823	49.8146545680375	5.19533e-06	0.366841	581	0.00370512802359151	4.55674149161375	0.858610573462724	7.93593039456917	57.7505849626067	0.000851027451423919
SNP.3	1.021e-24	0.366234	692551	3.11050315824523e-06	10.2642607082024	0.999861774524113	48.2269304057083	8.02875e-06	0.366234	581	0.00370771441092236	4.46441583677668	0.858525838888983	7.57782391658207	55.8047543222904	0.000121585016890489
SNP.30	2.709e-25	0.368831	689736	3.11396720109202e-06	10.3915549902556	0.999861620609235	49.5419804307006	4.41895e-06	0.368831	581	0.00369675607816248	4.59063713737419	0.858884967774919	8.07095919940714	57.6129396301077	0.000741591871474411
SNP.31	2.322e-25	0.349476	697005	3.15539280396971e-06	10.4062452935098	0.999859779984234	49.7012294318501	2.55442e-06	0.349476	581	0.00378541232587076	4.70373720758231	0.855988094120743	8.50050015010328	58.2017295819534	0.00133620529370201
SNP.32	3.827e-25	0.369792	698804	3.07024617295751e-06	10.358554928393	0.999863563232067	49.1926856482213	7.5325e-06	0.369792	581	0.00369277161212977	4.47805839268781	0.859015622064995	7.63337003281859	56.8260556810399	0.000337618008606809
SNP.33	1.167e-24	0.366234	715065	3.01256818994901e-06	10.2513516894471	0.999866126005093	48.078765538688	8.02875e-06	0.366234	581	0.00370771441092236	4.46441583677668	0.858525838888983	7.57782391658207	55.6565894552701	0.000104841415360431
SNP.34	4.867e-25	0.367801	696412	3.08771386671533e-06	10.3355327709887	0.999862787102553	48.9573016459252	2.58716e-05	0.367801	581	0.00370106882848013	4.20705866251971	0.85874359352634	6.62100925213541	55.5783108980606	9.69475704305579e-05
SNP.35	1.906e-24	0.365885	713596	3.01998624922298e-06	10.2038322819606	0.999865796401947	47.5940338397847	8.53927e-06	0.365885	581	0.00370920844664461	4.45119764950898	0.858476899285393	7.52692414233303	55.1209579821177	6.13636355863045e-05
SNP.36	2.563e-25	0.370079	698252	3.07168931645112e-06	10.3968369715217	0.999863499109861	49.5901423165456	2.37126e-05	0.370079	581	0.0036915889992954	4.22671660975906	0.859054408673154	6.69387009101718	56.2840124075627	0.000196344708404946
SNP.37	2.434e-25	0.369792	699031	3.06924915582771e-06	10.4017582265716	0.999863607531851	49.640921486662	1.50698e-05	0.369792	581	0.00369277161212977	4.3276656499298	0.859015622064995	7.06456554101297	56.7054870276749	0.000299270082301635
SNP.38	1.897e-25	0.368831	692414	3.10192353333757e-06	10.425479527491	0.999862155735512	49.8931274854143	4.41895e-06	0.368831	581	0.00369675607816248	4.59063713737419	0.858884967774919	8.07095919940714	57.9640866848214	0.00105357677646882
SNP.39	3.099e-25	0.366841	692922	3.10666912250826e-06	10.3787206874284	0.999861944878626	49.4075572927211	4.66501e-06	0.366841	581	0.00370512802359151	4.57931508639789	0.858610573462724	8.02446758614395	57.4320248788651	0.000618863234352644
SNP.4	5.027e-26	0.375325	745921	2.85900919108673e-06	10.5509799924054	0.999872949068831	51.1690562837708	2.9696e-06	0.375325	581	0.00367055937147092	4.67291132536093	0.859744710864978	8.40459033839316	59.573646622164	0.0052685267346139
SNP.40	8.829e-24	0.42876	720238	2.83439974622225e-06	10.0539134312879	0.999874042545225	46.0444384938598	5.48354e-07	0.42876	581	0.00351367023135907	5.00857186683732	0.864929854183998	9.84774475272546	55.8921832465853	0.00013269359453132
SNP.41	4.687e-26	0.379221	750311	2.83073552175945e-06	10.5575572551858	0.999874205358649	51.2335670305608	1.36918e-06	0.379221	581	0.00365564888135431	4.82943936289712	0.860234823539005	9.04794102453681	60.2815080550976	0.0106932446332938
SNP.42	2.61e-26	0.367532	751390	2.86266730890338e-06	10.6123851126005	0.999872786527153	51.8193733285167	3.91012e-06	0.367532	581	0.00370220239111344	4.61610349766539	0.858706442464201	8.17037732508282	59.9897506535995	0.00798731611550951
SNP.5	5.835e-26	0.372727	746686	2.86407606263292e-06	10.5369677380422	0.999872723931809	51.0222029396893	2.36977e-06	0.372727	581	0.00368083562633929	4.71902560000385	0.859407251973418	8.58821317100304	59.6104161106923	0.00546585333548525
SNP.6	3.088e-25	0.337662	740714	3.0182665475102e-06	10.3790601954127	0.999865872812626	49.3968598273739	4.20491e-07	0.337662	581	0.00384797295606277	5.05943934756898	0.853955635885935	9.96782438602455	59.3646842133984	0.00427501819151641
SNP.7	1.626e-26	0.374026	746131	2.86217927225541e-06	10.656501114603	0.999872808212153	52.2883787533934	3.42235e-06	0.374026	581	0.0036756638254513	4.64369359717071	0.859577054092613	8.28636443275732	60.5747431861507	0.0143370533651843
SNP.8	3.718e-25	0.389946	687788	3.05592478766349e-06	10.361318776249	0.999864199564811	49.2190117637289	1.15301e-05	0.389946	581	0.00361760481558949	4.38628882151719	0.861487879875181	7.29891206992022	56.5179238336491	0.000248087934257596
SNP.9	2.289e-25	0.368831	693270	3.09809350096269e-06	10.4076083453626	0.999862325912277	49.7063887482999	4.41895e-06	0.368831	581	0.00369675607816248	4.59063713737419	0.858884967774919	8.07095919940714	57.7773479477071	0.00087411100097565
