snp	pvalues.df1	MAF.df1	N.df1	V.df1	z.df1	r.df1	lABF.df1	pvalues.df2	MAF.df2	N.df2	V.df2	z.df2	r.df2	lABF.df2	internal.sum.lABF	SNP.PP.H4
SNP.1	3.421e-25	0.376997	690480	3.08312312369506e-06	10.3692779094989	0.99986299107963	49.3058641897913	7.34623e-05	0.376997	469	0.00453909350628776	3.96478444657145	0.832128488137658	5.64805021881407	54.9539144086054	0.00245434712286344
SNP.10	2.35e-24	0.389776	730507	2.87767168578411e-06	10.1834815082902	0.99987211983606	47.3628085417277	0.000194279	0.389776	469	0.00448221601314944	3.72634168745495	0.833882583588943	4.89195912256877	52.2547676642964	0.000165086457714806
SNP.11	5.433e-25	0.342949	748017	2.96640138204998e-06	10.3249802234003	0.999868177318086	48.8285553853868	0.000158431	0.342949	469	0.00473116985628333	3.77746776971264	0.826259030322501	5.01995871763558	53.8485141030224	0.000812581130014131
SNP.12	7.03e-25	0.340256	741952	3.00201565748345e-06	10.3002204663731	0.99986659488119	48.5791340238139	7.61957e-05	0.340256	469	0.00474915036482124	3.95606103916906	0.825713818550746	5.5878552898245	54.1669893136384	0.00111732305304939
SNP.13	4.547e-25	0.341346	744423	2.98743228360591e-06	10.3420510248352	0.999867242858638	49.0084154278356	0.000134973	0.341346	469	0.00474181940908051	3.81720320802763	0.825936023660008	5.14320737232807	54.1516228001636	0.00110028493678646
SNP.14	1.179e-24	0.388179	734026	2.86815187552907e-06	10.2503629363666	0.999872542830711	48.0444091165609	0.000133685	0.388179	469	0.00448890841916226	3.8195691114993	0.833675806763081	5.1843850613165	53.2287941778774	0.000437245943432092
SNP.15	4.238e-24	0.367412	737691	2.91622637480579e-06	10.1259598393293	0.999870406735488	46.7853325337269	0.00117303	0.367412	469	0.00458693806110204	3.24535812456032	0.83065867205976	3.4864742106617	50.2718067443886	2.27259718064708e-05
SNP.16	6.327e-24	0.451923	722598	2.79361933019321e-06	10.0866852955645	0.999875854554885	46.3672664037169	4.91273e-06	0.451923	469	0.00430418708050949	4.56848039970382	0.839421092399431	7.84529942362262	54.2125658273395	0.0011694250372619
SNP.17	5.424e-25	0.346645	747790	2.95227080519061e-06	10.3251393298492	0.999868805178553	48.8278442722379	6.37345e-05	0.346645	469	0.00470720380685178	3.99853966979903	0.826986858323664	5.73387119088939	54.5617154631273	0.00165808254716615
SNP.18	1.06e-24	0.346645	748484	2.94953343747293e-06	10.2606416780208	0.999868926807435	48.1636067447434	6.37345e-05	0.346645	469	0.00470720380685178	3.99853966979903	0.826986858323664	5.73387119088939	53.8974779356328	0.000853358375065228
SNP.19	3.748e-24	0.346645	748077	2.95113816547426e-06	10.1379718797539	0.999868855504891	46.9128920885411	6.37345e-05	0.346645	469	0.00470720380685178	3.99853966979903	0.826986858323664	5.73387119088939	52.6467632794305	0.00024431660311607
SNP.2	1.332e-26	0.333333	706391	3.18520638711661e-06	10.6750400994191	0.999858455309419	52.5387280665454	0.000101184	0.333333	469	0.00479744376332982	3.88773501822458	0.824253003141104	5.35972431953935	57.8984523860847	0.0466372121111914
SNP.20	9.183e-25	0.338658	748222	2.98367892735416e-06	10.2744887658888	0.999867409630211	48.3114381866425	2.22163e-05	0.338658	469	0.00476003030785241	4.24136651821006	0.825384262082744	6.55141338145889	54.8628515681014	0.00224072157937139
SNP.21	2.509e-24	0.341853	747474	2.97311434255841e-06	10.1771108987102	0.999867879043029	47.3140546445215	4.75264e-05	0.341853	469	0.00473843426458317	4.06746963112435	0.826038669530123	5.95865845840801	53.2727131029295	0.000456877252832027
SNP.22	1.14e-24	0.346645	748664	2.94882428621316e-06	10.2536137239149	0.999868958317008	48.0914110141925	6.37345e-05	0.346645	469	0.00470720380685178	3.99853966979903	0.826986858323664	5.73387119088939	53.8252822050819	0.000793920923409005
SNP.23	7.373e-25	0.345048	747891	2.95830338321949e-06	10.2956369325778	0.999868537134392	48.5247093141407	2.49853e-05	0.345048	469	0.00471745943620343	4.21493241518353	0.826675246921523	6.46691959689324	54.9916289110339	0.00254867926722267
SNP.24	3.496e-25	0.340256	747171	2.98104653566742e-06	10.3672052146452	0.999867526594388	49.2677886078926	7.61957e-05	0.340256	469	0.00474915036482124	3.95606103916906	0.825713818550746	5.5878552898245	54.8556438977171	0.00222462926053612
SNP.25	9.591e-24	0.397764	736351	2.83460752803582e-06	10.0457553890051	0.999874033312804	45.9624980284452	0.000136423	0.397764	469	0.00445046074174137	3.81456504846787	0.834865133312975	5.17352586868296	51.1360238971281	5.39320842352691e-05
SNP.26	8.463e-24	0.338141	738850	3.0237815666654e-06	10.0580832017586	0.999865627766472	46.1182735872187	4.32698e-05	0.338141	469	0.00476358424420199	4.08928871638113	0.825276669364739	6.02797891958756	52.1462525068062	0.000148109840691348
SNP.27	4.905e-25	0.340256	744535	2.9916008261548e-06	10.3347871118907	0.999867057639303	48.934015230927	7.61957e-05	0.340256	469	0.00474915036482124	3.95606103916906	0.825713818550746	5.5878552898245	54.5218705207515	0.00159331523708232
SNP.28	7.112e-26	0.384984	749622	2.81707614257179e-06	10.5183339669465	0.999874812289811	50.8179014943064	8.086e-06	0.384984	469	0.00450264872526002	4.46289415740031	0.833251590572744	7.40247815599482	58.2203796503013	0.0643492983184702
SNP.29	2.056e-25	0.372168	692176	3.09151239027487e-06	10.4178255430676	0.999862618325639	49.8117156508074	0.000135653	0.372168	469	0.00456262405170767	3.81596269449276	0.83140496490695	5.16315349106652	54.9748691418739	0.00250631994876136
SNP.3	1.021e-24	0.370192	692551	3.09658525535725e-06	10.2642607082024	0.999862392926963	48.2247210276373	0.000104971	0.370192	469	0.00457258681275676	3.87880466658861	0.831099006371931	5.36277319959203	53.5874942272294	0.00062590329964109
SNP.30	2.709e-25	0.376997	689736	3.0864488071508e-06	10.3915549902556	0.999862843311998	49.5376088765734	7.34623e-05	0.376997	469	0.00453909350628776	3.96478444657145	0.832128488137658	5.64805021881407	55.1856590953874	0.00309443542690583
SNP.31	2.322e-25	0.352273	697005	3.1438567721032e-06	10.4062452935098	0.999860292553249	49.6994261048486	0.000108152	0.352273	469	0.00467224709901875	3.87153527948084	0.828050765106303	5.32545962178238	55.024885726631	0.00263486541864385
SNP.32	3.827e-25	0.380645	698804	3.03497308982431e-06	10.358554928393	0.999865130499355	49.1869929220056	7.14185e-05	0.380645	469	0.00452207107689037	3.97151000734976	0.832652683651709	5.67282837368863	54.8598212956942	0.00223394185998334
SNP.33	1.167e-24	0.372204	715065	2.9924362194061e-06	10.2513516894471	0.999867020520587	48.0754604436727	0.000102769	0.372204	469	0.00456244436083076	3.88395957902179	0.831410485320599	5.38082840751437	53.4562888511871	0.000548940748638979
SNP.34	4.867e-25	0.375806	696412	3.06069785418589e-06	10.3355327709887	0.999863987486179	48.9529723500118	0.000117705	0.375806	469	0.00454479043503051	3.85085744729159	0.83195320200582	5.27680350543431	54.2297758554461	0.00118972505592326
SNP.35	1.906e-24	0.372204	713596	2.99859641201692e-06	10.2038322819606	0.999866746807135	47.5905298114793	0.000102769	0.372204	469	0.00456244436083076	3.88395957902179	0.831410485320599	5.38082840751437	52.9713582189936	0.000338004725959962
SNP.36	2.563e-25	0.380259	698252	3.038561883769e-06	10.3968369715217	0.999864971040448	49.5848009375717	9.90144e-05	0.380259	469	0.00452384203084323	3.89299449511185	0.832598117407583	5.41550237246825	55.0003033100399	0.00257088369392207
SNP.37	2.434e-25	0.378205	699031	3.04157883125907e-06	10.4017582265716	0.99986483699012	49.636460501037	0.000110043	0.378205	469	0.00453338569721505	3.86730890248732	0.832304183131524	5.33120142530248	54.9676619263394	0.00248832129867747
SNP.38	1.897e-25	0.376997	692414	3.07451157031626e-06	10.425479527491	0.999863373710613	49.8887561037375	7.34623e-05	0.376997	469	0.00453909350628776	3.96478444657145	0.832128488137658	5.64805021881407	55.5368063225516	0.00439625350506582
SNP.39	3.099e-25	0.374194	692922	3.08140733391516e-06	10.3787206874284	0.999863067316065	49.40353595163	0.00015589	0.374194	469	0.00455261179665492	3.78149396818919	0.831712670448409	5.05557820321427	54.4591141548442	0.00149639747242084
SNP.4	5.027e-26	0.388179	745921	2.82241423500223e-06	10.5509799924054	0.999874575100712	51.1627063555451	8.82564e-06	0.388179	469	0.00448890841916226	4.44411010693887	0.833675806763081	7.33568816722087	58.4983945227659	0.0849736239874537
SNP.40	8.829e-24	0.452459	720238	2.80219334325745e-06	10.0539134312879	0.999875473582393	46.0387976661158	1.17733e-05	0.452459	469	0.00430329665066324	4.38174417660464	0.839448978730131	7.14400498698306	53.1828026530988	0.000417591762942987
SNP.41	4.687e-26	0.388179	750311	2.80590055135417e-06	10.5575572551858	0.999875308858648	51.2292230615748	2.28614e-06	0.388179	469	0.00448890841916226	4.72633001217411	0.833675806763081	8.41449831724047	59.6437213788153	0.267111923139729
SNP.42	2.61e-26	0.378594	751390	2.82849505778639e-06	10.6123851126005	0.999874304909785	51.813455076399	1.24125e-05	0.378594	469	0.00453156268970173	4.37021370206664	0.832360313692551	7.05555901571785	58.8690140921168	0.123095499357435
SNP.5	5.835e-26	0.383387	746686	2.83257838282688e-06	10.5369677380422	0.999874123474324	51.016752123172	3.93282e-06	0.383387	469	0.00450969429074515	4.61490139060268	0.833034234219734	7.97571293996121	58.9924650631332	0.139269574893983
SNP.6	3.088e-25	0.348243	740714	2.97407113132453e-06	10.3790601954127	0.999867836530322	49.3895911248905	0.000149141	0.348243	469	0.00469709194875889	3.79249542337156	0.827294331408353	5.07141285723856	54.461003982129	0.00149922807902945
SNP.7	1.626e-26	0.384984	746131	2.8302566870254e-06	10.656501114603	0.999874226634839	52.2828520473022	1.05959e-05	0.384984	469	0.00450264872526002	4.40464141803602	0.833251590572744	7.18726666899325	59.4701187162954	0.224542521778972
SNP.8	3.718e-25	0.400338	687788	3.02818264371905e-06	10.361318776249	0.999865432215649	49.2145187431355	0.00132533	0.400338	469	0.00444082661867428	3.21043768702661	0.835163683671232	3.4025773609922	52.6170961041277	0.000237174880788874
SNP.9	2.289e-25	0.376997	693270	3.07071538426437e-06	10.4076083453626	0.999863542383922	49.7020170577116	7.34623e-05	0.376997	469	0.00453909350628776	3.96478444657145	0.832128488137658	5.64805021881407	55.3500672765257	0.00364739661180284
