snp	pvalues.df1	MAF.df1	N.df1	V.df1	z.df1	r.df1	lABF.df1	pvalues.df2	MAF.df2	N.df2	V.df2	z.df2	r.df2	lABF.df2	internal.sum.lABF	SNP.PP.H4
SNP.1	3.421e-25	0.352342	690480	3.17328260569171e-06	10.3692779094989	0.99985898510553	49.3200585664896	0.00840114	0.352342	706	0.00310352432518132	2.63550818339015	0.878785268552698	1.99688295257046	51.3169415190601	0.000242208996726783
SNP.10	2.35e-24	0.367617	730507	2.94421722608418e-06	10.1834815082902	0.999869163021618	47.3740844771444	0.0109467	0.367617	706	0.00304641826228764	2.54439569397139	0.880749691365351	1.78769920835742	49.1617836855018	2.806836503622e-05
SNP.11	5.433e-25	0.321429	748017	3.06463095373723e-06	10.3249802234003	0.999863812729333	48.8446093554539	2.83584e-05	0.321429	706	0.00324701990385504	4.18626359460114	0.873887544423389	6.62206284642548	55.4666722018794	0.0153601482616514
SNP.12	7.03e-25	0.319388	741952	3.10010210267349e-06	10.3002204663731	0.999862236665677	48.5949762021783	4.25854e-05	0.319388	706	0.0032579701916187	4.09298569610198	0.873516035332675	6.28298275706022	54.8779589592385	0.0085255124899282
SNP.13	4.547e-25	0.319018	744423	3.09171462897862e-06	10.3420510248352	0.999862609339722	49.0253211061083	4.49883e-05	0.319018	706	0.00325997659950163	4.08024478346965	0.873447998412984	6.23720374576323	55.2625248518715	0.0125237774085696
SNP.14	1.179e-24	0.36558	734026	2.93696835304431e-06	10.2503629363666	0.999869485109558	48.0561019503899	0.00817011	0.36558	706	0.00305355684463414	2.64495782282797	0.880503647175233	2.01767982294034	50.0737817733302	6.987033942878e-05
SNP.15	4.238e-24	0.358163	737691	2.94842476932996e-06	10.1259598393293	0.999868976068661	46.790748775614	0.0176882	0.358163	706	0.00308077396106486	2.37208126151988	0.87956681976261	1.41622978192209	48.2069785575361	1.08031527709285e-05
SNP.16	6.327e-24	0.407143	722598	2.86666091206371e-06	10.0866852955645	0.999872609078867	46.380004631967	0.0129363	0.407143	706	0.00293405586648076	2.48551812353539	0.884640661250276	1.65271502123633	48.0327196532033	9.07550576637784e-06
SNP.17	5.424e-25	0.323829	747790	3.05364165968919e-06	10.3251393298492	0.999864301009618	48.8444820417317	4.47201e-05	0.323829	706	0.00323439475453113	4.08163442599031	0.874316268737517	6.24594737866914	55.0904294204008	0.0105437534934978
SNP.18	1.06e-24	0.323829	748484	3.05081030015201e-06	10.2606416780208	0.999864426813685	48.1802477262782	4.47201e-05	0.323829	706	0.00323439475453113	4.08163442599031	0.874316268737517	6.24594737866914	54.4261951049474	0.00542652672171577
SNP.19	3.748e-24	0.323829	748077	3.05247012900942e-06	10.1379718797539	0.999864353063521	46.929538573224	4.47201e-05	0.323829	706	0.00323439475453113	4.08163442599031	0.874316268737517	6.24594737866914	53.1754859518931	0.00155362378825746
SNP.2	1.332e-26	0.310838	706391	3.30422352081565e-06	10.6750400994191	0.999853167184339	52.5567663231894	2.92658e-05	0.310838	706	0.00330605348030097	4.17910542856528	0.871888451179695	6.58630501637376	59.1430713395632	0.606785601009279
SNP.20	9.183e-25	0.320774	748222	3.06708681557529e-06	10.2744887658888	0.999863703609657	48.3250262764321	2.05841e-05	0.320774	706	0.00325051250895662	4.25845895948201	0.873769016914672	6.88784927026362	55.2128755466957	0.0119171641319667
SNP.21	2.509e-24	0.321429	747474	3.06685724469568e-06	10.1771108987102	0.999863713810026	47.3293585249954	2.9343e-05	0.321429	706	0.00324701990385504	4.1785061992832	0.873887544423389	6.59371007800351	53.9230686029989	0.00328108047494237
SNP.22	1.14e-24	0.323829	748664	3.05007679907005e-06	10.2536137239149	0.999864459404896	48.1080523775179	4.47201e-05	0.323829	706	0.00323439475453113	4.08163442599031	0.874316268737517	6.24594737866914	54.3539997561871	0.00504856444436035
SNP.23	7.373e-25	0.322811	747891	3.05825346987924e-06	10.2956369325778	0.999864096095943	48.5410857524167	7.22152e-05	0.322811	706	0.00323971706209838	3.96886690625404	0.874135482752884	5.84837472550036	54.3894604779171	0.00523080222890522
SNP.24	3.496e-25	0.320774	747171	3.07140110004721e-06	10.3672052146452	0.999863511915982	49.282500561854	3.78607e-05	0.320774	706	0.00325051250895662	4.12016145362613	0.873769016914672	6.38161270763273	55.6641132694868	0.0187129808797381
SNP.25	9.591e-24	0.374745	736351	2.89795810703014e-06	10.0457553890051	0.999871218448734	45.9734060359614	0.00508014	0.374745	706	0.00302254157233676	2.80190773689086	0.881573644859381	2.39374736805008	48.3671534040115	1.26798340481534e-05
SNP.26	8.463e-24	0.319018	738850	3.11503482337166e-06	10.0580832017586	0.99986157317249	46.1329325225514	3.53341e-05	0.319018	706	0.00325997659950163	4.13604625348595	0.873447998412984	6.43743345315234	52.5703659757038	0.000848292438386756
SNP.27	4.905e-25	0.320774	744535	3.08227528769417e-06	10.3347871118907	0.999863028750907	48.9487277660765	3.78607e-05	0.320774	706	0.00325051250895662	4.12016145362613	0.873769016914672	6.38161270763273	55.3303404737093	0.0134025455047074
SNP.28	7.112e-26	0.357434	749622	2.90411678673517e-06	10.5183339669465	0.999870944800206	50.8329005166722	5.493e-05	0.357434	706	0.00308355500553256	4.03359482298096	0.879471206997396	6.0965153607221	56.9294158773943	0.0663218931189553
SNP.29	2.056e-25	0.349076	692176	3.17909270244685e-06	10.4178255430676	0.999858726951896	49.8254702495966	0.00873479	0.349076	706	0.00311684372579157	2.62226337536727	0.878328346803573	1.96659471208425	51.7920649616809	0.000389523586340147
SNP.3	1.021e-24	0.346626	692551	3.18783078063154e-06	10.2642607082024	0.999858338702738	48.2390257865411	0.0205552	0.346626	706	0.00312710395886283	2.31605620667922	0.877976693586504	1.30301296143057	49.5420387479716	4.10544077463938e-05
SNP.30	2.709e-25	0.352342	689736	3.17670554179861e-06	10.3915549902556	0.999858833017962	49.551802091506	0.00840114	0.352342	706	0.00310352432518132	2.63550818339015	0.878785268552698	1.99688295257046	51.5486850440765	0.000305376212868081
SNP.31	2.322e-25	0.334021	697005	3.22477786332765e-06	10.4062452935098	0.999856697078078	49.7119365053119	0.00122363	0.334021	706	0.0031836916354514	3.23331397187326	0.876042288599318	3.53530547237274	53.2472419776847	0.00166920281459771
SNP.32	3.827e-25	0.353484	698804	3.13087395631944e-06	10.358554928393	0.999860869406401	49.2023169977504	0.00599589	0.353484	706	0.00309896210222641	2.74800606480735	0.878941884836929	2.262938949056	51.4652559468064	0.000280932774493265
SNP.33	1.167e-24	0.349287	715065	3.07646924413885e-06	10.2513516894471	0.999863286726669	48.0891097566168	0.00756286	0.349287	706	0.00311597093492938	2.67098689236775	0.878358273327032	2.07984144079016	50.1689511974069	7.6846556017467e-05
SNP.34	4.867e-25	0.351546	696412	3.14950588443136e-06	10.3355327709887	0.999860041551801	48.96706093381	0.00722823	0.351546	706	0.0031067332747714	2.68614228709386	0.87867514214192	2.11533712897694	51.082398062787	0.000191570812821146
SNP.35	1.906e-24	0.34898	713596	3.08405935876183e-06	10.2038322819606	0.999862949480586	47.604381420329	0.00688733	0.34898	706	0.00311724139118273	2.70224351179991	0.878314712205677	2.15362112414936	49.7580025444784	5.0950878489338e-05
SNP.36	2.563e-25	0.353608	698252	3.13285115300467e-06	10.3968369715217	0.999860781555452	49.5998519942319	0.00519002	0.353608	706	0.00309846966471362	2.79499698017181	0.878958793033447	2.3774044948374	51.9772564890693	0.00046877173597814
SNP.37	2.434e-25	0.352761	699031	3.13276865774255e-06	10.4017582265716	0.999860785220887	49.6510094989805	0.00775816	0.352761	706	0.00310184476995812	2.66241743487992	0.878842919413451	2.0594906450612	51.7105001440417	0.000359013359636707
SNP.38	1.897e-25	0.352342	692414	3.1644192254605e-06	10.425479527491	0.999859378922604	49.9029487530535	0.00840114	0.352342	706	0.00310352432518132	2.63550818339015	0.878785268552698	1.99688295257046	51.899831705624	0.000433846663971577
SNP.39	3.099e-25	0.350716	692922	3.16880397331142e-06	10.3787206874284	0.999859184099763	49.4173087649044	0.0115349	0.350716	706	0.00311010479715991	2.5260623730405	0.878559466203168	1.7488747879265	51.1661835528309	0.000208313261173147
SNP.4	5.027e-26	0.366599	745921	2.88673654069267e-06	10.5509799924054	0.999871717056816	51.1738128475744	0.00129414	0.366599	706	0.00304996799882438	3.21727608485689	0.88062732607083	3.49487497969641	54.6686878272708	0.00691568489827418
SNP.40	8.829e-24	0.405405	720238	2.87994119198136e-06	10.0539134312879	0.999872018994924	46.0523050552622	0.00670284	0.405405	706	0.00293802136576526	2.71125824327676	0.884502755795336	2.17170075231769	48.2240058075798	1.098867574513e-05
SNP.41	4.687e-26	0.367617	750311	2.86650641290754e-06	10.5575572551858	0.999872615943747	51.2397563715523	0.000229683	0.367617	706	0.00304641826228764	3.68391040648291	0.880749691365351	4.91314801215952	56.1529043837118	0.0305085985012764
SNP.42	2.61e-26	0.357434	751390	2.89728347982537e-06	10.6123851126005	0.999871248424444	51.82529582231	0.000116455	0.357434	706	0.00308355500553256	3.85347113082214	0.879471206997396	5.47180610137915	57.2971019236892	0.0957945794978488
SNP.5	5.835e-26	0.362525	746686	2.89754958661809e-06	10.5369677380422	0.999871236600521	51.0279294298224	0.000185541	0.362525	706	0.00306453216803614	3.73793079338239	0.880125630780453	5.08795787178816	56.1158873016105	0.0293999060821632
SNP.6	3.088e-25	0.325866	740714	3.07279912218759e-06	10.3790601954127	0.999863449798629	49.4056812245826	5.57998e-05	0.325866	706	0.00322388856797742	4.0299033125479	0.874673358211064	6.06398455108782	55.4696657756704	0.0154061988925038
SNP.7	1.626e-26	0.364562	746131	2.8927462501514e-06	10.656501114603	0.999871450027213	52.2936124520358	0.000806464	0.364562	706	0.00305717797786361	3.35056664735567	0.880378890794923	3.87998441061944	56.1735968626552	0.0311464738846013
SNP.8	3.718e-25	0.37797	687788	3.092051711874e-06	10.361318776249	0.999862594362376	49.2248010938979	0.0168946	0.37797	706	0.00301228904080226	2.3889935274786	0.88192791967884	1.44847923571574	50.6732803296136	0.000127248235234144
SNP.9	2.289e-25	0.352342	693270	3.16051202789391e-06	10.4076083453626	0.999859552527024	49.7162107202125	0.00840114	0.352342	706	0.00310352432518132	2.63550818339015	0.878785268552698	1.99688295257046	51.713093672783	0.000359945679580129
