snp	pvalues.df1	MAF.df1	N.df1	V.df1	z.df1	r.df1	lABF.df1	pvalues.df2	MAF.df2	N.df2	V.df2	z.df2	r.df2	lABF.df2	internal.sum.lABF	SNP.PP.H4
SNP.1	3.421e-25	0.376997	690480	3.08312312369506e-06	10.3692779094989	0.99986299107963	49.3058641897913	0.000127152	0.376997	469	0.00453909350628776	3.8319104973548	0.832128488137658	5.21701696181139	54.5228811516027	0.00558834676872955
SNP.10	2.35e-24	0.389776	730507	2.87767168578411e-06	10.1834815082902	0.99987211983606	47.3628085417277	0.000170497	0.389776	469	0.00448221601314944	3.75914207869839	0.833882583588943	4.99432938213667	52.3571379238643	0.000640785999264677
SNP.11	5.433e-25	0.342949	748017	2.96640138204998e-06	10.3249802234003	0.999868177318086	48.8285553853868	2.64302e-05	0.342949	469	0.00473116985628333	4.20222691257559	0.826259030322501	6.42023983955425	55.248795224941	0.0115489851669267
SNP.12	7.03e-25	0.340256	741952	3.00201565748345e-06	10.3002204663731	0.99986659488119	48.5791340238139	2.4007e-05	0.340256	469	0.00474915036482124	4.22393811198226	0.825713818550746	6.49252148078784	55.0716555046017	0.00967415453402033
SNP.13	4.547e-25	0.341346	744423	2.98743228360591e-06	10.3420510248352	0.999867242858638	49.0084154278356	1.86569e-05	0.341346	469	0.00474181940908051	4.28038652184737	0.825936023660008	6.69211346310822	55.7005288909438	0.0181438422790585
SNP.14	1.179e-24	0.388179	734026	2.86815187552907e-06	10.2503629363666	0.999872542830711	48.0444091165609	0.000176957	0.388179	469	0.00448890841916226	3.74982644460943	0.833675806763081	4.96433223342623	53.0087413499871	0.00122942145116088
SNP.15	4.238e-24	0.367412	737691	2.91622637480579e-06	10.1259598393293	0.999870406735488	46.7853325337269	0.000262888	0.367412	469	0.00458693806110204	3.64936632042226	0.83065867205976	4.64338453581969	51.4287170695466	0.000253224055671793
SNP.16	6.327e-24	0.451923	722598	2.79361933019321e-06	10.0866852955645	0.999875854554885	46.3672664037169	0.000180562	0.451923	469	0.00430418708050949	3.74476597959656	0.839421092399431	4.97123034163109	51.338496745348	0.00023137837746743
SNP.17	5.424e-25	0.346645	747790	2.95227080519061e-06	10.3251393298492	0.999868805178553	48.8278442722379	2.98635e-05	0.346645	469	0.00470720380685178	4.17450474172133	0.826986858323664	6.32854517967761	55.1563894519155	0.0105296153419218
SNP.18	1.06e-24	0.346645	748484	2.94953343747293e-06	10.2606416780208	0.999868926807435	48.1636067447434	2.98635e-05	0.346645	469	0.00470720380685178	4.17450474172133	0.826986858323664	6.32854517967761	54.492151924421	0.00541923286847302
SNP.19	3.748e-24	0.346645	748077	2.95113816547426e-06	10.1379718797539	0.999868855504891	46.9128920885411	2.98635e-05	0.346645	469	0.00470720380685178	4.17450474172133	0.826986858323664	6.32854517967761	53.2414372682187	0.00155152700741829
SNP.2	1.332e-26	0.333333	706391	3.18520638711661e-06	10.6750400994191	0.999858455309419	52.5387280665454	1.91468e-05	0.333333	469	0.00479744376332982	4.2746148366178	0.824253003141104	6.66115734528061	59.199885411826	0.600455032723022
SNP.20	9.183e-25	0.338658	748222	2.98367892735416e-06	10.2744887658888	0.999867409630211	48.3114381866425	9.01344e-05	0.338658	469	0.00476003030785241	3.91572109433161	0.825384262082744	5.45517174082178	53.7666099274643	0.00262324544667032
SNP.21	2.509e-24	0.341853	747474	2.97311434255841e-06	10.1771108987102	0.999867879043029	47.3140546445215	1.65582e-05	0.341853	469	0.00473843426458317	4.30686847055141	0.826038669530123	6.78668243857393	54.1007370830954	0.00366394130361017
SNP.22	1.14e-24	0.346645	748664	2.94882428621316e-06	10.2536137239149	0.999868958317008	48.0914110141925	2.98635e-05	0.346645	469	0.00470720380685178	4.17450474172133	0.826986858323664	6.32854517967761	54.4199561938701	0.00504177668939812
SNP.23	7.373e-25	0.345048	747891	2.95830338321949e-06	10.2956369325778	0.999868537134392	48.5247093141407	5.20935e-05	0.345048	469	0.00471745943620343	4.04603026925872	0.826675246921523	5.89019195664919	54.4149012707899	0.00501635520200851
SNP.24	3.496e-25	0.340256	747171	2.98104653566742e-06	10.3672052146452	0.999867526594388	49.2677886078926	2.4007e-05	0.340256	469	0.00474915036482124	4.22393811198226	0.825713818550746	6.49252148078784	55.7603100886804	0.0192615798882818
SNP.25	9.591e-24	0.397764	736351	2.83460752803582e-06	10.0457553890051	0.999874033312804	45.9624980284452	0.000828174	0.397764	469	0.00445046074174137	3.34320263888218	0.834865133312975	3.76514903654566	49.7276470649908	4.62103910732753e-05
SNP.26	8.463e-24	0.338141	738850	3.0237815666654e-06	10.0580832017586	0.999865627766472	46.1182735872187	9.78726e-05	0.338141	469	0.00476358424420199	3.89580626611149	0.825276669364739	5.3904627019339	51.5087362891526	0.000274319616997745
SNP.27	4.905e-25	0.340256	744535	2.9916008261548e-06	10.3347871118907	0.999867057639303	48.934015230927	2.4007e-05	0.340256	469	0.00474915036482124	4.22393811198226	0.825713818550746	6.49252148078784	55.4265367117148	0.0137954531439013
SNP.28	7.112e-26	0.384984	749622	2.81707614257179e-06	10.5183339669465	0.999874812289811	50.8179014943064	0.00015396	0.384984	469	0.00450264872526002	3.78459353000503	0.833251590572744	5.07175843811221	55.8896599324186	0.0219213769298499
SNP.29	2.056e-25	0.372168	692176	3.09151239027487e-06	10.4178255430676	0.999862618325639	49.8117156508074	0.000438055	0.372168	469	0.00456262405170767	3.51602786889387	0.83140496490695	4.24897413430485	54.0606897851123	0.00352010961216007
SNP.3	1.021e-24	0.370192	692551	3.09658525535725e-06	10.2642607082024	0.999862392926963	48.2247210276373	5.14284e-05	0.370192	469	0.00457258681275676	4.04903888617604	0.831099006371931	5.92359476172947	54.1483157893668	0.00384248054457762
SNP.30	2.709e-25	0.376997	689736	3.0864488071508e-06	10.3915549902556	0.999862843311998	49.5376088765734	0.000127152	0.376997	469	0.00453909350628776	3.8319104973548	0.832128488137658	5.21701696181139	54.7546258383848	0.0070457752523679
SNP.31	2.322e-25	0.352273	697005	3.1438567721032e-06	10.4062452935098	0.999860292553249	49.6994261048486	2.54931e-05	0.352273	469	0.00467224709901875	4.21038931407529	0.828050765106303	6.45930653516582	56.1587326400144	0.0286896084946918
SNP.32	3.827e-25	0.380645	698804	3.03497308982431e-06	10.358554928393	0.999865130499355	49.1869929220056	0.000121097	0.380645	469	0.00452207107689037	3.84389466485799	0.832652683651709	5.25759882531046	54.444591747316	0.00516752624359441
SNP.33	1.167e-24	0.372204	715065	2.9924362194061e-06	10.2513516894471	0.999867020520587	48.0754604436727	5.15985e-05	0.372204	469	0.00456244436083076	4.04826593540451	0.831410485320599	5.92262331589995	53.9980837595726	0.00330648636161221
SNP.34	4.867e-25	0.375806	696412	3.06069785418589e-06	10.3355327709887	0.999863987486179	48.9529723500118	0.000419957	0.375806	469	0.00454479043503051	3.52721411808651	0.83195320200582	4.28350810292335	53.2364804529352	0.00154385540370393
SNP.35	1.906e-24	0.372204	713596	2.99859641201692e-06	10.2038322819606	0.999866746807135	47.5905298114793	5.15985e-05	0.372204	469	0.00456244436083076	4.04826593540451	0.831410485320599	5.92262331589995	53.5131531273792	0.00203593560747319
SNP.36	2.563e-25	0.380259	698252	3.038561883769e-06	10.3968369715217	0.999864971040448	49.5848009375717	0.000158429	0.380259	469	0.00452384203084323	3.77747091473364	0.832598117407583	5.0466116057191	54.6314125432908	0.00622899427461634
SNP.37	2.434e-25	0.378205	699031	3.04157883125907e-06	10.4017582265716	0.99986483699012	49.636460501037	0.000138174	0.378205	469	0.00453338569721505	3.81141422915162	0.832304183131524	5.15258906367634	54.7890495647133	0.00729254000519433
SNP.38	1.897e-25	0.376997	692414	3.07451157031626e-06	10.425479527491	0.999863373710613	49.8887561037375	0.000127152	0.376997	469	0.00453909350628776	3.8319104973548	0.832128488137658	5.21701696181139	55.1057730655489	0.0100099080691113
SNP.39	3.099e-25	0.374194	692922	3.08140733391516e-06	10.3787206874284	0.999863067316065	49.40353595163	0.00024195	0.374194	469	0.00455261179665492	3.67063356259573	0.831712670448409	4.71202020494863	54.1155561565786	0.00371864182350003
SNP.4	5.027e-26	0.388179	745921	2.82241423500223e-06	10.5509799924054	0.999874575100712	51.1627063555451	0.000364637	0.388179	469	0.00448890841916226	3.5644377312456	0.833675806763081	4.39910752920016	55.5618138847452	0.0157937805833938
SNP.40	8.829e-24	0.452459	720238	2.80219334325745e-06	10.0539134312879	0.999875473582393	46.0387976661158	0.00014243	0.452459	469	0.00430329665066324	3.8039099053443	0.839448978730131	5.15872852519584	51.1975261913116	0.000200955565031552
SNP.41	4.687e-26	0.388179	750311	2.80590055135417e-06	10.5575572551858	0.999875308858648	51.2292230615748	0.000321447	0.388179	469	0.00448890841916226	3.59737329099193	0.833675806763081	4.49743052639047	55.7266535879653	0.0186240905174669
SNP.42	2.61e-26	0.378594	751390	2.82849505778639e-06	10.6123851126005	0.999874304909785	51.813455076399	0.000540832	0.378594	469	0.00453156268970173	3.45967286808739	0.832360313692551	4.08843111765129	55.9018861940503	0.022191038537091
SNP.5	5.835e-26	0.383387	746686	2.83257838282688e-06	10.5369677380422	0.999874123474324	51.016752123172	0.00018717	0.383387	469	0.00450969429074515	3.73573190038865	0.833034234219734	4.91780170402735	55.9345538271994	0.0229279380932144
SNP.6	3.088e-25	0.348243	740714	2.97407113132453e-06	10.3790601954127	0.999867836530322	49.3895911248905	2.51108e-05	0.348243	469	0.00469709194875889	4.21380149674528	0.827294331408353	6.46668673965872	55.8562778645492	0.0212016754322904
SNP.7	1.626e-26	0.384984	746131	2.8302566870254e-06	10.656501114603	0.999874226634839	52.2828520473022	0.000237825	0.384984	469	0.00450264872526002	3.67502620840701	0.833251590572744	4.73123744567451	57.0140894929767	0.0674840880035178
SNP.8	3.718e-25	0.400338	687788	3.02818264371905e-06	10.361318776249	0.999865432215649	49.2145187431355	0.000178403	0.400338	469	0.00444082661867428	3.74778510289341	0.835163683671232	4.96390878341855	54.1784275265541	0.00395994394706716
SNP.9	2.289e-25	0.376997	693270	3.07071538426437e-06	10.4076083453626	0.999863542383922	49.7020170577116	0.000127152	0.376997	469	0.00453909350628776	3.8319104973548	0.832128488137658	5.21701696181139	54.919034019523	0.00830482244339722
