snp	pvalues.df1	MAF.df1	N.df1	V.df1	z.df1	r.df1	lABF.df1	pvalues.df2	MAF.df2	N.df2	V.df2	z.df2	r.df2	lABF.df2	internal.sum.lABF	SNP.PP.H4
SNP.1	3.421e-25	0.351626	690480	3.17623282201283e-06	10.3692779094989	0.999858854021799	49.3205160902366	2.18162e-06	0.351626	368	0.00595957945365059	4.73582851658544	0.790594957196877	8.08401775871482	57.4045338489514	0.016180889244196
SNP.10	2.35e-24	0.365854	730507	2.95018029140074e-06	10.1834815082902	0.999868898065909	47.3750822562761	1.22879e-06	0.365854	368	0.00585632433187577	4.8509379295976	0.793473785130445	8.54718942067865	55.9222716769548	0.00367505720155154
SNP.11	5.433e-25	0.308163	748017	3.13526502782842e-06	10.3249802234003	0.999860674302007	48.8558337763444	2.04276e-05	0.308163	368	0.0063729117943509	4.26016504930872	0.779277135616166	6.3161291155068	55.1719628918512	0.0017354381412327
SNP.12	7.03e-25	0.306911	741952	3.16805515547671e-06	10.3002204663731	0.999859217371185	48.605655945335	1.54398e-05	0.306911	368	0.00638735015955504	4.32231862032525	0.778887640289765	6.52121797804327	55.1268739233783	0.00165892689413746
SNP.13	4.547e-25	0.306122	744423	3.16207787497679e-06	10.3420510248352	0.999859482953372	49.0364041135299	1.84669e-05	0.306122	368	0.00639653124435828	4.28266391221875	0.778640169982093	6.38661865236963	55.4230227658995	0.00223070970128146
SNP.14	1.179e-24	0.361789	734026	2.95011480759441e-06	10.2503629363666	0.999868900975537	48.0583040760863	1.2569e-06	0.361789	368	0.0058844048145633	4.84645038892605	0.792688807357195	8.52260247081224	56.5809065468985	0.00710077240477787
SNP.15	4.238e-24	0.355691	737691	2.9575251408474e-06	10.1259598393293	0.999868571713849	46.7922687262902	1.94342e-06	0.355691	368	0.00592864043118711	4.75922053815272	0.791455365389785	8.17950220288091	54.9717709291712	0.00142058385103276
SNP.16	6.327e-24	0.404082	722598	2.87353995665278e-06	10.0866852955645	0.999872303421536	46.3811873286041	1.22443e-06	0.404082	368	0.00564242996086247	4.8516428019818	0.799504521510425	8.60606196455335	54.9872492931574	0.00144274321791568
SNP.17	5.424e-25	0.313008	747790	3.10944753785929e-06	10.3251393298492	0.999861821427607	48.8534037318505	0.000115679	0.313008	368	0.00631851569112988	3.85510704857454	0.780748052437875	5.04291347805712	53.8963172099076	0.000484622147280565
SNP.18	1.06e-24	0.313008	748484	3.10656443469172e-06	10.2606416780208	0.999861949530133	48.1891711846526	0.000115679	0.313008	368	0.00631851569112988	3.85510704857454	0.780748052437875	5.04291347805712	53.2320846627097	0.000249419685690127
SNP.19	3.748e-24	0.313008	748077	3.10825459723504e-06	10.1379718797539	0.999861874432542	46.9384650611264	0.000115679	0.313008	368	0.00631851569112988	3.85510704857454	0.780748052437875	5.04291347805712	51.9813785391836	7.14094946504706e-05
SNP.2	1.332e-26	0.297959	706391	3.38380916830408e-06	10.6750400994191	0.999849631095617	52.5684633461986	2.20982e-05	0.297959	368	0.00649535962556383	4.24256247065275	0.77598623678262	6.2355947337186	58.8040580799172	0.0655855305380329
SNP.20	9.183e-25	0.310976	748222	3.11873380812339e-06	10.2744887658888	0.999861408818706	48.333253452758	0.000115563	0.310976	368	0.00634104686788505	3.85535248169809	0.780138117144912	5.04050827703607	53.373761729794	0.000287382485161494
SNP.21	2.509e-24	0.310976	747474	3.12185473659512e-06	10.1771108987102	0.999861270149238	47.3381177304351	3.4963e-05	0.310976	368	0.00634104686788505	4.13846972312762	0.780138117144912	5.92330823716233	53.2614259675974	0.00025684640677151
SNP.22	1.14e-24	0.313008	748664	3.10581752873892e-06	10.2536137239149	0.999861982716789	48.1169760460697	0.000115679	0.313008	368	0.00631851569112988	3.85510704857454	0.780748052437875	5.04291347805712	53.1598895241268	0.000232047437731667
SNP.23	7.373e-25	0.313008	747891	3.10902761810985e-06	10.2956369325778	0.99986184008555	48.5491980669353	0.000115679	0.313008	368	0.00631851569112988	3.85510704857454	0.780748052437875	5.04291347805712	53.5921115449924	0.000357510182630683
SNP.24	3.496e-25	0.306911	747171	3.1459262454194e-06	10.3672052146452	0.999860200602363	49.2943082170089	1.54398e-05	0.306911	368	0.00638735015955504	4.32231862032525	0.778887640289765	6.52121797804327	55.8155261950522	0.00330297380493716
SNP.25	9.591e-24	0.378049	736351	2.88789141262287e-06	10.0457553890051	0.999871665742346	45.9716889458687	1.99512e-06	0.378049	368	0.00577853730863114	4.75391798300835	0.795656428564025	8.19683642735097	54.1685253732197	0.000636241159351144
SNP.26	8.463e-24	0.304082	738850	3.19790047802193e-06	10.0580832017586	0.999857891287622	46.1458715235551	2.05216e-05	0.304082	368	0.00642056730485462	4.25913881907096	0.777993037371128	6.3039760746002	52.4498475981553	0.000114079993281638
SNP.27	4.905e-25	0.306911	744535	3.15706428672427e-06	10.3347871118907	0.999859705716949	48.9605359006008	1.54398e-05	0.306911	368	0.00638735015955504	4.32231862032525	0.778887640289765	6.52121797804327	55.4817538786441	0.00236564544296168
SNP.28	7.112e-26	0.357724	749622	2.90307267655721e-06	10.5183339669465	0.999870991193128	50.832723310091	1.70122e-05	0.357724	368	0.00591360637485372	4.30087892108992	0.791874136044648	6.53906333801401	57.371786648105	0.015659592503589
SNP.29	2.056e-25	0.348361	692176	3.18212232450758e-06	10.4178255430676	0.999858592340087	49.8259391422179	2.04445e-06	0.348361	368	0.00598529538610967	4.74898015569395	0.789881224506161	8.12698042906939	57.9529195712873	0.0280003382910163
SNP.3	1.021e-24	0.347561	692551	3.18381109710281e-06	10.2642607082024	0.999858517304759	48.2384044131708	2.61483e-07	0.347561	368	0.00599171619323273	5.14928378794915	0.789703219258661	9.68992145271873	57.9283258658895	0.0273201052320304
SNP.30	2.709e-25	0.351626	689736	3.17965894044014e-06	10.3915549902556	0.999858701792874	49.5522595772372	2.18162e-06	0.351626	368	0.00595957945365059	4.73582851658544	0.790594957196877	8.08401775871482	57.636277335952	0.0204008049129499
SNP.31	2.322e-25	0.320988	697005	3.29130299125427e-06	10.4062452935098	0.999853741261803	49.7219847166335	2.88665e-05	0.320988	368	0.00623384413429125	4.18222899764352	0.783048724523019	6.08412679815041	55.8061115147839	0.00327202328586086
SNP.32	3.827e-25	0.355967	698804	3.12102151563049e-06	10.358554928393	0.999861307171008	49.2007647887807	1.95504e-06	0.355967	368	0.00592658238915393	4.75801703857624	0.791512665574065	8.17548074301817	57.3762455317989	0.0157295727061051
SNP.33	1.167e-24	0.347561	715065	3.08356801005453e-06	10.2513516894471	0.999862971312321	48.0902454160129	2.61483e-07	0.347561	368	0.00599171619323273	5.14928378794915	0.789703219258661	9.68992145271873	57.7801668687316	0.0235579628686621
SNP.34	4.867e-25	0.348361	696412	3.16276672729413e-06	10.3355327709887	0.999859452346318	48.969129975095	4.59716e-06	0.348361	368	0.00598529538610967	4.5823788738884	0.789881224506161	7.51299928598334	56.4821292610784	0.00643290536667569
SNP.35	1.906e-24	0.347561	713596	3.08991580545525e-06	10.2038322819606	0.999862689265474	47.605316313774	2.61483e-07	0.347561	368	0.00599171619323273	5.14928378794915	0.789703219258661	9.68992145271873	57.2952377664927	0.0145056000778256
SNP.36	2.563e-25	0.354508	698252	3.12925468951593e-06	10.3968369715217	0.999860941353796	49.5992863889832	2.85153e-06	0.354508	368	0.00593752267789097	4.68123416030515	0.791208160248531	7.88604057004205	57.4853269590253	0.0175424556441587
SNP.37	2.434e-25	0.353061	699031	3.13155820819874e-06	10.4017582265716	0.999860839003669	49.6508192064415	1.54131e-06	0.353061	368	0.00594852246150917	4.8058037938225	0.790902235096479	8.35076350866001	58.0015827151015	0.0293966209991699
SNP.38	1.897e-25	0.351626	692414	3.16736120145378e-06	10.425479527491	0.999859248204903	49.9034062202766	2.18162e-06	0.351626	368	0.00595957945365059	4.73582851658544	0.790594957196877	8.08401775871482	57.9874239789914	0.0289833347099296
SNP.39	3.099e-25	0.34898	692922	3.17607526124875e-06	10.3787206874284	0.999858861022523	49.4184372121316	2.6745e-06	0.34898	368	0.00598035984286686	4.6943544151189	0.790018108062469	7.92443306595377	57.3428702780854	0.0152132582161119
SNP.4	5.027e-26	0.361789	745921	2.90307012640654e-06	10.5509799924054	0.999870991306439	51.1765931891756	3.97936e-06	0.361789	368	0.0058844048145633	4.61245746199802	0.792688807357195	7.64536645281402	58.8219596419897	0.0667701859384699
SNP.40	8.829e-24	0.406639	720238	2.87717280405392e-06	10.0539134312879	0.999872142002911	46.0518304697958	6.80001e-07	0.406639	368	0.00563111191860376	4.96698998056443	0.799826187642452	9.06196711135889	55.1137975811547	0.00163737541271016
SNP.41	4.687e-26	0.365854	750311	2.87231208676173e-06	10.5575572551858	0.999872357979598	51.2407535159684	3.98483e-05	0.365854	368	0.00585632433187577	4.10835747138146	0.793473785130445	5.90769979322427	57.1484533091927	0.012525296631317
SNP.42	2.61e-26	0.351626	751390	2.91875755459005e-06	10.6123851126005	0.999870294267778	51.8289338472303	1.70318e-06	0.351626	368	0.00595957945365059	4.78578772092222	0.790594957196877	8.27205775364897	60.1009916008793	0.239915942285449
SNP.5	5.835e-26	0.355691	746686	2.92189712767731e-06	10.5369677380422	0.99987015476741	51.0320526805721	2.32308e-06	0.355691	368	0.00592864043118711	4.72307248851089	0.791455365389785	8.04386005008069	59.0759127306528	0.0860742031269476
SNP.6	3.088e-25	0.315041	740714	3.12815163748247e-06	10.3790601954127	0.999860990364699	49.4144742168637	0.00015115	0.315041	368	0.00629637421740813	3.78917239056201	0.781348368031632	4.84909473718745	54.2635689540512	0.000699678716791988
SNP.7	1.626e-26	0.361789	746131	2.90225305175538e-06	10.656501114603	0.9998710276115	52.2952287754555	3.97936e-06	0.361789	368	0.0058844048145633	4.61245746199802	0.792688807357195	7.64536645281402	59.9405952282696	0.204361860592621
SNP.8	3.718e-25	0.374459	687788	3.10352577660545e-06	10.361318776249	0.999862084544336	49.2266254514544	4.67563e-06	0.374459	368	0.00580045594249976	4.57883940461308	0.795040194607288	7.54184435185198	56.7684698033063	0.00856570828769643
SNP.9	2.289e-25	0.351626	693270	3.16345037134654e-06	10.4076083453626	0.999859421970679	49.716668220589	2.18162e-06	0.351626	368	0.00595957945365059	4.73582851658544	0.790594957196877	8.08401775871482	57.8006859793038	0.0240463447593037
