snp	pvalues.df1	MAF.df1	N.df1	V.df1	z.df1	r.df1	lABF.df1	pvalues.df2	MAF.df2	N.df2	V.df2	z.df2	r.df2	lABF.df2	internal.sum.lABF	SNP.PP.H4
SNP.1	3.421e-25	0.368831	690480	3.11061186625594e-06	10.3692779094989	0.999861769693981	49.3102360981305	5.23897e-07	0.368831	581	0.00369675607816248	5.01734770915988	0.858884967774919	9.83159982310032	59.1418359212308	0.0400119548191424
SNP.10	2.35e-24	0.384416	730507	2.89238994945525e-06	10.1834815082902	0.999871465858729	47.3653251087723	9.77708e-07	0.384416	581	0.00363668004269657	4.89607291707201	0.860859143672581	9.33192114612007	56.6972462548924	0.0034715063750336
SNP.11	5.433e-25	0.333333	748017	3.00795453178429e-06	10.3249802234003	0.999866331001711	48.8354114125871	2.8319e-06	0.333333	581	0.00387263532702528	4.68264986661379	0.853157059239476	8.3944810569659	57.229892469553	0.00591348199668841
SNP.12	7.03e-25	0.332468	741952	3.03649278807764e-06	10.3002204663731	0.999865062975432	48.5847616005355	2.59566e-06	0.332468	581	0.00387767968519756	4.70046794525175	0.852993905018355	8.4645531849214	57.0493147854569	0.00493650279453532
SNP.13	4.547e-25	0.332031	744423	3.02841424609972e-06	10.3420510248352	0.99986542192498	49.0151295760076	2.39941e-06	0.332031	581	0.00388024306079913	4.71649606984987	0.852911019361867	8.52828696845886	57.5434165444664	0.00809105316087271
SNP.14	1.179e-24	0.381818	734026	2.88593009597676e-06	10.2503629363666	0.99987175288961	48.0474569028824	1.23277e-06	0.381818	581	0.00364603739178904	4.85029658852893	0.860551052645016	9.13736561244597	57.1848225153284	0.00565287844113989
SNP.15	4.238e-24	0.367188	737691	2.91697249189038e-06	10.1259598393293	0.999870373583324	46.7854587262544	6.70754e-06	0.367188	581	0.00370365637610174	4.50276385645857	0.85865879467571	7.7263138111861	54.5117725374405	0.000390282242122767
SNP.16	6.327e-24	0.43099	722598	2.82153964345369e-06	10.0866852955645	0.999874613961699	46.3721750249719	5.279e-06	0.43099	581	0.00350918916227255	4.55338314635772	0.865078871149017	7.96643659705161	54.3386116220235	0.000328228253019398
SNP.17	5.424e-25	0.335065	747790	3.00111123611325e-06	10.3251393298492	0.999866635066973	48.8359315075729	4.16164e-06	0.335065	581	0.00386265227410177	4.60314213504411	0.853480134170856	8.08186295360279	56.9177944611757	0.00432813537477401
SNP.18	1.06e-24	0.335065	748484	2.99832858318031e-06	10.2606416780208	0.999866758707467	48.171695527642	4.16164e-06	0.335065	581	0.00386265227410177	4.60314213504411	0.853480134170856	8.08186295360279	56.2535584812448	0.00222754668797774
SNP.19	3.748e-24	0.335065	748077	2.99995985874867e-06	10.1379718797539	0.999866686225654	46.9209835228604	4.16164e-06	0.335065	581	0.00386265227410177	4.60314213504411	0.853480134170856	8.08186295360279	55.0028464764632	0.00063774856961269
SNP.2	1.332e-26	0.322917	706391	3.23736769077294e-06	10.6750400994191	0.999856137690863	52.5467165896575	2.79568e-06	0.322917	581	0.00393605404552976	4.68528693056693	0.851110379833887	8.38947574442945	60.9361923340869	0.240695991898576
SNP.20	9.183e-25	0.331169	748222	3.01698714566905e-06	10.2744887658888	0.999865929659681	48.3169101404524	6.78821e-06	0.331169	581	0.003885329012232	4.50022334684523	0.852746614968083	7.6771163258278	55.9940264662802	0.0017183573836184
SNP.21	2.509e-24	0.333333	747474	3.01013965034461e-06	10.1771108987102	0.999866233911301	47.3201568605207	4.39042e-06	0.333333	581	0.00387263532702528	4.59198876937157	0.853157059239476	8.03579296306044	55.3559498235811	0.000907821216668364
SNP.22	1.14e-24	0.335065	748664	2.99760770018744e-06	10.2536137239149	0.999866790738174	48.0994999810379	4.16164e-06	0.335065	581	0.00386265227410177	4.60314213504411	0.853480134170856	8.08186295360279	56.1813629346407	0.00207239572545357
SNP.23	7.373e-25	0.333766	747891	3.00651109591617e-06	10.2956369325778	0.99986639513727	48.5326769067396	6.20244e-06	0.333766	581	0.00387012493982073	4.51936835499574	0.853238278216249	7.75409133054232	56.2867682372819	0.002302765048761
SNP.24	3.496e-25	0.332468	747171	3.0152828430169e-06	10.3672052146452	0.999866005386162	49.2734157044575	2.59566e-06	0.332468	581	0.00387767968519756	4.70046794525175	0.852993905018355	8.4645531849214	57.7379688893789	0.00982874492604818
SNP.25	9.591e-24	0.392208	736351	2.84848342105173e-06	10.0457553890051	0.999873416762187	45.9649082249345	1.72017e-06	0.392208	581	0.00361012670494813	4.7837939777954	0.861734615624674	8.87097235669373	54.8358805816283	0.00053968099733272
SNP.26	8.463e-24	0.332031	738850	3.05125697817459e-06	10.0580832017586	0.999864406966712	46.1227339292335	2.33332e-06	0.332031	581	0.00388024306079913	4.72217828601256	0.852911019361867	8.55115888110104	54.6738928103345	0.00045897257004553
SNP.27	4.905e-25	0.332468	744535	3.02595834594717e-06	10.3347871118907	0.999865531046733	48.9396425477103	2.59566e-06	0.332468	581	0.00387767968519756	4.70046794525175	0.852993905018355	8.4645531849214	57.4041957326317	0.00703950666232695
SNP.28	7.112e-26	0.368831	749622	2.86519776822506e-06	10.5183339669465	0.999872674090919	50.8262510742006	5.82751e-05	0.368831	581	0.00369675607816248	4.01968866249743	0.858884967774919	5.95979745286075	56.7860485270614	0.00379388623579804
SNP.29	2.056e-25	0.366841	692176	3.11001736799119e-06	10.4178255430676	0.999861796108823	49.8146545680375	3.82906e-07	0.366841	581	0.00370512802359151	5.07726532278664	0.858610573462724	10.0887805537329	59.9034351217705	0.0856935431660799
SNP.3	1.021e-24	0.366234	692551	3.11050315824523e-06	10.2642607082024	0.999861774524113	48.2269304057083	6.05207e-07	0.366234	581	0.00370771441092236	4.98954811215736	0.858525838888983	9.70893470796295	57.9358651136712	0.01197962718452
SNP.30	2.709e-25	0.368831	689736	3.11396720109202e-06	10.3915549902556	0.999861620609235	49.5419804307006	5.23897e-07	0.368831	581	0.00369675607816248	5.01734770915988	0.858884967774919	9.83159982310032	59.3735802538009	0.050446966316288
SNP.31	2.322e-25	0.349476	697005	3.15539280396971e-06	10.4062452935098	0.999859779984234	49.7012294318501	1.58263e-07	0.349476	581	0.00378541232587076	5.2426775239058	0.855988094120743	10.7947724691441	60.4960019009942	0.154987467638159
SNP.32	3.827e-25	0.369792	698804	3.07024617295751e-06	10.358554928393	0.999863563232067	49.1926856482213	9.55991e-07	0.369792	581	0.00369277161212977	4.90048758312202	0.859015622064995	9.33498187367806	58.5276675218994	0.0216500958265693
SNP.33	1.167e-24	0.366234	715065	3.01256818994901e-06	10.2513516894471	0.999866126005093	48.078765538688	6.05207e-07	0.366234	581	0.00370771441092236	4.98954811215736	0.858525838888983	9.70893470796295	57.787700246651	0.0103299000291015
SNP.34	4.867e-25	0.367801	696412	3.08771386671533e-06	10.3355327709887	0.999862787102553	48.9573016459252	1.86438e-06	0.367801	581	0.00370106882848013	4.767595097709	0.85874359352634	8.78101578320183	57.7383174291271	0.00983217123139599
SNP.35	1.906e-24	0.365885	713596	3.01998624922298e-06	10.2038322819606	0.999865796401947	47.5940338397847	5.77859e-07	0.365885	581	0.00370920844664461	4.99847365439591	0.858476899285393	9.74676441922529	57.34079825901	0.00660707217969556
SNP.36	2.563e-25	0.370079	698252	3.07168931645112e-06	10.3968369715217	0.999863499109861	49.5901423165456	1.24832e-06	0.370079	581	0.0036915889992954	4.84780979519951	0.859054408673154	9.1147397546684	58.704882071214	0.0258477725748021
SNP.37	2.434e-25	0.369792	699031	3.06924915582771e-06	10.4017582265716	0.999863607531851	49.640921486662	4.47405e-07	0.369792	581	0.00369277161212977	5.04759556194717	0.859015622064995	9.96354181747387	59.6044633041358	0.0635486441885061
SNP.38	1.897e-25	0.368831	692414	3.10192353333757e-06	10.425479527491	0.999862155735512	49.8931274854143	5.23897e-07	0.368831	581	0.00369675607816248	5.01734770915988	0.858884967774919	9.83159982310032	59.7247273085146	0.0716698148922198
SNP.39	3.099e-25	0.366841	692922	3.10666912250826e-06	10.3787206874284	0.999861944878626	49.4075572927211	1.58177e-06	0.366841	581	0.00370512802359151	4.80061767001496	0.858610573462724	8.91562093986529	58.3231782325864	0.0176462022683509
SNP.4	5.027e-26	0.375325	745921	2.85900919108673e-06	10.5509799924054	0.999872949068831	51.1690562837708	0.000165557	0.375325	581	0.00367055937147092	3.76649258293119	0.859744710864978	5.11622420531442	56.2852804890852	0.00229934166141299
SNP.40	8.829e-24	0.42876	720238	2.83439974622225e-06	10.0539134312879	0.999874042545225	46.0444384938598	4.36152e-06	0.42876	581	0.00351367023135907	4.5933665373937	0.864929854183998	8.12360396123398	54.1680424550938	0.00027675706308111
SNP.41	4.687e-26	0.379221	750311	2.83073552175945e-06	10.5575572551858	0.999874205358649	51.2335670305608	1.14047e-05	0.379221	581	0.00365564888135431	4.38866803173296	0.860234823539005	7.3003406605493	58.5339076911101	0.021785618490365
SNP.42	2.61e-26	0.367532	751390	2.86266730890338e-06	10.6123851126005	0.999872786527153	51.8193733285167	0.0001015	0.367532	581	0.00370220239111344	3.88697787833718	0.858706442464201	5.50846700942511	57.3278403379418	0.00652201056097525
SNP.5	5.835e-26	0.372727	746686	2.86407606263292e-06	10.5369677380422	0.999872723931809	51.0222029396893	5.82176e-05	0.372727	581	0.00368083562633929	4.01992124311719	0.859407251973418	5.96296644958422	56.9851693892735	0.0046297910985765
SNP.6	3.088e-25	0.337662	740714	3.0182665475102e-06	10.3790601954127	0.999865872812626	49.3968598273739	6.40746e-06	0.337662	581	0.00384797295606277	4.51247794279857	0.853955635885935	7.73239511666741	57.1292549440413	0.0053473296355118
SNP.7	1.626e-26	0.374026	746131	2.86217927225541e-06	10.656501114603	0.999872808212153	52.2883787533934	0.000128033	0.374026	581	0.0036756638254513	3.83021181719723	0.859577054092613	5.32367409986026	57.6120528532537	0.00866589504363075
SNP.8	3.718e-25	0.389946	687788	3.05592478766349e-06	10.361318776249	0.999864199564811	49.2190117637289	1.52341e-06	0.389946	581	0.00361760481558949	4.80814008826069	0.861487879875181	8.96963061348663	58.1886423772155	0.0154249254377796
SNP.9	2.289e-25	0.368831	693270	3.09809350096269e-06	10.4076083453626	0.999862325912277	49.7063887482999	5.23897e-07	0.368831	581	0.00369675607816248	5.01734770915988	0.858884967774919	9.83159982310032	59.5379885714003	0.0594616121334293
