snp	pvalues.df1	MAF.df1	N.df1	V.df1	z.df1	r.df1	lABF.df1	pvalues.df2	MAF.df2	N.df2	V.df2	z.df2	r.df2	lABF.df2	internal.sum.lABF	SNP.PP.H4
SNP.1	3.421e-25	0.353383	690480	3.16902838439445e-06	10.3692779094989	0.999859174128746	49.3193980546623	8.87923e-08	0.353383	574	0.00381210926630084	5.34828351211691	0.855119586661827	11.264055395237	60.5834534498993	0.0198555011308635
SNP.10	2.35e-24	0.364662	730507	2.95427066010332e-06	10.1834815082902	0.999868716319441	47.3757655018617	1.19532e-07	0.364662	574	0.00375978292177717	5.29421001657285	0.856823533805407	11.0359689357229	58.4117344375846	0.00226316005594646
SNP.11	5.433e-25	0.320352	748017	3.07006134374267e-06	10.3249802234003	0.999863571444457	48.8454815674554	8.87124e-08	0.320352	574	0.00400079804209471	5.34844648122888	0.849031035377134	11.1982993585487	60.0437809260042	0.0115745483514668
SNP.12	7.03e-25	0.316583	741952	3.11473301736279e-06	10.3002204663731	0.999861586582377	48.5972955882269	6.78544e-08	0.316583	574	0.00402610172769749	5.39676173486039	0.84822113067999	11.4095706898825	60.0068662781094	0.011155068091667
SNP.13	4.547e-25	0.31738	744423	3.10021388668021e-06	10.3420510248352	0.999862231698867	49.0266733572499	1.18953e-07	0.31738	574	0.00402068035220234	5.29509738591763	0.848394524619786	10.9504298895578	59.9771032468077	0.0108279515875873
SNP.14	1.179e-24	0.363409	734026	2.94443782388222e-06	10.2503629363666	0.999869153219837	48.0573543637405	8.3478e-08	0.363409	574	0.00376532041483096	5.3594450053852	0.856642890497356	11.3317473625695	59.38910172631	0.00601423632861521
SNP.15	4.238e-24	0.349246	737691	2.98227187161794e-06	10.1259598393293	0.999867472149443	46.7963780872533	1.57221e-07	0.349246	574	0.00383274411018416	5.24389581440646	0.854449498535101	10.7843994676234	57.5807775548767	0.000985905479817989
SNP.16	6.327e-24	0.420854	722598	2.83892375428904e-06	10.0866852955645	0.999873841528888	46.375206500466	1.3717e-08	0.420854	574	0.00357386868815636	5.67688452709456	0.862932933700792	12.9112350961392	59.2864415966052	0.00542744913224331
SNP.17	5.424e-25	0.324561	747790	3.05005650494986e-06	10.3251393298492	0.999864460306612	48.8439032383446	5.80202e-08	0.324561	574	0.00397352221922727	5.42479774404992	0.849905796957332	11.557450784924	60.4013540232686	0.0165499267720502
SNP.18	1.06e-24	0.324561	748484	3.04722846959514e-06	10.2606416780208	0.999864585963018	48.179668809293	5.80202e-08	0.324561	574	0.00397352221922727	5.42479774404992	0.849905796957332	11.557450784924	59.737119594217	0.00851770763839118
SNP.19	3.748e-24	0.324561	748077	3.04888634971594e-06	10.1379718797539	0.999864512299417	46.9289594616106	5.80202e-08	0.324561	574	0.00397352221922727	5.42479774404992	0.849905796957332	11.557450784924	58.4864102465347	0.00243863364385455
SNP.2	1.332e-26	0.313602	706391	3.28828925879726e-06	10.6750400994191	0.999853875166308	52.5543899880307	1.51152e-07	0.313602	574	0.0040467211460123	5.25115063712148	0.847562298795602	10.745088842182	63.2994788302126	0.300217281482906
SNP.20	9.183e-25	0.320802	748222	3.06694554630004e-06	10.2744887658888	0.99986370988658	48.3250035804743	1.2996e-07	0.320802	574	0.00399783298004131	5.2789024006321	0.849126040493479	10.8855620060529	59.2105655865271	0.00503087155474129
SNP.21	2.509e-24	0.320802	747474	3.07001465006637e-06	10.1771108987102	0.999863573519166	47.3298656871922	1.92586e-08	0.320802	574	0.00399783298004131	5.61853265515617	0.849126040493479	12.4569116235858	59.786777310778	0.00895135542248283
SNP.22	1.14e-24	0.324561	748664	3.04649582968655e-06	10.2536137239149	0.999864618515975	48.1074734470288	5.80202e-08	0.324561	574	0.00397352221922727	5.42479774404992	0.849905796957332	11.557450784924	59.6649242319529	0.0079244418308782
SNP.23	7.373e-25	0.324561	747891	3.04964460574663e-06	10.2956369325778	0.999864478608282	48.5396967516708	5.80202e-08	0.324561	574	0.00397352221922727	5.42479774404992	0.849905796957332	11.557450784924	60.0971475365948	0.0122090220470716
SNP.24	3.496e-25	0.318296	747171	3.08406110267506e-06	10.3672052146452	0.999862949403099	49.2845267646327	5.05485e-08	0.318296	574	0.00401449654729412	5.44937019513169	0.848592390199322	11.6558553255466	60.9403820901793	0.0283721986255359
SNP.25	9.591e-24	0.373434	736351	2.90204700296611e-06	10.0457553890051	0.999871036766862	45.9741017592498	9.4877e-08	0.373434	574	0.00372286622418309	5.33627208206045	0.858029774763912	11.2404730534962	57.214574812746	0.000683589605518435
SNP.26	8.463e-24	0.318296	738850	3.11879409642935e-06	10.0580832017586	0.999861406139968	46.1335270341603	5.05485e-08	0.318296	574	0.00401449654729412	5.44937019513169	0.848592390199322	11.6558553255466	57.7893823597068	0.00121459418101187
SNP.27	4.905e-25	0.318296	744535	3.09498011261637e-06	10.3347871118907	0.999862464247014	48.9507540502881	5.05485e-08	0.318296	574	0.00401449654729412	5.44937019513169	0.848592390199322	11.6558553255466	60.6066093758347	0.0203206382006597
SNP.28	7.112e-26	0.35589	749622	2.90972438486739e-06	10.5183339669465	0.999870695638008	50.8338511348127	2.36918e-06	0.35589	574	0.00379998852409941	4.71907625937179	0.855513681284789	8.55872304817095	59.3925741829837	0.00603515680539442
SNP.29	2.056e-25	0.352645	692176	3.16426778849614e-06	10.4178255430676	0.999859385651243	49.8231692436709	9.52749e-08	0.352645	574	0.00381573209193398	5.33551281394708	0.85500186433713	11.2044498019031	61.0276190455741	0.0309584721848464
SNP.3	1.021e-24	0.34799	692551	3.18197836867835e-06	10.2642607082024	0.999858598736315	48.2381208407266	8.41529e-08	0.34799	574	0.00383916777213687	5.35798999327838	0.85424111325954	11.2989004449776	59.5370212857042	0.00697302364799647
SNP.30	2.709e-25	0.353383	689736	3.17244673158524e-06	10.3915549902556	0.999859022245015	49.551141634497	8.87923e-08	0.353383	574	0.00381210926630084	5.34828351211691	0.855119586661827	11.264055395237	60.815197029734	0.0250337442220013
SNP.31	2.322e-25	0.334606	697005	3.22197010202045e-06	10.4062452935098	0.999856821831723	49.7115077910308	3.91187e-07	0.334606	574	0.00391242033268078	5.07319707125906	0.851871949507034	10.00761502572	59.7191228167507	0.00836578748643695
SNP.32	3.827e-25	0.353904	698804	3.12919118739493e-06	10.358554928393	0.999860944175327	49.2020522363434	7.0492e-08	0.353904	574	0.00380956675699709	5.38991249334544	0.855202223883678	11.456098323366	60.6581505597094	0.021395448523828
SNP.33	1.167e-24	0.349624	715065	3.07509643037737e-06	10.2513516894471	0.999863347723936	48.0888898272874	7.08181e-08	0.349624	574	0.00383082548604146	5.38908299009566	0.854511758924069	11.4446273074369	59.5335171347242	0.00694863188152245
SNP.34	4.867e-25	0.351523	696412	3.14960024215993e-06	10.3355327709887	0.999860037359298	48.9670756873274	7.89335e-08	0.351523	574	0.00382128816000536	5.36954965977211	0.854821385003044	11.3582370140862	60.3253127014135	0.0153381065375961
SNP.35	1.906e-24	0.349624	713596	3.08142678628775e-06	10.2038322819606	0.999863066451752	47.6039605828257	7.08181e-08	0.349624	574	0.00383082548604146	5.38908299009566	0.854511758924069	11.4446273074369	59.0485878902626	0.00427855589161612
SNP.36	2.563e-25	0.354061	698252	3.13103712813387e-06	10.3968369715217	0.999860862156339	49.5995667903238	2.20481e-07	0.354061	574	0.00380880302577305	5.18118472918589	0.855227049971	10.5128518756491	60.1124186659728	0.0123968984939279
SNP.37	2.434e-25	0.353904	699031	3.12817502874168e-06	10.4017582265716	0.999860989325377	49.6502869466731	3.64915e-08	0.353904	574	0.00380956675699709	5.50704114271929	0.855202223883678	12.001865062003	61.6521520086761	0.0578110343155275
SNP.38	1.897e-25	0.353383	692414	3.16017688674215e-06	10.425479527491	0.999859567418003	49.9022883227337	8.87923e-08	0.353383	574	0.00381210926630084	5.34828351211691	0.855119586661827	11.264055395237	61.1663437179707	0.0355653330208501
SNP.39	3.099e-25	0.351385	692922	3.16603307664132e-06	10.3787206874284	0.999859307216061	49.4168780512062	5.88002e-08	0.351385	574	0.00382197556016107	5.42241188964678	0.854799061285289	11.6018180134791	61.0186960646853	0.0306834591220484
SNP.4	5.027e-26	0.367168	745921	2.884854504173e-06	10.5509799924054	0.999871800681431	51.173491457803	5.37126e-07	0.367168	574	0.00374890863520423	5.01255290747763	0.857178495026025	9.79551931200419	60.9690107698072	0.0291961959091138
SNP.40	8.829e-24	0.420103	720238	2.84962248063728e-06	10.0539134312879	0.999873366150135	46.047082138983	3.16858e-07	0.420103	574	0.00357562089931923	5.11313361784181	0.862874946942775	10.2861287337094	56.3332108726924	0.000283154817274728
SNP.41	4.687e-26	0.363409	750311	2.88053076406047e-06	10.5575572551858	0.999871992798428	51.2421616112683	4.91081e-06	0.363409	574	0.00376532041483096	4.56856234525523	0.856642890497356	7.9686149767241	59.2107765879924	0.0050319331880101
SNP.42	2.61e-26	0.353383	751390	2.9121371309928e-06	10.6123851126005	0.999870588432588	51.8278151542444	4.55498e-07	0.353383	574	0.00381210926630084	5.04416840577898	0.855119586661827	9.91275197571531	61.7405671299597	0.0631551744109145
SNP.5	5.835e-26	0.358396	746686	2.91206979005565e-06	10.5369677380422	0.999870591424744	51.0303926343753	1.35245e-06	0.358396	574	0.0037881563471385	4.83188702218231	0.855898744015541	9.02277103111335	60.0531636654886	0.0116836604078194
SNP.6	3.088e-25	0.325815	740714	3.07304762502436e-06	10.3790601954127	0.999863438757075	49.4057210586076	6.11292e-08	0.325815	574	0.0039655912866242	5.41546625669278	0.850160487869832	11.5173498779191	60.9230709365267	0.0278852699442901
SNP.7	1.626e-26	0.364662	746131	2.89240816572438e-06	10.656501114603	0.999871465049325	52.2935548725101	7.30733e-07	0.364662	574	0.00375978292177717	4.95301244327373	0.856823533805407	9.53810112104327	61.8316559935534	0.0691780521911566
SNP.8	3.718e-25	0.373684	687788	3.10611406744774e-06	10.361318776249	0.999861969540929	49.2270360389529	7.39308e-08	0.373684	574	0.00372186059620513	5.38134633102677	0.858062680847912	11.4480858126916	60.6751218516445	0.0217616556410726
SNP.9	2.289e-25	0.353383	693270	3.15627492731069e-06	10.4076083453626	0.999859740789747	49.7155502420852	8.87923e-08	0.353383	574	0.00381210926630084	5.34828351211691	0.855119586661827	11.264055395237	60.9796056373222	0.0295071701934531
