snp	pvalues.df1	MAF.df1	N.df1	V.df1	z.df1	r.df1	lABF.df1	pvalues.df2	MAF.df2	N.df2	V.df2	z.df2	r.df2	lABF.df2	internal.sum.lABF	SNP.PP.H4
SNP.1	3.421e-25	0.368831	690480	3.11061186625594e-06	10.3692779094989	0.999861769693981	49.3102360981305	0.00019023	0.368831	581	0.00369675607816248	3.73164958110931	0.858884967774919	5.00098622328528	54.3112223214158	0.000893784625430631
SNP.10	2.35e-24	0.384416	730507	2.89238994945525e-06	10.1834815082902	0.999871465858729	47.3653251087723	0.000377428	0.384416	581	0.00363668004269657	3.55538361042436	0.860859143672581	4.45481948470408	51.8201445934764	7.40238328623027e-05
SNP.11	5.433e-25	0.333333	748017	3.00795453178429e-06	10.3249802234003	0.999866331001711	48.8354114125871	2.37045e-06	0.333333	581	0.00387263532702528	4.71896722795455	0.853157059239476	8.54013285137292	57.37554426396	0.0191448068974421
SNP.12	7.03e-25	0.332468	741952	3.03649278807764e-06	10.3002204663731	0.999865062975432	48.5847616005355	3.34007e-06	0.332468	581	0.00387767968519756	4.64871644854507	0.852993905018355	8.25819933669347	56.842960937229	0.0112396552448569
SNP.13	4.547e-25	0.332031	744423	3.02841424609972e-06	10.3420510248352	0.99986542192498	49.0151295760076	3.70084e-06	0.332031	581	0.00388024306079913	4.62751244497708	0.852911019361867	8.17370467181468	57.1888342478223	0.0158841456435048
SNP.14	1.179e-24	0.381818	734026	2.88593009597676e-06	10.2503629363666	0.99987175288961	48.0474569028824	0.000255255	0.381818	581	0.00364603739178904	3.65692904563417	0.860551052645016	4.76910221186435	52.8165591147468	0.000200497470023299
SNP.15	4.238e-24	0.367188	737691	2.91697249189038e-06	10.1259598393293	0.999870373583324	46.7854587262544	0.00127764	0.367188	581	0.00370365637610174	3.2209554652253	0.85865879467571	3.47581185529072	50.2612705815451	1.55726021089294e-05
SNP.16	6.327e-24	0.43099	722598	2.82153964345369e-06	10.0866852955645	0.999874613961699	46.3721750249719	0.00195216	0.43099	581	0.00350918916227255	3.09741556405723	0.865078871149017	3.14824361705584	49.5204186420278	7.42357803277106e-06
SNP.17	5.424e-25	0.335065	747790	3.00111123611325e-06	10.3251393298492	0.999866635066973	48.8359315075729	5.11653e-06	0.335065	581	0.00386265227410177	4.55995205991046	0.853480134170856	7.91297855496575	56.7489100625387	0.0102307439237535
SNP.18	1.06e-24	0.335065	748484	2.99832858318031e-06	10.2606416780208	0.999866758707467	48.171695527642	5.11653e-06	0.335065	581	0.00386265227410177	4.55995205991046	0.853480134170856	7.91297855496575	56.0846740826078	0.00526542212051197
SNP.19	3.748e-24	0.335065	748077	2.99995985874867e-06	10.1379718797539	0.999866686225654	46.9209835228604	5.11653e-06	0.335065	581	0.00386265227410177	4.55995205991046	0.853480134170856	7.91297855496575	54.8339620778262	0.00150749496919056
SNP.2	1.332e-26	0.322917	706391	3.23736769077294e-06	10.6750400994191	0.999856137690863	52.5467165896575	2.21136e-06	0.322917	581	0.00393605404552976	4.73308209035066	0.851110379833887	8.58104045674118	61.1277570463986	0.815861231445318
SNP.20	9.183e-25	0.331169	748222	3.01698714566905e-06	10.2744887658888	0.999865929659681	48.3169101404524	1.78256e-05	0.331169	581	0.003885329012232	4.29051904154778	0.852746614968083	6.89111566980179	55.2080258102542	0.00219133959678814
SNP.21	2.509e-24	0.333333	747474	3.01013965034461e-06	10.1771108987102	0.999866233911301	47.3201568605207	5.62923e-06	0.333333	581	0.00387263532702528	4.53985734914177	0.853157059239476	7.83271764871594	55.1528745092366	0.00207375659726144
SNP.22	1.14e-24	0.335065	748664	2.99760770018744e-06	10.2536137239149	0.999866790738174	48.0994999810379	5.11653e-06	0.335065	581	0.00386265227410177	4.55995205991046	0.853480134170856	7.91297855496575	56.0124785360037	0.00489867994873054
SNP.23	7.373e-25	0.333766	747891	3.00651109591617e-06	10.2956369325778	0.99986639513727	48.5326769067396	4.81128e-06	0.333766	581	0.00387012493982073	4.57285286834243	0.853238278216249	7.96155324323348	56.4942301499731	0.00793051030340746
SNP.24	3.496e-25	0.332468	747171	3.0152828430169e-06	10.3672052146452	0.999866005386162	49.2734157044575	3.34007e-06	0.332468	581	0.00387767968519756	4.64871644854507	0.852993905018355	8.25819933669347	57.531615041151	0.0223785357886781
SNP.25	9.591e-24	0.392208	736351	2.84848342105173e-06	10.0457553890051	0.999873416762187	45.9649082249345	0.000411286	0.392208	581	0.00361012670494813	3.53273404241516	0.861734615624674	4.3880242209888	50.3529324459233	1.70674810413565e-05
SNP.26	8.463e-24	0.332031	738850	3.05125697817459e-06	10.0580832017586	0.999864406966712	46.1227339292335	3.86825e-06	0.332031	581	0.00388024306079913	4.61833842979357	0.852911019361867	8.13753204325761	54.2602659724911	0.000849381541204962
SNP.27	4.905e-25	0.332468	744535	3.02595834594717e-06	10.3347871118907	0.999865531046733	48.9396425477103	3.34007e-06	0.332468	581	0.00387767968519756	4.64871644854507	0.852993905018355	8.25819933669347	57.1978418844037	0.0160278705941411
SNP.28	7.112e-26	0.368831	749622	2.86519776822506e-06	10.5183339669465	0.999872674090919	50.8262510742006	0.00167329	0.368831	581	0.00369675607816248	3.14281947971677	0.858884967774919	3.26264843452163	54.0888995087223	0.000715614792084512
SNP.29	2.056e-25	0.366841	692176	3.11001736799119e-06	10.4178255430676	0.999861796108823	49.8146545680375	0.000213742	0.366841	581	0.00370512802359151	3.70219527889903	0.858610573462724	4.90604688343705	54.7207014514746	0.0013460692600133
SNP.3	1.021e-24	0.366234	692551	3.11050315824523e-06	10.2642607082024	0.999861774524113	48.2269304057083	0.000213655	0.366234	581	0.00370771441092236	3.70229853995191	0.858525838888983	4.90609395931202	53.1330243650203	0.000275136373560394
SNP.30	2.709e-25	0.368831	689736	3.11396720109202e-06	10.3915549902556	0.999861620609235	49.5419804307006	0.00019023	0.368831	581	0.00369675607816248	3.73164958110931	0.858884967774919	5.00098622328528	54.5429666539859	0.00112688128078021
SNP.31	2.322e-25	0.349476	697005	3.15539280396971e-06	10.4062452935098	0.999859779984234	49.7012294318501	4.8428e-06	0.349476	581	0.00378541232587076	4.57148498320645	0.855988094120743	7.9754932204068	57.6767226522569	0.0258732569963677
SNP.32	3.827e-25	0.369792	698804	3.07024617295751e-06	10.358554928393	0.999863563232067	49.1926856482213	0.000204198	0.369792	581	0.00369277161212977	3.71376552695251	0.859015622064995	4.94424199557354	54.1369276437949	0.000750823164538285
SNP.33	1.167e-24	0.366234	715065	3.01256818994901e-06	10.2513516894471	0.999866126005093	48.078765538688	0.000213655	0.366234	581	0.00370771441092236	3.70229853995191	0.858525838888983	4.90609395931202	52.9848594980001	0.000237247051971783
SNP.34	4.867e-25	0.367801	696412	3.08771386671533e-06	10.3355327709887	0.999862787102553	48.9573016459252	6.8268e-05	0.367801	581	0.00370106882848013	3.98224274859438	0.85874359352634	5.83049915697396	54.7878008028992	0.00143948878119899
SNP.35	1.906e-24	0.365885	713596	3.01998624922298e-06	10.2038322819606	0.999865796401947	47.5940338397847	0.000212323	0.365885	581	0.00370920844664461	3.70388445193765	0.858476899285393	4.91097312807122	52.5050069678559	0.000146826186355177
SNP.36	2.563e-25	0.370079	698252	3.07168931645112e-06	10.3968369715217	0.999863499109861	49.5901423165456	9.80888e-05	0.370079	581	0.0036915889992954	3.89527148828565	0.859054408673154	5.53758572113273	55.1277280376783	0.00202225913930204
SNP.37	2.434e-25	0.369792	699031	3.06924915582771e-06	10.4017582265716	0.999863607531851	49.640921486662	9.33097e-05	0.369792	581	0.00369277161212977	3.90736097106955	0.859015622064995	5.57794442110081	55.2188659077628	0.00221522314782808
SNP.38	1.897e-25	0.368831	692414	3.10192353333757e-06	10.425479527491	0.999862155735512	49.8931274854143	0.00019023	0.368831	581	0.00369675607816248	3.73164958110931	0.858884967774919	5.00098622328528	54.8941137086995	0.00160095598797086
SNP.39	3.099e-25	0.366841	692922	3.10666912250826e-06	10.3787206874284	0.999861944878626	49.4075572927211	0.00036111	0.366841	581	0.00370512802359151	3.56698655530172	0.858610573462724	4.48410126421381	53.8916585569349	0.000587514584574286
SNP.4	5.027e-26	0.375325	745921	2.85900919108673e-06	10.5509799924054	0.999872949068831	51.1690562837708	0.000972871	0.375325	581	0.00367055937147092	3.29825684413176	0.859744710864978	3.69422013749263	54.8632764212634	0.00155234028862767
SNP.40	8.829e-24	0.42876	720238	2.83439974622225e-06	10.0539134312879	0.999874042545225	46.0444384938598	0.00108392	0.42876	581	0.00351367023135907	3.26778675642893	0.864929854183998	3.61706605644679	49.6615045503066	8.54842507211141e-06
SNP.41	4.687e-26	0.379221	750311	2.83073552175945e-06	10.5575572551858	0.999874205358649	51.2335670305608	0.00277533	0.379221	581	0.00365564888135431	2.99158528987133	0.860234823539005	2.86547549353678	54.0990425240976	0.000722910220196711
SNP.42	2.61e-26	0.367532	751390	2.86266730890338e-06	10.6123851126005	0.999872786527153	51.8193733285167	0.00204341	0.367532	581	0.00370220239111344	3.08384940928088	0.858706442464201	3.10474594640419	54.9241192749209	0.00164972153915428
SNP.5	5.835e-26	0.372727	746686	2.86407606263292e-06	10.5369677380422	0.999872723931809	51.0222029396893	0.00144803	0.372727	581	0.00368083562633929	3.18490207226305	0.859407251973418	3.37779828061249	54.4000012203018	0.000976762697782877
SNP.6	3.088e-25	0.337662	740714	3.0182665475102e-06	10.3790601954127	0.999865872812626	49.3968598273739	7.58172e-06	0.337662	581	0.00384797295606277	4.47666746808282	0.853955635885935	7.59494858117373	56.9918084085476	0.0130435745797599
SNP.7	1.626e-26	0.374026	746131	2.86217927225541e-06	10.656501114603	0.999872808212153	52.2883787533934	0.00105484	0.374026	581	0.0036756638254513	3.2754762051513	0.859577054092613	3.62954305588124	55.9179218092746	0.00445670205911049
SNP.8	3.718e-25	0.389946	687788	3.05592478766349e-06	10.361318776249	0.999864199564811	49.2190117637289	0.000115701	0.389946	581	0.00361760481558949	3.85506052709966	0.861487879875181	5.41309875062401	54.6321105143529	0.0012319493459347
SNP.9	2.289e-25	0.368831	693270	3.09809350096269e-06	10.4076083453626	0.999862325912277	49.7063887482999	0.00019023	0.368831	581	0.00369675607816248	3.73164958110931	0.858884967774919	5.00098622328528	54.7073749715852	0.00132824989352314
