snp	pvalues.df1	MAF.df1	N.df1	V.df1	z.df1	r.df1	lABF.df1	pvalues.df2	MAF.df2	N.df2	V.df2	z.df2	r.df2	lABF.df2	internal.sum.lABF	SNP.PP.H4
SNP.1	3.421e-25	0.353383	690480	3.16902838439445e-06	10.3692779094989	0.999859174128746	49.3193980546623	0.00290356	0.353383	574	0.00381210926630084	2.97776765708817	0.855119586661827	2.8252922311159	52.1446902857782	0.00756994409818601
SNP.10	2.35e-24	0.364662	730507	2.95427066010332e-06	10.1834815082902	0.999868716319441	47.3757655018617	0.00198537	0.364662	574	0.00375978292177717	3.0924121323186	0.856823533805407	3.1250685188063	50.500834020668	0.00146276637115139
SNP.11	5.433e-25	0.320352	748017	3.07006134374267e-06	10.3249802234003	0.999863571444457	48.8454815674554	0.000734362	0.320352	574	0.00400079804209471	3.37641821850596	0.849031035377134	3.89422130112452	52.7397028685799	0.013724715595918
SNP.12	7.03e-25	0.316583	741952	3.11473301736279e-06	10.3002204663731	0.999861586582377	48.5972955882269	0.000275867	0.316583	574	0.00402610172769749	3.63696724108047	0.84822113067999	4.66727021636195	53.2645658045888	0.0231978871077001
SNP.13	4.547e-25	0.31738	744423	3.10021388668021e-06	10.3420510248352	0.999862231698867	49.0266733572499	0.000214504	0.31738	574	0.00402068035220234	3.70129253745821	0.848394524619786	4.86808173743664	53.8947550946866	0.0435648438631179
SNP.14	1.179e-24	0.363409	734026	2.94443782388222e-06	10.2503629363666	0.999869153219837	48.0573543637405	0.00297181	0.363409	574	0.00376532041483096	2.97063888188815	0.856642890497356	2.80859802706117	50.8659523908017	0.00210738488496045
SNP.15	4.238e-24	0.349246	737691	2.98227187161794e-06	10.1259598393293	0.999867472149443	46.7963780872533	0.00146338	0.349246	574	0.00383274411018416	3.18184918375229	0.854449498535101	3.36167744216967	50.158055529423	0.00103826487084323
SNP.16	6.327e-24	0.420854	722598	2.83892375428904e-06	10.0866852955645	0.999873841528888	46.375206500466	0.00183966	0.420854	574	0.00357386868815636	3.11496618223306	0.862932933700792	3.19288283596668	49.5680893364327	0.000575558004255868
SNP.17	5.424e-25	0.324561	747790	3.05005650494986e-06	10.3251393298492	0.999864460306612	48.8439032383446	0.00167838	0.324561	574	0.00397352221922727	3.14193027381086	0.849905796957332	3.24677243016557	52.0906756685101	0.00717190324864645
SNP.18	1.06e-24	0.324561	748484	3.04722846959514e-06	10.2606416780208	0.999864585963018	48.179668809293	0.00167838	0.324561	574	0.00397352221922727	3.14193027381086	0.849905796957332	3.24677243016557	51.4264412394586	0.0036911447358163
SNP.19	3.748e-24	0.324561	748077	3.04888634971594e-06	10.1379718797539	0.999864512299417	46.9289594616106	0.00167838	0.324561	574	0.00397352221922727	3.14193027381086	0.849905796957332	3.24677243016557	50.1757318917762	0.00105678078178302
SNP.2	1.332e-26	0.313602	706391	3.28828925879726e-06	10.6750400994191	0.999853875166308	52.5543899880307	0.000846721	0.313602	574	0.0040467211460123	3.33705201576322	0.847562298795602	3.7786917066024	56.3330816946331	0.498985527150833
SNP.20	9.183e-25	0.320802	748222	3.06694554630004e-06	10.2744887658888	0.99986370988658	48.3250035804743	0.00130344	0.320802	574	0.00399783298004131	3.21522128872408	0.849126040493479	3.44332778173708	51.7683313622113	0.00519567609350886
SNP.21	2.509e-24	0.320802	747474	3.07001465006637e-06	10.1771108987102	0.999863573519166	47.3298656871922	0.00159776	0.320802	574	0.00399783298004131	3.15631537794794	0.849126040493479	3.2839802920721	50.6138459792643	0.00163777952501142
SNP.22	1.14e-24	0.324561	748664	3.04649582968655e-06	10.2536137239149	0.999864618515975	48.1074734470288	0.00167838	0.324561	574	0.00397352221922727	3.14193027381086	0.849905796957332	3.24677243016557	51.3542458771944	0.00343405326762933
SNP.23	7.373e-25	0.324561	747891	3.04964460574663e-06	10.2956369325778	0.999864478608282	48.5396967516708	0.00167838	0.324561	574	0.00397352221922727	3.14193027381086	0.849905796957332	3.24677243016557	51.7864691818363	0.00529077415798991
SNP.24	3.496e-25	0.318296	747171	3.08406110267506e-06	10.3672052146452	0.999862949403099	49.2845267646327	0.000850213	0.318296	574	0.00401449654729412	3.33590798297658	0.848592390199322	3.77779790249425	53.0623246671269	0.018950305715057
SNP.25	9.591e-24	0.373434	736351	2.90204700296611e-06	10.0457553890051	0.999871036766862	45.9741017592498	0.00169802	0.373434	574	0.00372286622418309	3.1385223246416	0.858029774763912	3.24986598510558	49.2239677443553	0.000407980108822444
SNP.26	8.463e-24	0.318296	738850	3.11879409642935e-06	10.0580832017586	0.999861406139968	46.1335270341603	0.000850213	0.318296	574	0.00401449654729412	3.33590798297658	0.848592390199322	3.77779790249425	49.9113249366545	0.00081124946831538
SNP.27	4.905e-25	0.318296	744535	3.09498011261637e-06	10.3347871118907	0.999862464247014	48.9507540502881	0.000850213	0.318296	574	0.00401449654729412	3.33590798297658	0.848592390199322	3.77779790249425	52.7285519527824	0.013572522570774
SNP.28	7.112e-26	0.35589	749622	2.90972438486739e-06	10.5183339669465	0.999870695638008	50.8338511348127	0.0105779	0.35589	574	0.00379998852409941	2.55634231964513	0.855513681284789	1.82805698489227	52.661908119705	0.0126974795951819
SNP.29	2.056e-25	0.352645	692176	3.16426778849614e-06	10.4178255430676	0.999859385651243	49.8231692436709	0.0035404	0.352645	574	0.00381573209193398	2.91644952741775	0.85500186433713	2.67066801080909	52.49383725448	0.0107331024359479
SNP.3	1.021e-24	0.34799	692551	3.18197836867835e-06	10.2642607082024	0.999858598736315	48.2381208407266	0.00286395	0.34799	574	0.00383916777213687	2.98197541125143	0.85424111325954	2.83513099923562	51.0732518399622	0.00259282298296381
SNP.30	2.709e-25	0.353383	689736	3.17244673158524e-06	10.3915549902556	0.999859022245015	49.551141634497	0.00290356	0.353383	574	0.00381210926630084	2.97776765708817	0.855119586661827	2.8252922311159	52.3764338656129	0.00954415821992384
SNP.31	2.322e-25	0.334606	697005	3.22197010202045e-06	10.4062452935098	0.999856821831723	49.7115077910308	0.000546043	0.334606	574	0.00391242033268078	3.45708972888301	0.851871949507034	4.13572167924815	53.8472294702789	0.0415428268442881
SNP.32	3.827e-25	0.353904	698804	3.12919118739493e-06	10.358554928393	0.999860944175327	49.2020522363434	0.00381452	0.353904	574	0.00380956675699709	2.8931064433269	0.855202223883678	2.61284047629339	51.8148927126368	0.00544331423442286
SNP.33	1.167e-24	0.349624	715065	3.07509643037737e-06	10.2513516894471	0.999863347723936	48.0888898272874	0.00302308	0.349624	574	0.00383082548604146	2.96538128116044	0.854511758924069	2.793238648926	50.8821284762134	0.00214175133076267
SNP.34	4.867e-25	0.351523	696412	3.14960024215993e-06	10.3355327709887	0.999860037359298	48.9670756873274	0.000913838	0.351523	574	0.00382128816000536	3.31579205194862	0.854821385003044	3.73426176556125	52.7013374528886	0.013208133972895
SNP.35	1.906e-24	0.349624	713596	3.08142678628775e-06	10.2038322819606	0.999863066451752	47.6039605828257	0.00302308	0.349624	574	0.00383082548604146	2.96538128116044	0.854511758924069	2.793238648926	50.3971992317517	0.00131876359704402
SNP.36	2.563e-25	0.354061	698252	3.13103712813387e-06	10.3968369715217	0.999860862156339	49.5995667903238	0.0028558	0.354061	574	0.00380880302577305	2.98284776801656	0.855227049971	2.83834605725186	52.4379128475756	0.0101493355934075
SNP.37	2.434e-25	0.353904	699031	3.12817502874168e-06	10.4017582265716	0.999860989325377	49.6502869466731	0.00229249	0.353904	574	0.00380956675699709	3.04946545007769	0.855202223883678	3.01015658503154	52.6604435317046	0.0126788966304475
SNP.38	1.897e-25	0.353383	692414	3.16017688674215e-06	10.425479527491	0.999859567418003	49.9022883227337	0.00290356	0.353383	574	0.00381210926630084	2.97776765708817	0.855119586661827	2.8252922311159	52.7275805538496	0.0135593446383842
SNP.39	3.099e-25	0.351385	692922	3.16603307664132e-06	10.3787206874284	0.999859307216061	49.4168780512062	0.00287394	0.351385	574	0.00382197556016107	2.98090919156329	0.854799061285289	2.83297677416501	52.2498548253713	0.00840940079521024
SNP.4	5.027e-26	0.367168	745921	2.884854504173e-06	10.5509799924054	0.999871800681431	51.173491457803	0.00509098	0.367168	574	0.00374890863520423	2.80121999455184	0.857178495026025	2.38998862439189	53.5634800821949	0.031279892506772
SNP.40	8.829e-24	0.420103	720238	2.84962248063728e-06	10.0539134312879	0.999873366150135	46.047082138983	0.0078493	0.420103	574	0.00357562089931923	2.65848433300841	0.862874946942775	2.05577016102255	48.1028523000056	0.00013296726578078
SNP.41	4.687e-26	0.363409	750311	2.88053076406047e-06	10.5575572551858	0.999871992798428	51.2421616112683	0.0153639	0.363409	574	0.00376532041483096	2.42368560513601	0.856642890497356	1.54485982270133	52.7870214339696	0.0143897598338022
SNP.42	2.61e-26	0.353383	751390	2.9121371309928e-06	10.6123851126005	0.999870588432588	51.8278151542444	0.00945291	0.353383	574	0.00381210926630084	2.59522468984538	0.855119586661827	1.91377364735446	53.7415888015989	0.0373780711133128
SNP.5	5.835e-26	0.358396	746686	2.91206979005565e-06	10.5369677380422	0.999870591424744	51.0303926343753	0.0110839	0.358396	574	0.0037881563471385	2.54004249730695	0.855898744015541	1.79243102765641	52.8228236620317	0.0149142787438057
SNP.6	3.088e-25	0.325815	740714	3.07304762502436e-06	10.3790601954127	0.999863438757075	49.4057210586076	0.00217369	0.325815	574	0.0039655912866242	3.06541383550396	0.850160487869832	3.04528263749402	52.4510036961016	0.0102830724629794
SNP.7	1.626e-26	0.364662	746131	2.89240816572438e-06	10.656501114603	0.999871465049325	52.2935548725101	0.00687918	0.364662	574	0.00375978292177717	2.70263713775022	0.856823533805407	2.15738688657248	54.4509417590826	0.0759774933331382
SNP.8	3.718e-25	0.373684	687788	3.10611406744774e-06	10.361318776249	0.999861969540929	49.2270360389529	0.00289978	0.373684	574	0.00372186059620513	2.97816693588807	0.858062680847912	2.82909929643199	52.0561353353849	0.00692841265170643
SNP.9	2.289e-25	0.353383	693270	3.15627492731069e-06	10.4076083453626	0.999859740789747	49.7155502420852	0.00290356	0.353383	574	0.00381210926630084	2.97776765708817	0.855119586661827	2.8252922311159	52.5408424732011	0.0112496595975055
