snp	pvalues.df1	MAF.df1	N.df1	V.df1	z.df1	r.df1	lABF.df1	pvalues.df2	MAF.df2	N.df2	V.df2	z.df2	r.df2	lABF.df2	internal.sum.lABF	SNP.PP.H4
SNP.1	3.421e-25	0.369452	690480	3.10844169911426e-06	10.3692779094989	0.9998618661192	49.3098923756813	0.00272379	0.369452	515	0.00416760548428041	2.99730393949952	0.843720296269679	2.86186628443403	52.1717586601153	0.00860560878792048
SNP.10	2.35e-24	0.382507	730507	2.89783862271871e-06	10.1834815082902	0.99987122375778	47.366253446425	0.00154204	0.382507	515	0.0041104687354687	3.16665338295909	0.84553189286779	3.30548358042302	50.671737026848	0.00192012932790314
SNP.11	5.433e-25	0.332898	748017	3.00992107318117e-06	10.3249802234003	0.999866243623243	48.8357334947281	0.00122472	0.332898	515	0.00437179054640342	3.23305962030104	0.837309295081992	3.46810856389397	52.3038420586221	0.00982075078205379
SNP.12	7.03e-25	0.331152	741952	3.04256159742666e-06	10.3002204663731	0.999864793323432	48.5857454764188	0.00231113	0.331152	515	0.00438336827637652	3.04703213589525	0.836948695144412	2.97844006984211	51.5641855462609	0.00468722658689812
SNP.13	4.547e-25	0.330709	744423	3.03451453737637e-06	10.3420510248352	0.999865150873967	49.016121107713	0.00249718	0.330709	515	0.00438633478729579	3.02368293751818	0.836856350186921	2.91898382489342	51.9351049326064	0.00679210187263696
SNP.14	1.179e-24	0.379896	734026	2.89154068508141e-06	10.2503629363666	0.999871503594111	48.0484147968907	0.00192367	0.379896	515	0.00412129328719917	3.10177054823432	0.845188088995628	3.132996887696	51.1814116845867	0.00319653432601726
SNP.15	4.238e-24	0.365183	737691	2.92372431073608e-06	10.1259598393293	0.999870073580369	46.7865991917728	0.000586014	0.365183	515	0.00418797108837128	3.43800632973294	0.84307645288944	4.05653614668257	50.8431353384554	0.00227912330497946
SNP.16	6.327e-24	0.425393	722598	2.83081832057755e-06	10.0866852955645	0.999874201679627	46.3737954058911	0.0051413	0.425393	515	0.00397192943070427	2.79804468086475	0.849956934907158	2.37876292314342	48.7525583290345	0.000281735622749659
SNP.17	5.424e-25	0.33812	747790	2.98772232771657e-06	10.3251393298492	0.999867229971212	48.8337278668338	0.0018427	0.33812	515	0.00433823083387024	3.11447911733525	0.83835630371003	3.15483937585625	51.9885672426901	0.00716510530202757
SNP.18	1.06e-24	0.33812	748484	2.98495208908029e-06	10.2606416780208	0.999867353060253	48.1694914626605	0.0018427	0.33812	515	0.00433823083387024	3.11447911733525	0.83835630371003	3.15483937585625	51.3243308385167	0.00368763877082074
SNP.19	3.748e-24	0.33812	748077	2.98657608701133e-06	10.1379718797539	0.999867280901719	46.918778731031	0.0018427	0.33812	515	0.00433823083387024	3.11447911733525	0.83835630371003	3.15483937585625	50.0736181068872	0.00105577344557656
SNP.2	1.332e-26	0.324147	706391	3.2309526584876e-06	10.6750400994191	0.999856422721462	52.5457412107254	0.000905516	0.324147	515	0.0044316813191878	3.31834797312015	0.835447283566719	3.69747385935841	56.2432150700838	0.504652758225111
SNP.20	9.183e-25	0.334204	748222	3.00321694370757e-06	10.2744887658888	0.999866541504938	48.3146554057672	0.00157234	0.334204	515	0.00436324852049469	3.16098980812567	0.837575544254603	3.27569621462723	51.5903516203944	0.00481149157885349
SNP.21	2.509e-24	0.335079	747474	3.00231774728897e-06	10.1771108987102	0.999866581458558	47.3188740825065	0.00209565	0.335079	515	0.0043575814676448	3.07633109051991	0.837752275911576	3.05484995542655	50.373724037933	0.00142529605942189
SNP.22	1.14e-24	0.33812	748664	2.98423442217493e-06	10.2536137239149	0.999867384948099	48.0972958656298	0.0018427	0.33812	515	0.00433823083387024	3.11447911733525	0.83835630371003	3.15483937585625	51.2521352414861	0.00343079069073593
SNP.23	7.373e-25	0.33812	747891	2.98731884652065e-06	10.2956369325778	0.999867247898948	48.5295205176749	0.0018427	0.33812	515	0.00433823083387024	3.11447911733525	0.83835630371003	3.15483937585625	51.6843598935312	0.00528575469593861
SNP.24	3.496e-25	0.332898	747171	3.01332911930169e-06	10.3672052146452	0.999866092195066	49.2730963377064	0.00122472	0.332898	515	0.00437179054640342	3.23305962030104	0.837309295081992	3.46810856389397	52.7412049016004	0.0152085902585762
SNP.25	9.591e-24	0.387728	736351	2.86031299623413e-06	10.0457553890051	0.999872891136662	45.9669536089615	0.0037729	0.387728	515	0.00408969773803883	2.89655042781682	0.846192394575882	2.61375256226124	48.5807061712227	0.000237250599749989
SNP.26	8.463e-24	0.330709	738850	3.05740328274661e-06	10.0580832017586	0.999864133871769	46.123726141627	0.00172399	0.330709	515	0.00438633478729579	3.13407123225534	0.836856350186921	3.2034078589011	49.3271340005281	0.000500468567565539
SNP.27	4.905e-25	0.332898	744535	3.02399770514182e-06	10.3347871118907	0.999865618162899	48.9393231683923	0.00122472	0.332898	515	0.00437179054640342	3.23305962030104	0.837309295081992	3.46810856389397	52.4074317322863	0.0108926390815877
SNP.28	7.112e-26	0.385118	749622	2.81670966029245e-06	10.5183339669465	0.999874828573834	50.8178373524431	0.00637568	0.385118	515	0.00409993694945193	2.72780751298271	0.845866666629959	2.21205032177659	53.0298876742197	0.0202984228198454
SNP.29	2.056e-25	0.367454	692176	3.10783801327442e-06	10.4178255430676	0.999861892942271	49.8143093717449	0.00277192	0.367454	515	0.00417703084403153	2.9919606388986	0.843422198352855	2.84798429279172	52.6622936645366	0.0140545920649452
SNP.3	1.021e-24	0.363874	692551	3.11906246299922e-06	10.2642607082024	0.999861394215871	48.2282841636883	0.00669057	0.363874	515	0.00419438801517005	2.7118656706616	0.842873790072039	2.1739847543817	50.40226891807	0.00146656720220216
SNP.30	2.709e-25	0.369452	689736	3.11179469304837e-06	10.3915549902556	0.999861717138437	49.5416367362158	0.00272379	0.369452	515	0.00416760548428041	2.99730393949952	0.843720296269679	2.86186628443403	52.4035030206498	0.0108499289964153
SNP.31	2.322e-25	0.344327	697005	3.17742809927148e-06	10.4062452935098	0.999858800913363	49.7046554832071	0.000813374	0.344327	515	0.00430035586860723	3.34820303115773	0.839541090809004	3.79096370017631	53.4956191833835	0.0323390247839123
SNP.32	3.827e-25	0.371053	698804	3.06594687167391e-06	10.358554928393	0.999863754260023	49.191995345897	0.000941407	0.371053	515	0.00416018628682178	3.30747623253148	0.843955093109076	3.68737503870136	52.8793703845984	0.01746197919257
SNP.33	1.167e-24	0.365535	715065	3.01500368019199e-06	10.2513516894471	0.999866017790074	48.0791638566926	0.00440026	0.365535	515	0.0041862594302456	2.84794448219498	0.843130527858806	2.49305578494843	50.572219641641	0.00173824356301165
SNP.34	4.867e-25	0.369048	696412	3.0833624632929e-06	10.3355327709887	0.999862980445229	48.9566069404749	0.00140982	0.369048	515	0.00416949634910045	3.19263300649837	0.84366047657885	3.37181315963765	52.3284201001125	0.0100651163140953
SNP.35	1.906e-24	0.365183	713596	3.0224456282143e-06	10.2038322819606	0.999865687125562	47.5944351144063	0.00440354	0.365183	515	0.00418797108837128	2.84770733264425	0.84307645288944	2.49243943587347	50.0868745502797	0.00106986242504793
SNP.36	2.563e-25	0.371693	698252	3.06620745735043e-06	10.3968369715217	0.999863742681594	49.5892624855972	0.00149654	0.371693	515	0.00415725337768903	3.17535363033987	0.844047947521538	3.3261098128825	52.9153722984797	0.0181020974665131
SNP.37	2.434e-25	0.370079	699031	3.06826622652018e-06	10.4017582265716	0.999863651205684	49.6407637201665	0.000917196	0.370079	515	0.00416468584192354	3.31476681878643	0.843812679188756	3.70742184525024	53.3481855654167	0.0279059821723348
SNP.38	1.897e-25	0.369452	692414	3.09975942774758e-06	10.425479527491	0.999862251891478	49.8927838045433	0.00272379	0.369452	515	0.00416760548428041	2.99730393949952	0.843720296269679	2.86186628443403	52.7546500889773	0.0154144534376503
SNP.39	3.099e-25	0.369452	692922	3.09748690964411e-06	10.3787206874284	0.999862352864469	49.4060994593563	0.00272379	0.369452	515	0.00416760548428041	2.99730393949952	0.843720296269679	2.86186628443403	52.2679657437903	0.00947466371953219
SNP.4	5.027e-26	0.383812	745921	2.83429718173431e-06	10.5509799924054	0.999874047102498	51.1647773864774	0.0111518	0.383812	515	0.00410516852057561	2.53790579016891	0.845700337609183	1.78913412188831	52.9539115083657	0.0188133556319493
SNP.40	8.829e-24	0.425333	720238	2.84019811715951e-06	10.0539134312879	0.999873784904832	46.0454471558608	0.00127349	0.425333	515	0.00397207497379948	3.22188778698779	0.849952261855906	3.46308972260662	49.5085368784674	0.000600010810561057
SNP.41	4.687e-26	0.389034	750311	2.80365189218881e-06	10.5575572551858	0.999875408774144	51.2288278174176	0.00457528	0.389034	515	0.0040846812716118	2.83550848290619	0.846352069077707	2.46583544328725	53.6946632607048	0.0394612341432846
SNP.42	2.61e-26	0.37859	751390	2.82850673516442e-06	10.6123851126005	0.999874304390921	51.8134571111558	0.0112549	0.37859	515	0.00412681878783532	2.5346833843452	0.845012698635982	1.782236636278	53.5956937474338	0.0357428147397863
SNP.5	5.835e-26	0.383812	746686	2.83139336762232e-06	10.5369677380422	0.999874176128411	51.0165458527005	0.00915393	0.383812	515	0.00410516852057561	2.60625120109194	0.845700337609183	1.93779958271484	52.9543454354153	0.0188215210273168
SNP.6	3.088e-25	0.340731	740714	3.00500464995219e-06	10.3790601954127	0.99986646207254	49.3946900808683	0.00124973	0.340731	515	0.00432203692094114	3.22728023361354	0.838862464708386	3.45576941842834	52.8504594992966	0.0169643657968158
SNP.7	1.626e-26	0.383812	746131	2.83349946336024e-06	10.656501114603	0.999874082547719	52.2834163426925	0.0111518	0.383812	515	0.00410516852057561	2.53790579016891	0.845700337609183	1.78913412188831	54.0725504645808	0.0575817674223589
SNP.8	3.718e-25	0.391781	687788	3.0507881918429e-06	10.361318776249	0.99986442779601	49.218182989537	0.000688955	0.391781	515	0.00407436021143931	3.39393715871977	0.846680778802515	3.93876071360628	53.1569437031433	0.0230484660483439
SNP.9	2.289e-25	0.369452	693270	3.09593206745484e-06	10.4076083453626	0.999862421949549	49.7060450430418	0.00272379	0.369452	515	0.00416760548428041	2.99730393949952	0.843720296269679	2.86186628443403	52.5679113274758	0.012788762334383
