snp	pvalues.df1	MAF.df1	N.df1	V.df1	z.df1	r.df1	lABF.df1	pvalues.df2	MAF.df2	N.df2	V.df2	z.df2	r.df2	lABF.df2	internal.sum.lABF	SNP.PP.H4
SNP.1	3.421e-25	0.352342	690480	3.17328260569171e-06	10.3692779094989	0.99985898510553	49.3200585664896	0.0340005	0.352342	706	0.00310352432518132	2.1200657599458	0.878785268552698	0.91983293673046	50.2398915032201	0.00364703701167357
SNP.10	2.35e-24	0.367617	730507	2.94421722608418e-06	10.1834815082902	0.999869163021618	47.3740844771444	0.0282429	0.367617	706	0.00304641826228764	2.19389581964087	0.880749691365351	1.05633762044809	48.4304220975925	0.000597169464744506
SNP.11	5.433e-25	0.321429	748017	3.06463095373723e-06	10.3249802234003	0.999863812729333	48.8446093554539	0.00400747	0.321429	706	0.00324701990385504	2.87757313914878	0.873887544423389	2.58279045093686	51.4273998063908	0.0119582732794501
SNP.12	7.03e-25	0.319388	741952	3.10010210267349e-06	10.3002204663731	0.999862236665677	48.5949762021783	0.00394039	0.319388	706	0.0032579701916187	2.88289480974223	0.873516035332675	2.59611204020386	51.1910882423821	0.00944147104884974
SNP.13	4.547e-25	0.319018	744423	3.09171462897862e-06	10.3420510248352	0.999862609339722	49.0253211061083	0.00414512	0.319018	706	0.00325997659950163	2.86690150169476	0.873447998412984	2.5559378117439	51.5812589178522	0.0139472516557514
SNP.14	1.179e-24	0.36558	734026	2.93696835304431e-06	10.2503629363666	0.999869485109558	48.0561019503899	0.0306983	0.36558	706	0.00305355684463414	2.16096167519645	0.880503647175233	0.99363359949674	49.0497355498866	0.00110933319208916
SNP.15	4.238e-24	0.358163	737691	2.94842476932996e-06	10.1259598393293	0.999868976068661	46.790748775614	0.0339087	0.358163	706	0.00308077396106486	2.12115572229744	0.87956681976261	0.920388098603008	47.711136874217	0.000290881425109191
SNP.16	6.327e-24	0.407143	722598	2.86666091206371e-06	10.0866852955645	0.999872609078867	46.380004631967	0.00926722	0.407143	706	0.00293405586648076	2.60203571767626	0.884640661250276	1.91491788374716	48.2949225157141	0.000521495868347198
SNP.17	5.424e-25	0.323829	747790	3.05364165968919e-06	10.3251393298492	0.999864301009618	48.8444820417317	0.000928494	0.323829	706	0.00323439475453113	3.3113427725608	0.874316268737517	3.75644169186242	52.6009237335941	0.0386654830299324
SNP.18	1.06e-24	0.323829	748484	3.05081030015201e-06	10.2606416780208	0.999864426813685	48.1802477262782	0.000928494	0.323829	706	0.00323439475453113	3.3113427725608	0.874316268737517	3.75644169186242	51.9366894181406	0.0198998655459243
SNP.19	3.748e-24	0.323829	748077	3.05247012900942e-06	10.1379718797539	0.999864353063521	46.929538573224	0.000928494	0.323829	706	0.00323439475453113	3.3113427725608	0.874316268737517	3.75644169186242	50.6859802650864	0.00569736519891266
SNP.2	1.332e-26	0.310838	706391	3.30422352081565e-06	10.6750400994191	0.999853167184339	52.5567663231894	0.00472491	0.310838	706	0.00330605348030097	2.8252136452566	0.871888451179695	2.45220667193745	55.0089729951269	0.429661011403971
SNP.20	9.183e-25	0.320774	748222	3.06708681557529e-06	10.2744887658888	0.999863703609657	48.3250262764321	0.00099911	0.320774	706	0.00325051250895662	3.29077722994363	0.873769016914672	3.69629524927927	52.0213215257113	0.0216573542024157
SNP.21	2.509e-24	0.321429	747474	3.06685724469568e-06	10.1771108987102	0.999863713810026	47.3293585249954	0.0012028	0.321429	706	0.00324701990385504	3.23821530506213	0.873887544423389	3.54651852467211	50.8758770496675	0.00688882550478498
SNP.22	1.14e-24	0.323829	748664	3.05007679907005e-06	10.2536137239149	0.999864459404896	48.1080523775179	0.000928494	0.323829	706	0.00323439475453113	3.3113427725608	0.874316268737517	3.75644169186242	51.8644940693803	0.0185138227073799
SNP.23	7.373e-25	0.322811	747891	3.05825346987924e-06	10.2956369325778	0.999864096095943	48.5410857524167	0.000832943	0.322811	706	0.00323971706209838	3.3416090159559	0.874135482752884	3.84417712511489	52.3852628775316	0.0311647121723447
SNP.24	3.496e-25	0.320774	747171	3.07140110004721e-06	10.3672052146452	0.999863511915982	49.282500561854	0.00403403	0.320774	706	0.00325051250895662	2.87548837510734	0.873769016914672	2.57752953405197	51.860030095906	0.0184313616827527
SNP.25	9.591e-24	0.374745	736351	2.89795810703014e-06	10.0457553890051	0.999871218448734	45.9734060359614	0.00882223	0.374745	706	0.00302254157233676	2.61886714115192	0.881573644859381	1.95638904589382	47.9297950818552	0.000361974554499764
SNP.26	8.463e-24	0.319018	738850	3.11503482337166e-06	10.0580832017586	0.99986157317249	46.1329325225514	0.00413755	0.319018	706	0.00325997659950163	2.8674799653221	0.873447998412984	2.55738648250552	48.6903190050569	0.000774407205947479
SNP.27	4.905e-25	0.320774	744535	3.08227528769417e-06	10.3347871118907	0.999863028750907	48.9487277660765	0.00403403	0.320774	706	0.00325051250895662	2.87548837510734	0.873769016914672	2.57752953405197	51.5262573001285	0.0132008451916011
SNP.28	7.112e-26	0.357434	749622	2.90411678673517e-06	10.5183339669465	0.999870944800206	50.8329005166722	0.02422	0.357434	706	0.00308355500553256	2.25362133464582	0.879471206997396	1.17539988916765	52.0083004058399	0.0213771792516741
SNP.29	2.056e-25	0.349076	692176	3.17909270244685e-06	10.4178255430676	0.999858726951896	49.8254702495966	0.0380913	0.349076	706	0.00311684372579157	2.07387092459769	0.878328346803573	0.835604413805818	50.6610746634025	0.00555722131851962
SNP.3	1.021e-24	0.346626	692551	3.18783078063154e-06	10.2642607082024	0.999858338702738	48.2390257865411	0.0836422	0.346626	706	0.00312710395886283	1.72993326019124	0.877976693586504	0.261975245839811	48.5010010323809	0.000640840033750007
SNP.30	2.709e-25	0.352342	689736	3.17670554179861e-06	10.3915549902556	0.999858833017962	49.551802091506	0.0340005	0.352342	706	0.00310352432518132	2.1200657599458	0.878785268552698	0.91983293673046	50.4716350282365	0.00459817086014727
SNP.31	2.322e-25	0.334021	697005	3.22477786332765e-06	10.4062452935098	0.999856697078078	49.7119365053119	0.00504529	0.334021	706	0.0031836916354514	2.80412781444163	0.876042288599318	2.40031102239844	52.1122475277104	0.0237188735796401
SNP.32	3.827e-25	0.353484	698804	3.13087395631944e-06	10.358554928393	0.999860869406401	49.2023169977504	0.0355749	0.353484	706	0.00309896210222641	2.10175320776232	0.878941884836929	0.88556196008542	50.0878789578358	0.00313272275099948
SNP.33	1.167e-24	0.349287	715065	3.07646924413885e-06	10.2513516894471	0.999863286726669	48.0891097566168	0.0440378	0.349287	706	0.00311597093492938	2.0137308426825	0.878358273327032	0.727582935624596	48.8166926922414	0.000878724591468734
SNP.34	4.867e-25	0.351546	696412	3.14950588443136e-06	10.3355327709887	0.999860041551801	48.96706093381	0.0269324	0.351546	706	0.0031067332747714	2.2124961779428	0.87867514214192	1.0959768489166	50.0630377827267	0.00305586085891327
SNP.35	1.906e-24	0.34898	713596	3.08405935876183e-06	10.2038322819606	0.999862949480586	47.604381420329	0.0460028	0.34898	706	0.00311724139118273	1.99536761809823	0.878314712205677	0.69534288221142	48.2997243025405	0.000524006002078313
SNP.36	2.563e-25	0.353608	698252	3.13285115300467e-06	10.3968369715217	0.999860781555452	49.5998519942319	0.0440551	0.353608	706	0.00309846966471362	2.01356618181404	0.878958793033447	0.72603457904922	50.3258865732812	0.00397454442057535
SNP.37	2.434e-25	0.352761	699031	3.13276865774255e-06	10.4017582265716	0.999860785220887	49.6510094989805	0.0501615	0.352761	706	0.00310184476995812	1.95858421223744	0.878842919413451	0.630309926193146	50.2813194251736	0.0038012995011309
SNP.38	1.897e-25	0.352342	692414	3.1644192254605e-06	10.425479527491	0.999859378922604	49.9029487530535	0.0340005	0.352342	706	0.00310352432518132	2.1200657599458	0.878785268552698	0.91983293673046	50.822781689784	0.00653260144040093
SNP.39	3.099e-25	0.350716	692922	3.16880397331142e-06	10.3787206874284	0.999859184099763	49.4173087649044	0.0333394	0.350716	706	0.00311010479715991	2.12797206231474	0.878559466203168	0.935009798767038	50.3523185636714	0.0040810002625246
SNP.4	5.027e-26	0.366599	745921	2.88673654069267e-06	10.5509799924054	0.999871717056816	51.1738128475744	0.0468591	0.366599	706	0.00304996799882438	1.98757150838004	0.88062732607083	0.676680444674759	51.8504932922492	0.0182564209190265
SNP.40	8.829e-24	0.405405	720238	2.87994119198136e-06	10.0539134312879	0.999872018994924	46.0523050552622	0.0185588	0.405405	706	0.00293802136576526	2.35427650982973	0.884502755795336	1.37197609218238	47.4242811474445	0.000218341419794377
SNP.41	4.687e-26	0.367617	750311	2.86650641290754e-06	10.5575572551858	0.999872615943747	51.2397563715523	0.0232414	0.367617	706	0.00304641826228764	2.26944299652537	0.880749691365351	1.20482878035381	52.4445851519061	0.0330694107637625
SNP.42	2.61e-26	0.357434	751390	2.89728347982537e-06	10.6123851126005	0.999871248424444	51.82529582231	0.0335608	0.357434	706	0.00308355500553256	2.12530945320691	0.879471206997396	0.928326152170017	52.75362197448	0.0450442586310488
SNP.5	5.835e-26	0.362525	746686	2.89754958661809e-06	10.5369677380422	0.999871236600521	51.0279294298224	0.0342711	0.362525	706	0.00306453216803614	2.11686743676341	0.880125630780453	0.911322187624146	51.9392516174465	0.0199509183434042
SNP.6	3.088e-25	0.325866	740714	3.07279912218759e-06	10.3790601954127	0.999863449798629	49.4056812245826	0.000625969	0.325866	706	0.00322388856797742	3.420105301604	0.874673358211064	4.07716382792151	53.4828450525041	0.0933978765144352
SNP.7	1.626e-26	0.364562	746131	2.8927462501514e-06	10.656501114603	0.999871450027213	52.2936124520358	0.0560601	0.364562	706	0.00305717797786361	1.91056815513452	0.880378890794923	0.545097646826466	52.8387100988622	0.0490447749784611
SNP.8	3.718e-25	0.37797	687788	3.092051711874e-06	10.361318776249	0.999862594362376	49.2248010938979	0.0120963	0.37797	706	0.00301228904080226	2.50932247499255	0.88192791967884	1.70838745455631	50.9331885484542	0.00729516722928821
SNP.9	2.289e-25	0.352342	693270	3.16051202789391e-06	10.4076083453626	0.999859552527024	49.7162107202125	0.0340005	0.352342	706	0.00310352432518132	2.1200657599458	0.878785268552698	0.91983293673046	50.636043656943	0.00541984498247816
