snp	pvalues.df1	MAF.df1	N.df1	V.df1	z.df1	r.df1	lABF.df1	pvalues.df2	MAF.df2	N.df2	V.df2	z.df2	r.df2	lABF.df2	internal.sum.lABF	SNP.PP.H4
SNP.1	3.826e-26	0.37594	729124	2.92296575114627e-06	10.5765977040855	0.999870107285369	51.4505434503542	7.55172e-11	0.37594	574	0.00371289979153096	6.50926936920591	0.858356007116369	17.207305016751	68.6578484671051	0.0167836690795315
SNP.10	2.512e-26	0.371859	735717	2.90953626316269e-06	10.6159595730136	0.999870703996811	51.8653099969038	3.76134e-12	0.371859	574	0.00372926008871997	6.94587038325916	0.857820614226028	19.7174943855086	71.5828043824123	0.312736896360794
SNP.11	2.001e-26	0.371537	736087	2.9091028268439e-06	10.6371770939076	0.999870723255667	52.0906768884372	9.12867e-12	0.371537	574	0.00373057974303667	6.81961203377484	0.857777457472056	18.9711934285756	71.0618703170128	0.185754922690044
SNP.12	5.865e-25	0.344612	735416	3.01028800753705e-06	10.3176350171203	0.999866227319412	48.7599915760145	4.38729e-08	0.344612	574	0.00385681875496667	5.47450792826161	0.853669033777459	11.8313894896634	60.5913810656779	5.26822878740676e-06
SNP.13	1.603e-24	0.343583	736327	3.01084079118605e-06	10.2206273847751	0.999866202757823	47.7640312463494	1.4616e-07	0.343583	574	0.00386230551786001	5.25733239084127	0.853491360410668	10.8347205089457	58.5987517552952	7.18251783654007e-07
SNP.14	1.201e-24	0.326196	731898	3.10818763177215e-06	10.2485758454252	0.999861877407963	48.0657152338905	1.76825e-06	0.326196	574	0.00396319914863898	4.77825277612152	0.850237338033909	8.75682999639886	56.8225452302894	1.21585006021323e-07
SNP.15	2.864e-24	0.328321	735338	3.08334813307038e-06	10.1642217636576	0.999862981081953	47.2009284451325	6.62626e-07	0.328321	574	0.00395000531267545	4.97200908296055	0.850661454847326	9.56377773988366	56.7647061850162	1.14752152956229e-07
SNP.16	2.976e-24	0.349624	734515	2.9936676977159e-06	10.1604824995367	0.999866965802776	47.148383221702	2.36829e-07	0.349624	574	0.00383082548604146	5.1678288709726	0.854511758924069	10.4466600142415	57.5950432359435	2.63251977231742e-07
SNP.17	2.433e-24	0.349624	734919	2.99202201737579e-06	10.1801044829478	0.999867038924671	47.3476468931358	2.36829e-07	0.349624	574	0.00383082548604146	5.1678288709726	0.854511758924069	10.4466600142415	57.7943069073772	3.2130002157519e-07
SNP.2	6.898e-26	0.37594	735016	2.89953481330851e-06	10.5212126482425	0.999871148390952	50.8624015547585	7.55172e-11	0.37594	574	0.00371289979153096	6.50926936920591	0.858356007116369	17.207305016751	68.0697065715095	0.00932094892441961
SNP.3	7.721e-26	0.376884	735317	2.8954681637983e-06	10.5105887743129	0.999871329084388	50.7500046666003	1.35557e-10	0.376884	574	0.00370921073832696	6.42080340630998	0.858476824221845	16.7184443821177	67.468449048718	0.00510901648318965
SNP.4	4.174e-25	0.334171	733083	3.06538756128844e-06	10.3502487293288	0.99986377911149	49.1059114629562	5.63228e-08	0.334171	574	0.00391495384946344	5.43009899619348	0.851790244579853	11.6033696035361	60.7092810664923	5.92745065048968e-06
SNP.5	1.851e-26	0.368421	734722	2.92465674325103e-06	10.6444369108822	0.999870032149693	52.1705439120922	2.44074e-11	0.368421	574	0.00374357082180294	6.67688519259204	0.857352840921602	18.1370454385874	70.3075893506797	0.0873695844954473
SNP.6	3.431e-25	0.344221	727190	3.04598134520649e-06	10.3689989629982	0.999864641375762	49.2970017160256	4.71652e-08	0.344221	574	0.00385889751641238	5.46167913065875	0.853601710238084	11.7707312621436	61.0677329781692	8.48284700416049e-06
SNP.7	1.264e-26	0.370927	734463	2.91749815123689e-06	10.6799056938749	0.999870350226744	52.5474619660266	6.63481e-12	0.370927	574	0.00373309136698937	6.86530766876442	0.857695331641816	19.2377484199634	71.78521038599	0.382897854018731
SNP.8	6.022e-25	0.345477	734899	3.0088344706424e-06	10.3150977458211	0.999866291903773	48.7335816389467	3.95863e-08	0.345477	574	0.00385224641749239	5.49268745818558	0.85381715256976	11.9182190752551	60.6518007142018	5.59634586761025e-06
SNP.9	2.354e-20	0.453634	732842	2.75277293570431e-06	9.24492760920177	0.999877669502772	38.2247234450962	5.90351e-12	0.453634	574	0.00351454289851467	6.88195877478774	0.864900839802366	19.4805654140985	57.7052888591947	2.939345974943e-07
