snp	pvalues.df1	MAF.df1	N.df1	V.df1	z.df1	r.df1	lABF.df1	pvalues.df2	MAF.df2	N.df2	V.df2	z.df2	r.df2	lABF.df2	internal.sum.lABF	SNP.PP.H4
SNP.1	3.826e-26	0.393041	729124	2.87456013844154e-06	10.5765977040855	0.999872258091705	51.4423152743372	2.27271e-40	0.393041	584	0.00358888833284427	13.3013682128962	0.862436134224773	75.3020251530844	126.744340427422	6.74372045591157e-06
SNP.10	2.512e-26	0.390181	735717	2.85622321124013e-06	10.6159595730136	0.999873072858711	51.8561979091306	8.95111e-46	0.390181	584	0.00359823967860266	14.2016260140291	0.862127111908135	85.9488509997945	137.805048908925	0.429046357091134
SNP.11	2.001e-26	0.389896	736087	2.85553971361415e-06	10.6371770939076	0.999873103228674	52.0815207950312	2.36757e-45	0.389896	584	0.00359918777598476	14.1333077775716	0.8620957936746	85.1113869609362	137.192907755967	0.232624093615086
SNP.12	5.865e-25	0.363402	735416	2.93889687457733e-06	10.3176350171203	0.999869399419869	48.7481612732502	2.23059e-34	0.363402	584	0.00370087634231877	12.226987317787	0.8587499023328	63.2126081926776	111.960769465928	2.56139329302612e-12
SNP.13	1.603e-24	0.354447	736327	2.96767316784325e-06	10.2206273847751	0.999868120809177	47.7569118006071	9.82361e-29	0.354447	584	0.00374174294633308	11.1218299453897	0.857412560058023	52.054966823868	99.8118786244751	1.35606346164221e-17
SNP.14	1.201e-24	0.340674	731898	3.04144699389522e-06	10.2485758454252	0.999864842847974	48.0550192446687	1.64232e-29	0.340674	584	0.00381169344509918	11.280274881959	0.855133100685728	53.4395653287754	101.494584573444	7.2957496438151e-17
SNP.15	2.864e-24	0.342784	735338	3.01824385164473e-06	10.1642217636576	0.999865873821061	47.1904088648718	2.46954e-30	0.342784	584	0.00380039280373413	11.4457518819591	0.855500530653879	55.0702847976547	102.260693662526	1.56959234707678e-16
SNP.16	2.976e-24	0.367268	734515	2.92931749891627e-06	10.1604824995367	0.999869825058881	47.1376673247189	4.28576e-31	0.367268	584	0.00368429390876111	11.5966400910554	0.859293746029624	56.7992567242907	103.93692404901	8.39004866302705e-16
SNP.17	2.433e-24	0.365979	734919	2.93204559788223e-06	10.1801044829478	0.999869703841618	47.3376617729095	9.40002e-31	0.365979	584	0.00368975345676372	11.5292119478796	0.859114616605495	56.1180250102525	103.455686783162	5.18520332367954e-16
SNP.2	6.898e-26	0.393041	735016	2.8515172273543e-06	10.5212126482425	0.999873281960503	50.8541711594874	2.27271e-40	0.393041	584	0.00358888833284427	13.3013682128962	0.862436134224773	75.3020251530844	126.156196312572	3.74517241342237e-06
SNP.3	7.721e-26	0.394057	735317	2.84776782046114e-06	10.5105887743129	0.999873448558607	50.7418171252306	1.03282e-40	0.394057	584	0.003585637141161	13.3602030716649	0.862543624226714	75.9876490266626	126.729466151893	6.64415481880847e-06
SNP.4	4.174e-25	0.350515	733083	2.9959952640678e-06	10.3502487293288	0.999866862382916	49.0946293946613	1.9146e-32	0.350515	584	0.00376081026741201	11.8597876825779	0.856790014126909	59.2839912385235	108.378620633185	7.12473632727482e-14
SNP.5	1.851e-26	0.385309	734722	2.87329986410111e-06	10.6444369108822	0.999872314089591	52.1618163430369	4.56542e-44	0.385309	584	0.00361485723073989	13.9234174440936	0.861578518358322	82.5247489222822	134.686565265319	0.0189742221299358
SNP.6	3.431e-25	0.363402	727190	2.9721417840099e-06	10.3689989629982	0.999867922256434	49.2849095816069	2.23059e-34	0.363402	584	0.00370087634231877	12.226987317787	0.8587499023328	63.2126081926776	112.497517774285	4.38109929671642e-12
SNP.7	1.264e-26	0.389175	734463	2.86377137884243e-06	10.6799056938749	0.999872737469864	52.5383057890322	2.76238e-45	0.389175	584	0.00360159951749786	14.1224450588958	0.862016137551898	84.9714288591259	137.509734648158	0.319338194105148
SNP.8	6.022e-25	0.364341	734899	2.93771798172833e-06	10.3150977458211	0.999869451801425	48.7217914768943	1.30311e-34	0.364341	584	0.00369679110796947	12.2705834059609	0.858883819291713	63.6807873755942	112.402578852489	3.98429646989265e-12
SNP.9	2.354e-20	0.470361	732842	2.73872477883592e-06	9.24492760920177	0.999878293712942	38.2221922619404	1.32011e-31	0.470361	584	0.0034367338088556	11.6970182197276	0.867495505248151	58.3349001899173	96.5570924518577	5.2329229447723e-19
