snp	pvalues.df1	MAF.df1	N.df1	V.df1	z.df1	r.df1	lABF.df1	pvalues.df2	MAF.df2	N.df2	V.df2	z.df2	r.df2	lABF.df2	internal.sum.lABF	SNP.PP.H4
SNP.1	3.826e-26	0.394309	729124	2.87131473846142e-06	10.5765977040855	0.999872402294876	51.4417585893912	1.09591e-12	0.394309	670	0.00312469326472529	7.11789097707141	0.878059290995428	21.191051089537	72.6328096789282	0.484548222759225
SNP.10	2.512e-26	0.379076	735717	2.88731706172831e-06	10.6159595730136	0.999871691262501	51.8615331272544	2.27294e-10	0.379076	670	0.00317051977119935	6.34166577494548	0.876491796837068	16.5790908405415	68.4406239677959	0.00732308177014027
SNP.11	2.001e-26	0.378747	736087	2.8868429372331e-06	10.6371770939076	0.999871712329294	52.0868927241634	1.03188e-09	0.378747	670	0.00317159336886433	6.10439933595381	0.876455141553037	15.284401414591	67.3712941387544	0.00251356337375609
SNP.12	5.865e-25	0.355014	735416	2.96921169325617e-06	10.3176350171203	0.999868052448309	48.7532200028076	1.40918e-08	0.355014	670	0.00325911311433982	5.67226956932891	0.873477277735719	13.0182427003099	61.7714627031175	9.29638170548838e-06
SNP.13	1.603e-24	0.352528	736327	2.97498424067418e-06	10.2206273847751	0.999867795958412	47.7581249415763	1.80045e-08	0.352528	670	0.00326949435967596	5.63015762818308	0.873125397260722	12.8061810351358	60.5643059767121	2.78004894627912e-06
SNP.14	1.201e-24	0.340599	731898	3.04177071230657e-06	10.2485758454252	0.999864828464378	48.0550716970942	2.43602e-08	0.340599	670	0.00332278492656083	5.57778390833448	0.87132352548299	12.5289394568096	60.5840111539038	2.83537360428726e-06
SNP.15	2.864e-24	0.342818	735338	3.018100644812e-06	10.1642217636576	0.999865880184102	47.1903854726425	8.57395e-09	0.342818	670	0.00331242401784293	5.75676822898566	0.871673268052888	13.4172040252805	60.607589497923	2.90302139603419e-06
SNP.16	2.976e-24	0.371274	734515	2.91617362548699e-06	10.1604824995367	0.999870409079295	47.1354492097341	2.23635e-11	0.371274	670	0.0031969750306337	6.68969578784046	0.875589440904132	18.5501182359499	65.6855674456841	0.000465787724302984
SNP.17	2.433e-24	0.371274	734919	2.91457054522278e-06	10.1801044829478	0.999870480308847	47.3347134693106	2.23635e-11	0.371274	670	0.0031969750306337	6.68969578784046	0.875589440904132	18.5501182359499	65.8848317052605	0.000568495991793847
SNP.2	6.898e-26	0.394309	735016	2.84829784299382e-06	10.5212126482425	0.999873425008013	50.8536143257491	1.09591e-12	0.394309	670	0.00312469326472529	7.11789097707141	0.878059290995428	21.191051089537	72.0446654152861	0.26909721105715
SNP.3	7.721e-26	0.394022	735317	2.8478562850144e-06	10.5105887743129	0.999873444627844	50.7418324381654	1.16528e-12	0.394022	670	0.00312548826854915	7.10942429208402	0.878032050129357	21.1375896248968	71.8794220630622	0.22811031313606
SNP.4	4.174e-25	0.345528	733083	3.01607778936849e-06	10.3502487293288	0.999865970064682	49.0979215310367	1.26108e-08	0.345528	670	0.00330005276725914	5.69125636362165	0.872091239617658	13.0954725668959	62.1933940979326	1.41760887630265e-05
SNP.5	1.851e-26	0.378049	734722	2.89429434476749e-06	10.6444369108822	0.999871381240701	52.1654031207545	9.27544e-10	0.378049	670	0.00317388317847203	6.12140399272091	0.87637697202216	15.3743586863664	67.5397618071209	0.00297477702184836
SNP.6	3.431e-25	0.35462	727190	3.00430055579809e-06	10.3689989629982	0.999866493357257	49.2902130264231	1.49293e-08	0.35462	670	0.00326074227040419	5.66237399222736	0.873422037448417	12.968589538471	62.2588025648941	1.51343216619458e-05
SNP.7	1.264e-26	0.378049	734463	2.89531498465717e-06	10.6799056938749	0.999871335890599	52.543702399821	9.27544e-10	0.378049	670	0.00317388317847203	6.12140399272091	0.87637697202216	15.3743586863664	67.9180610861874	0.004342578797474
SNP.8	6.022e-25	0.355978	734899	2.9676896764326e-06	10.3150977458211	0.999868120075656	48.7267953023658	1.45223e-08	0.355978	670	0.00325515250077708	5.66711367857092	0.873611600603846	12.994334802666	61.7211301050318	8.84005114655756e-06
SNP.9	2.354e-20	0.471545	732842	2.7379688163955e-06	9.24492760920177	0.999878327303096	38.222055681556	8.52e-10	0.471545	670	0.00299477394529091	6.13492384166738	0.882533810587323	15.5372883533314	53.7593440348874	3.0810235748723e-09
