snp	pvalues.df1	MAF.df1	N.df1	V.df1	z.df1	r.df1	lABF.df1	pvalues.df2	MAF.df2	N.df2	V.df2	z.df2	r.df2	lABF.df2	internal.sum.lABF	SNP.PP.H4
SNP.1	3.826e-26	0.398172	729124	2.86170923200371e-06	10.5765977040855	0.999872829097518	51.4401072038267	4.90308e-11	0.398172	515	0.00405153569335043	6.57384947501999	0.847408611684743	17.3705963268238	68.8107035306506	0.000517187005185108
SNP.10	2.512e-26	0.39267	735717	2.84974996067743e-06	10.6159595730136	0.99987336048579	51.8550797909046	4.95139e-14	0.39267	515	0.00407108639188295	7.53319416446512	0.846785098213876	23.0891529539217	74.9442327448262	0.238454485695046
SNP.11	2.001e-26	0.39267	736087	2.84831751113621e-06	10.6371770939076	0.999873424134094	52.0802729137538	9.30911e-14	0.39267	515	0.00407108639188295	7.45035259332921	0.846785098213876	22.563612483602	74.6438853973558	0.176590079034873
SNP.12	5.865e-25	0.362924	735416	2.9405596701138e-06	10.3176350171203	0.999869325537153	48.7484401182661	7.58336e-12	0.362924	515	0.00419909636962409	6.84620724122395	0.842725150263832	18.8246169739775	67.5730570922436	0.000150018419444827
SNP.13	1.603e-24	0.362259	736327	2.93924478477763e-06	10.2206273847751	0.999869383961233	47.7521656433888	3.28099e-09	0.362259	515	0.00420241804784652	5.91688345611884	0.842620318492638	13.8253151432028	61.5774807865916	3.73507115845447e-07
SNP.14	1.201e-24	0.346457	731898	3.01714328970598e-06	10.2485758454252	0.999865922721807	48.0510650291106	4.96404e-09	0.346457	515	0.00428784687271695	5.84837314346248	0.839933127395765	13.4482313024239	61.4992963315345	3.45417075415013e-07
SNP.15	2.864e-24	0.348564	735338	2.99453027989144e-06	10.1642217636576	0.999866927475992	47.1865199332241	3.61155e-09	0.348564	515	0.00427571244068895	5.90106845843982	0.840313775024283	13.7136867504296	60.9002066836537	1.89741563328138e-07
SNP.16	2.976e-24	0.369452	734515	2.92208712470734e-06	10.1604824995367	0.999870146325291	47.1364484030659	2.75721e-09	0.369452	515	0.00416760548428041	5.94543657264401	0.843720296269679	13.9839497023758	61.1203981054417	2.36477809561328e-07
SNP.17	2.433e-24	0.369452	734919	2.9204807936717e-06	10.1801044829478	0.999870217699246	47.3357126177619	2.75721e-09	0.369452	515	0.00416760548428041	5.94543657264401	0.843720296269679	13.9839497023758	61.3196623201377	2.88622206717463e-07
SNP.2	6.898e-26	0.398172	735016	2.83876933573619e-06	10.5212126482425	0.999873848390204	50.8519624997995	4.90308e-11	0.398172	515	0.00405153569335043	6.57384947501999	0.847408611684743	17.3705963268238	68.2225588266233	0.000287223258415515
SNP.3	7.721e-26	0.397906	735317	2.83824976383068e-06	10.5105887743129	0.999873871476463	50.740166754778	5.20674e-11	0.397906	515	0.00405245301279744	6.56490112417944	0.84737933588116	17.3202464043774	68.0604131591554	0.000244230914768609
SNP.4	4.174e-25	0.351175	733083	2.99340644497055e-06	10.3502487293288	0.99986697741092	49.0942033801571	3.21325e-10	0.351175	515	0.00426100073184144	6.2881241044559	0.840775732771028	15.7036276365136	64.7978310166708	9.35145557152681e-06
SNP.5	1.851e-26	0.387728	734722	2.86665478247554e-06	10.6444369108822	0.999872609351224	52.1606755284636	1.33584e-13	0.387728	515	0.00408969773803883	7.40255980360616	0.846192394575882	22.248753188284	74.4094287167476	0.139682840601437
SNP.6	3.431e-25	0.362924	727190	2.97382338915058e-06	10.3689989629982	0.999867847538175	49.2851883420367	7.58336e-12	0.362924	515	0.00419909636962409	6.84620724122395	0.842725150263832	18.8246169739775	68.1098053160141	0.000256596883469588
SNP.7	1.264e-26	0.391645	734463	2.85726429276174e-06	10.6799056938749	0.999873026600169	52.5371850257598	5.30996e-14	0.391645	515	0.00407486389175663	7.52406334012976	0.846664731441178	23.0279283319513	75.565113357711	0.443660251122057
SNP.8	6.022e-25	0.363874	734899	2.93932884357249e-06	10.3150977458211	0.999869380226262	48.7220617270226	7.59942e-12	0.363874	515	0.00419438801517005	6.84590443371675	0.842873790072039	18.8258803090176	67.5479420360402	0.000146297618054492
SNP.9	2.354e-20	0.466057	732842	2.74173654261484e-06	9.24492760920177	0.999878159889372	38.2227360218817	9.00045e-12	0.466057	515	0.00390147512886009	6.82164397812364	0.852225108263163	18.8730412209247	57.0957772428064	4.22590530995516e-09
