snp	pvalues.df1	MAF.df1	N.df1	V.df1	z.df1	r.df1	lABF.df1	pvalues.df2	MAF.df2	N.df2	V.df2	z.df2	r.df2	lABF.df2	internal.sum.lABF	SNP.PP.H4
SNP.1	3.826e-26	0.40224	729124	2.85204585843587e-06	10.5765977040855	0.999873258471743	51.4384401853558	6.02157e-21	0.40224	706	0.00294546045961217	9.38962247095789	0.884244167469978	37.9015618996314	89.3400020849872	4.56210633769991e-07
SNP.10	2.512e-26	0.389796	735717	2.85724041633615e-06	10.6159595730136	0.999873027661074	51.8563733761802	1.63402e-26	0.389796	706	0.00297750757420055	10.6560433566156	0.883131912902827	49.0670160156661	100.923389391846	0.048951566373398
SNP.11	2.001e-26	0.389571	736087	2.85640035727254e-06	10.6371770939076	0.999873064987553	52.0816692869175	1.9537e-27	0.389571	706	0.00297812913567093	10.8518776766181	0.883110368119558	50.9257105821604	103.007379869078	0.393398009085408
SNP.12	5.865e-25	0.357434	735416	2.96021548879272e-06	10.3176350171203	0.999868452174272	48.7517242645877	6.63488e-23	0.357434	706	0.00308355500553256	9.853270963479	0.879471206997396	41.6346546652745	90.3863789298622	1.29897590017613e-06
SNP.13	1.603e-24	0.353319	736327	2.97195469613849e-06	10.2206273847751	0.999867930569254	47.7576226104211	6.67488e-16	0.353319	706	0.00309961825147814	8.07632324200778	0.878919356490827	27.6089859225598	75.3666085329809	3.89580930799594e-13
SNP.14	1.201e-24	0.339468	731898	3.04667928710584e-06	10.2485758454252	0.99986461036452	48.0558663452374	7.99258e-18	0.339468	706	0.00315843976894361	8.59969848656575	0.876904449476054	31.3782555587942	79.4341219040315	2.27560198014679e-11
SNP.15	2.864e-24	0.341141	735338	3.02521742917631e-06	10.1642217636576	0.999865563967513	47.1915466092941	5.29411e-18	0.341141	706	0.00315093106789752	8.64684867584719	0.877161142433502	31.7433477083631	78.9348943176572	1.38128888466911e-11
SNP.16	2.976e-24	0.370672	734515	2.91811564517423e-06	10.1604824995367	0.999870322789685	47.1357775756377	2.2659e-17	0.370672	706	0.003035976930758	8.47928090893407	0.881109818551677	30.6103295346092	77.7461071102469	4.2072739631214e-12
SNP.17	2.433e-24	0.370672	734919	2.91651149734208e-06	10.1801044829478	0.99987039406666	47.3350418204748	2.2659e-17	0.370672	706	0.003035976930758	8.47928090893407	0.881109818551677	30.6103295346092	77.945371355084	5.13499653246217e-12
SNP.2	6.898e-26	0.40224	735016	2.82918342523998e-06	10.5212126482425	0.999874274323367	50.8502950382887	6.02157e-21	0.40224	706	0.00294546045961217	9.38962247095789	0.884244167469978	37.9015618996314	88.7518569379201	2.53359510946945e-07
SNP.3	7.721e-26	0.402863	735317	2.82659790860905e-06	10.5105887743129	0.999874389206338	50.7381387382276	4.75271e-21	0.402863	706	0.00294397378805195	9.41451510301494	0.884295833167601	38.1105788131118	88.8487175513394	2.79127895997774e-07
SNP.4	4.174e-25	0.344898	733083	3.01868123171937e-06	10.3502487293288	0.999865854387161	49.0983466849259	2.02247e-21	0.344898	706	0.00313448143540019	9.5038620976759	0.877724016251345	38.5887690966047	87.6871157815306	8.73626910415911e-08
SNP.5	1.851e-26	0.384929	734722	2.8743594517066e-06	10.6444369108822	0.999872267008837	52.161998003426	1.13601e-26	0.384929	706	0.00299129621115691	10.6898120118825	0.882654213172271	49.3600516748631	101.522049678289	0.0890761528937833
SNP.6	3.431e-25	0.357143	727190	2.99478456884383e-06	10.3689989629982	0.999866916177268	49.2886497268245	6.27682e-23	0.357143	706	0.00308467052495403	9.85884345490948	0.879432861097609	41.6812531805433	90.9699029073678	2.32821100215095e-06
SNP.7	1.264e-26	0.389002	734463	2.86423375922412e-06	10.6799056938749	0.999872716924856	52.538385329833	2.68631e-27	0.389002	706	0.00297970781799012	10.8227377279306	0.883055652000598	50.6438550736694	103.182240403502	0.468568536208049
SNP.8	6.022e-25	0.358163	734899	2.95962631125065e-06	10.3150977458211	0.999868478353052	48.7254541675007	8.42569e-23	0.358163	706	0.00308077396106486	9.82923435166556	0.87956681976261	41.4308373884373	90.1562915559379	1.0319898285915e-06
SNP.9	2.354e-20	0.47556	732842	2.73563735868959e-06	9.24492760920177	0.999878430898235	38.2216342149436	1.84394e-23	0.47556	706	0.00283964582608612	9.98110909068057	0.887936641041651	43.1349057524837	81.3565399674274	1.5559364678009e-10
