snp	pvalues.df1	MAF.df1	N.df1	V.df1	z.df1	r.df1	lABF.df1	pvalues.df2	MAF.df2	N.df2	V.df2	z.df2	r.df2	lABF.df2	internal.sum.lABF	SNP.PP.H4
SNP.1	1.607e-22	0.469212	754449	2.66103085762387e-06	9.7639933098838	0.999881745947558	43.1408081387261	1.94899e-19	0.469212	605	0.00331836705703053	9.01610309149528	0.871472620646358	34.3952480926582	77.5360562313843	0.000162254749794459
SNP.10	7.364e-23	0.467312	755501	2.65861293908149e-06	9.84278975273819	0.999881853385202	43.9127399029136	8.03188e-21	0.467312	605	0.00331997476708926	9.35923143031868	0.871418357413696	37.1404426874175	81.0531825903311	0.00546595420689986
SNP.100	2.219e-22	0.470874	751687	2.6697411267279e-06	9.73122698323004	0.999881358916189	42.8230679729061	5.64069e-20	0.470874	605	0.00331704082368052	9.15100388405979	0.871517388598697	35.464832227899	78.2879002008052	0.000344127283502678
SNP.101	7.475e-23	0.453431	748278	2.69619204553214e-06	9.8412848855235	0.999880183600111	43.9048669427657	1.26004e-19	0.453431	605	0.00333471271313504	9.06378208659353	0.870921238793587	34.7503580025972	78.6552249453629	0.000496873935827987
SNP.102	2.131e-22	0.475248	750211	2.67246592341572e-06	9.7353418344693	0.999881237842862	42.863618491392	2.39502e-20	0.475248	605	0.003313906335325	9.24307991220644	0.871623213771792	36.2069653260593	79.0705838174513	0.000752721432477473
SNP.103	8.768e-23	0.471605	754616	2.6589299433096e-06	9.82522272323905	0.999881839299454	43.7400649634368	7.6147e-20	0.471605	605	0.00331648112082729	9.11853451385488	0.871536283147755	35.2070519775244	78.9471169409612	0.000665293528343652
SNP.104	1.285e-22	0.471014	755990	2.65445861857917e-06	9.78663607649941	0.999882037978077	43.3608998324553	1.09824e-20	0.471014	605	0.00331693251414821	9.32611376360703	0.871521044867338	36.874885521461	80.2357853539163	0.00241365325518718
SNP.105	4.935e-23	0.470732	756438	2.65306143878003e-06	9.88296634347748	0.999882100060311	44.3079169203662	8.51262e-21	0.470732	605	0.00331715122087254	9.35308696146497	0.871513661887269	37.0941439333926	81.4020608537589	0.0077478623002464
SNP.106	2.321e-17	0.478908	754912	2.65403825104144e-06	8.47648482359036	0.999882056656671	31.3985072257471	2.31322e-09	0.478908	605	0.00331167822176892	5.97412950072523	0.871698453958878	14.528870253681	45.927377479428	3.03894371743737e-18
SNP.107	4.505e-23	0.465823	756460	2.65630489884848e-06	9.89209496489207	0.999881955940541	44.3987695735392	1.12235e-19	0.465823	605	0.00332130314674863	9.0763906268434	0.871373527204538	34.866831926362	79.2656014999012	0.000914806802538627
SNP.108	1.932e-22	0.468523	748916	2.68115242728557e-06	9.74530386161235	0.999880851867867	42.9622443565126	5.05622e-20	0.468523	605	0.00331893876236859	9.16281210120263	0.871453323743655	35.5566264782628	78.5188708347754	0.000433539206155244
SNP.109	1.106e-20	0.479419	749574	2.67271059509346e-06	9.32536715383067	0.999881226971148	38.9569237754011	8.76021e-20	0.479419	605	0.00331139565554807	9.10333204643007	0.871707996741497	35.0927828761027	74.0497066515038	4.96701000201917e-06
SNP.11	1.224e-21	0.465686	752955	2.66877061601513e-06	9.55599669720223	0.999881402039766	41.1332357940558	5.27084e-22	0.465686	605	0.00332142839534161	9.64284144010708	0.871369300548036	39.4864670031887	80.6197027972445	0.00354330148915057
SNP.110	1.489e-22	0.473552	754482	2.65826311963007e-06	9.77172160790161	0.99988186892906	43.2157737377295	9.0483e-20	0.473552	605	0.00331506061987559	9.09981839401409	0.871584240351415	35.0602640151132	78.2760377528427	0.000340069208448534
SNP.111	1.111e-22	0.471744	755925	2.65424172488152e-06	9.80134167866972	0.999882047615523	43.5048689583572	2.97095e-22	0.471744	605	0.00331637632377035	9.70150111233488	0.871539820996613	39.9882140118777	83.4930829702349	0.0627048683378401
SNP.112	1.263e-22	0.466184	753194	2.66756003324465e-06	9.7883825858973	0.999881455830686	43.380425356263	3.06314e-21	0.466184	605	0.00332097555649532	9.4605546626151	0.871384582304834	37.9699083334449	81.3503336897079	0.00735727639362405
SNP.113	7.119e-23	0.472222	755690	2.65478178862063e-06	9.84619238164501	0.999882023618352	43.9455203957615	3.67161e-20	0.472222	605	0.00331601991709542	9.1972694225642	0.87155185316155	35.8360681572637	79.7815885530252	0.00153256786600991
SNP.114	9.922e-23	0.466102	754364	2.66348214155846e-06	9.81275695092128	0.999881637027382	43.6185235839868	3.03403e-21	0.466102	605	0.00332104965658613	9.4615530163301	0.871382081644422	37.9780367681408	81.5965603521276	0.00941135059999393
SNP.115	7.551e-23	0.465854	755614	2.65925631390239e-06	9.8402672313643	0.999881824797522	43.8880369551785	1.22618e-20	0.465854	605	0.00332127487664965	9.31442228870933	0.871374481216917	36.7741301318349	80.6621670870134	0.00369700564306931
SNP.116	1.256e-22	0.471014	755995	2.65444106251981e-06	9.78894461353218	0.999882038758162	43.383489374382	1.09824e-20	0.471014	605	0.00331693251414821	9.32611376360703	0.871521044867338	36.874885521461	80.2583748958429	0.00246879706841929
SNP.117	1.158e-17	0.47875	754877	2.65423246023574e-06	8.55704235332722	0.999882048027187	32.0845520080017	2.61716e-09	0.47875	605	0.00331176700311632	5.9539692486519	0.871695455692108	14.4240186147978	46.5085706227995	5.43415012196129e-18
SNP.118	2.151e-17	0.485507	755575	2.64921654291316e-06	8.4853339966311	0.999882270904309	31.4726460311208	1.78101e-10	0.485507	605	0.00330856494117622	6.37912639783307	0.87180360672059	16.7111666944146	48.1838127255354	2.90188390003927e-17
SNP.119	3.979e-23	0.465261	756655	2.65603374668534e-06	9.90451397004308	0.999881967988903	44.5216317119296	8.93672e-20	0.465261	605	0.0033218201894185	9.10116596551104	0.871356079275165	35.0623908941497	79.5840226060793	0.00125781831657352
SNP.12	5.948e-23	0.466102	756478	2.65603896244783e-06	9.86424538798134	0.999881967757146	44.1236497084503	2.91477e-21	0.466102	605	0.00332104965658613	9.46574456283606	0.871382081644422	38.0126021635165	82.1362518719668	0.0161449610435829
SNP.120	1.047e-22	0.47066	754980	2.65822999277943e-06	9.80733215758543	0.999881870401016	43.5643368300113	2.008e-20	0.47066	605	0.00331720740487374	9.2619139429057	0.871511765279171	36.3545096497828	79.9188464797941	0.00175804535674341
SNP.13	3.268e-23	0.465909	755913	2.65816435823222e-06	9.92417315218032	0.999881873317418	44.716912811156	3.66614e-20	0.465909	605	0.00332122478433783	9.19742967377546	0.871376171654245	35.8306054324103	80.5475182435663	0.00329654306353697
SNP.14	4.253e-23	0.468447	747932	2.68473147263301e-06	9.89785470788441	0.999880692837114	44.4610152004421	5.10387e-21	0.468447	605	0.00331900261122207	9.40702315110558	0.871451168691563	37.5325420389261	81.9935572393682	0.0139979845522669
SNP.15	6.548e-23	0.468523	756035	2.65590607740779e-06	9.85459522339973	0.999881973661754	44.0284911833943	1.54668e-20	0.468523	605	0.00331893876236859	9.28973839884038	0.871453323743655	36.5771479570163	80.6056391404106	0.00349381848453237
SNP.16	9.308e-23	0.467391	755994	2.65682414439124e-06	9.81919919554102	0.99988193286841	43.6805160091148	4.39555e-21	0.467391	605	0.00331990597060316	9.42271905631514	0.871420679285859	37.6600857050903	81.340601714205	0.00728602284128215
SNP.17	3.253e-21	0.463768	754002	2.66651481077873e-06	9.45426476485493	0.999881502274007	40.1659568798711	3.27678e-22	0.463768	605	0.0033232355377798	9.69150070292944	0.871308321030575	39.8937300930928	80.0596869729638	0.00202393389900039
SNP.18	3.76e-23	0.473301	755158	2.65602562597113e-06	9.91017155246895	0.999881968349739	44.5776751935064	1.06565e-19	0.473301	605	0.00331523801596216	9.08203346088608	0.871578251034824	34.9191212693939	79.4967964629003	0.00115275252467174
SNP.19	3.17e-23	0.46577	756357	2.65670534115932e-06	9.92721037238231	0.999881938147306	44.7467844724198	1.25932e-20	0.46577	605	0.00332135154003841	9.31159067509998	0.871371894112965	36.7510491566561	81.4978336290759	0.00852659198127867
SNP.2	7.197e-23	0.465736	756331	2.65682153466567e-06	9.84509667844671	0.99988193298437	43.9351133435969	4.67151e-19	0.465736	605	0.00332138262501689	8.91979526492926	0.871370845115049	33.638918402594	77.574031746191	0.00016853494963305
SNP.20	1.463e-22	0.479115	754206	2.65643015916952e-06	9.77350584842781	0.99988195037473	43.232867416527	4.57533e-20	0.479115	605	0.0033115629167382	9.17358754996439	0.871702347997272	35.6522273591221	78.8850947756492	0.00062528414221133
SNP.21	2.735e-22	0.470874	752376	2.66729626985273e-06	9.7099392783638	0.999881467550725	42.6157107013291	2.42945e-20	0.470874	605	0.00331704082368052	9.24155304734058	0.871517388598697	36.1905581093508	78.8062688106799	0.000577888075543553
SNP.22	1.372e-22	0.473366	754751	2.65742093492062e-06	9.7800077787627	0.99988190635065	43.29661202819	1.43389e-20	0.473366	605	0.00331519191413599	9.29779453357976	0.871579807534933	36.6473702456331	79.9439822738232	0.00180279527905028
SNP.23	1.105e-21	0.463768	754059	2.66631324651888e-06	9.56658051062364	0.999881511230296	41.2339631326996	3.27678e-22	0.463768	605	0.0033232355377798	9.69150070292944	0.871308321030575	39.8937300930928	81.1276932257924	0.00588878294229986
SNP.24	2.589e-23	0.465174	756545	2.65648454999067e-06	9.94738376488471	0.999881947957931	44.9471887338515	4.32563e-20	0.465174	605	0.00332190099813668	9.17963303183189	0.871353352397394	35.6872408994207	80.6344296332722	0.00359586923741283
SNP.25	2.584e-23	0.463054	755371	2.66224147666122e-06	9.94757618983403	0.999881692154995	44.9501722555949	2.47059e-20	0.463054	605	0.00332393389498688	9.23975642396831	0.871284758220662	36.1670634907173	81.1172357463122	0.00582752199137055
SNP.26	3.63e-23	0.470732	756492	2.65287205763959e-06	9.91368636592723	0.999882108475266	44.6119226029524	4.58412e-21	0.470732	605	0.00331715122087254	9.41830875202475	0.871513661887269	37.6276427818613	82.2395653848137	0.0179021622948315
SNP.27	1.575e-22	0.468599	753577	2.66451791563724e-06	9.7660321388785	0.999881591003878	43.1613622882621	3.25946e-21	0.468599	605	0.00331887506993746	9.45405719482958	0.871455473526737	37.9192554530382	81.0806177413003	0.00561798950530323
SNP.28	1.427e-23	0.466184	747708	2.68713215811476e-06	10.0065085406045	0.999880586165451	45.5426703720061	3.06314e-21	0.466184	605	0.00332097555649532	9.4605546626151	0.871384582304834	37.9699083334449	83.5125787054511	0.0639393402161857
SNP.29	1.003e-22	0.46966	755836	2.65585568850352e-06	9.81166474268022	0.999881975900732	43.6063906326036	2.00279e-19	0.46966	605	0.00331800221516652	9.0131183254353	0.871484935685016	34.3722521146029	77.9786427472066	0.000252586596289136
SNP.3	4.455e-23	0.467312	756579	2.65482485515591e-06	9.89321196708415	0.999882021704736	44.4095429676446	6.00923e-21	0.467312	605	0.00331997476708926	9.38983854584298	0.871418357413696	37.3904765566985	81.8000195243431	0.0115348817904889
SNP.30	6.361e-23	0.473301	754065	2.65987547447117e-06	9.8575055742245	0.999881797285779	44.0579104243168	9.49217e-20	0.473301	605	0.00331523801596216	9.0946155402379	0.871578251034824	35.0187862598672	79.076696684184	0.000757336810504534
SNP.31	4.744e-23	0.467391	756519	2.65498039337401e-06	9.88691981677263	0.999882014793557	44.3473494796223	6.02178e-21	0.467391	605	0.00331990597060316	9.38961879762366	0.871420679285859	37.3887718178325	81.7361212974548	0.0108208780068622
SNP.32	9.63e-23	0.465347	754870	2.66225046668001e-06	9.81576994860592	0.999881691755533	43.647861832247	1.38054e-18	0.465347	605	0.00332174051203759	8.79898917481283	0.871358767992845	32.7058970294026	76.3537588616495	4.97430253577818e-05
SNP.33	3.215e-22	0.466912	735092	2.73271515749018e-06	9.69344421277947	0.999878560742285	42.4676767847581	1.80993e-19	0.466912	605	0.00332032570338805	9.02421214904951	0.871406513553298	34.4565572808396	76.9242340655977	8.80007611534045e-05
SNP.34	2.026e-23	0.466184	755933	2.65789456430619e-06	9.97176307248136	0.999881885305427	45.1902297481644	3.06314e-21	0.466184	605	0.00332097555649532	9.4605546626151	0.871384582304834	37.9699083334449	83.1601380816094	0.0449474577009384
SNP.35	1.546e-23	0.46472	754422	2.66430094885069e-06	9.9985786641618	0.999881600644563	45.4591457269411	1.09353e-21	0.46472	605	0.00332232603377493	9.56765961138868	0.871339009916093	38.8559474400988	84.3150931670398	0.14265787574013
SNP.36	5.64e-23	0.467391	756628	2.65459791630089e-06	9.86958047460577	0.999882031788527	44.1760161300461	6.02178e-21	0.467391	605	0.00331990597060316	9.38961879762366	0.871420679285859	37.3887718178325	81.5647879478786	0.00911702976347335
SNP.37	9.693e-23	0.474638	755649	2.65355889094369e-06	9.81511230394746	0.99988207795654	43.6397912750026	2.58842e-20	0.474638	605	0.00331431259897968	9.23476979605488	0.871609496233083	36.1395136141824	79.779304889185	0.00152907198941439
SNP.38	2.217e-23	0.468523	747565	2.68599780786018e-06	9.96281271585192	0.99988063656898	45.1062259011128	1.20004e-20	0.468523	605	0.00331893876236859	9.31670970383868	0.871453323743655	36.7958131063657	81.9020390074785	0.0127737863141065
SNP.39	3.435e-21	0.46368	745526	2.69690006646926e-06	9.44856728438077	0.999880152140055	40.117718402819	3.36696e-22	0.46368	605	0.00332332085777613	9.68872791063958	0.871305442236513	39.8701952600942	79.9879136629132	0.00188376000516168
SNP.4	3.215e-21	0.46247	753938	2.66776823941584e-06	9.45549408026974	0.999881446579273	40.177810990036	1.1444e-21	0.46247	605	0.00332451545601438	9.5629563658508	0.871265137126121	38.8136568100105	78.9914678000465	0.000695463964989665
SNP.40	4.931e-23	0.46683	756765	2.65451084545643e-06	9.88304757449009	0.99988203565743	44.3089895377119	6.80354e-20	0.46683	605	0.00332039818175509	9.13073562738817	0.871404067498025	35.299083636434	79.6080731741459	0.00128843627541576
SNP.41	1.013e-22	0.468599	754929	2.65974603878267e-06	9.81066376975307	0.999881803037117	43.5972945505036	3.25946e-21	0.468599	605	0.00331887506993746	9.45405719482958	0.871455473526737	37.9192554530382	81.5165500035418	0.00868768167474602
SNP.42	9.996e-23	0.46837	754816	2.66029842125605e-06	9.81200732525751	0.999881778492588	43.6105777029362	3.35157e-21	0.46837	605	0.00331906745973357	9.45114102349793	0.871448979909524	37.8949686750623	81.5055463779985	0.00859260970620121
SNP.43	9.105e-23	0.468447	755278	2.65861918365073e-06	9.82142200223593	0.999881853107731	43.7026758999136	3.23412e-21	0.468447	605	0.00331900261122207	9.45487375459297	0.871451168691563	37.9258075375496	81.6284834374632	0.00971663686245263
SNP.44	2.292e-23	0.466102	755931	2.65796090150372e-06	9.95950544714334	0.999881882357803	45.0681014969093	3.11757e-21	0.466102	605	0.00332104965658613	9.45871286357792	0.871382081644422	37.9546242803968	83.0227257773061	0.0391766888077923
SNP.45	2.884e-21	0.463768	750447	2.67914656245782e-06	9.46685355203709	0.999880940996181	40.2873772968861	2.24738e-21	0.463768	605	0.0033232355377798	9.49287983060559	0.871308321030575	38.2337054653259	78.521082762212	0.000434499224774545
SNP.46	1.533e-22	0.470944	754060	2.66129604367314e-06	9.76877123302306	0.999881734164299	43.1875149015608	2.40765e-20	0.470944	605	0.00331698660279698	9.24251730502858	0.871519218961146	36.198395869397	79.3859107709578	0.00103176083409082
SNP.47	8.395e-23	0.466102	756172	2.65711378130188e-06	9.82960186367283	0.999881919998698	43.7827577979182	2.85086e-21	0.466102	605	0.00332104965658613	9.46806112709541	0.871382081644422	38.0317121727552	81.8144699706735	0.0117027761332573
SNP.48	7.787e-23	0.469586	752005	2.66943381164837e-06	9.83717057612105	0.999881372571396	43.8594612740224	2.47374e-19	0.469586	605	0.00331806210500601	8.98993619526724	0.871482914112185	34.1903215389413	78.0497828129637	0.000271210212285489
SNP.49	1.088e-22	0.467233	754996	2.66044649032233e-06	9.80345423488886	0.999881771913297	43.5267287216247	2.12579e-21	0.467233	605	0.00332004373290479	9.49867442814172	0.871416029839106	38.2860888668257	81.8128175884504	0.0116834546416548
SNP.5	2.926e-23	0.464891	748663	2.68466586028314e-06	9.93519598361968	0.999880695752523	44.8312546544423	7.80559e-21	0.464891	605	0.00332216528422671	9.36225073224605	0.871344434223104	37.1621191259816	81.9933737804239	0.0139954167323513
SNP.50	4.495e-23	0.467254	756465	2.65526542158012e-06	9.89231738008323	0.999882002128626	44.4007760732214	1.27519e-19	0.467254	605	0.00332002538369522	9.06247886883665	0.871416649117946	34.7584922929722	79.1592683661936	0.000822525729738542
SNP.51	6.616e-23	0.46577	756124	2.65752400627839e-06	9.85355727407551	0.999881901770782	44.0185653308147	3.51903e-21	0.46577	605	0.00332135154003841	9.44603679517234	0.871371894112965	37.849801292126	81.8683666229406	0.0123508235155515
SNP.52	9.538e-23	0.474576	755713	2.65336767090629e-06	9.81673800993237	0.999882086453204	43.6557115829919	2.60783e-20	0.474576	605	0.0033143544507167	9.23396994591932	0.871608083128932	36.1330210669364	79.7887326499283	0.00154355588234806
SNP.53	1.681e-23	0.466184	754891	2.66156334050832e-06	9.99028366636319	0.99988172228725	45.3757438678615	3.06314e-21	0.466184	605	0.00332097555649532	9.4605546626151	0.871384582304834	37.9699083334449	83.3456522013065	0.0541094215121765
SNP.54	7.557e-23	0.471951	749556	2.67666970950005e-06	9.84018732261356	0.999881051052335	43.8904763171305	1.00068e-21	0.471951	605	0.00331622122441987	9.57683122499985	0.871545057055716	38.9410923502806	82.8315686674111	0.0323600548357555
SNP.55	1.808e-21	0.464891	753864	2.66614402194184e-06	9.51552364423217	0.999881518749606	40.7468532410775	7.94185e-22	0.464891	605	0.00332216528422671	9.60068028381654	0.871344434223104	39.1319340020627	79.8787872431402	0.00168901135796519
SNP.56	5.144e-22	0.463542	751770	2.67460835603565e-06	9.64534088580473	0.999881142646259	41.9919783513471	1.14501e-17	0.463542	605	0.00332345508068912	8.55834327456464	0.871300913440726	30.8841829557118	72.876161307059	1.53613989088374e-06
SNP.57	1.004e-22	0.467391	754836	2.6608999997548e-06	9.81156420185944	0.999881751762088	43.6063421382965	1.24463e-21	0.467391	605	0.00331990597060316	9.55426602975113	0.871420679285859	38.7477777266399	82.3541198649364	0.0200750145430372
SNP.58	1.353e-22	0.473366	755708	2.65405567765893e-06	9.78141910256928	0.999882055882338	43.3097877975346	1.599e-20	0.473366	605	0.00331519191413599	9.28619674276731	0.871579807534933	36.5534430342839	79.8632308318185	0.0016629397189043
SNP.59	3.364e-23	0.464891	755339	2.66093766766599e-06	9.92128412357729	0.999881750088355	44.6887644110075	3.69688e-21	0.464891	605	0.00332216528422671	9.44087251955061	0.871344434223104	37.80618868145	82.4949530924576	0.0231110119513433
SNP.6	4.995e-23	0.466184	756825	2.65476194850813e-06	9.88175563918051	0.999882024499927	44.296270365081	3.06314e-21	0.466184	605	0.00332097555649532	9.4605546626151	0.871384582304834	37.9699083334449	82.2661786985259	0.0183849945415699
SNP.60	1.104e-22	0.468293	755861	2.65667251472559e-06	9.8019800121127	0.999881939605915	43.511577402641	7.49118e-20	0.468293	605	0.00331913246884793	9.12030702882558	0.871446785717815	35.2177657780192	78.7293431806602	0.000535100499599825
SNP.61	5.039e-22	0.484185	752853	2.65922154475411e-06	9.6474565452931	0.999881826342453	42.0095318129492	3.13613e-17	0.484185	605	0.00330909573162441	8.441379918523	0.871785677187841	30.0333441907562	72.0428760037053	6.67635710353892e-07
SNP.62	9.177e-23	0.458937	748334	2.69075166833617e-06	9.82062805309752	0.999880425336773	43.7008167128591	5.38875e-20	0.458937	605	0.00332823299003749	9.15593819234246	0.871139733356081	35.4898330960008	79.1906498088599	0.000848747053400177
SNP.63	7.837e-17	0.481796	749542	2.67183774053749e-06	8.33367631554511	0.999881265755471	30.2016460091918	1.3042e-09	0.481796	605	0.00331017289870736	6.06687867621037	0.871749293904453	15.0163613397209	45.2180073489127	1.49502041632604e-18
SNP.64	1.163e-22	0.473301	754460	2.65848288796902e-06	9.79672079897328	0.999881859163886	43.4603833201309	1.18324e-20	0.473301	605	0.00331523801596216	9.31820596678516	0.871578251034824	36.8128998522606	80.2732831723915	0.00250587829968928
SNP.65	2.321e-21	0.464806	754018	2.66566352406496e-06	9.48952024275833	0.999881540100008	40.4996954772894	1.09748e-21	0.464806	605	0.00332224508940234	9.5672867352881	0.871341741281597	38.8529533440974	79.3526488213868	0.000998006929526199
SNP.66	1.048e-22	0.461165	748627	2.68777172714055e-06	9.80723579827122	0.99988055774695	43.5688541408481	1.13539e-19	0.461165	605	0.00332584873516372	9.07513276171229	0.871220157398531	34.8511644626746	78.4200186035226	0.000392733003993853
SNP.67	7.314e-17	0.483051	747157	2.67989297107552e-06	8.34184545869548	0.999880907830364	30.271242816609	2.26284e-08	0.483051	605	0.00330958808692541	5.59060177930797	0.871769046612488	12.5965347560834	42.8677775726924	1.42546087135742e-19
SNP.68	6.946e-23	0.467391	755543	2.65841006033397e-06	9.84866562486762	0.999881862399904	43.970547590038	7.83644e-21	0.467391	605	0.00331990597060316	9.36183405385203	0.871420679285859	37.1617648517365	81.1323124417745	0.00591604742436879
SNP.69	3.432e-21	0.464976	754409	2.66415410458823e-06	9.44865875482752	0.999881607169429	40.1125400502288	8.81831e-22	0.464976	605	0.00332208567584843	9.58988517086255	0.871347120540476	39.0417913474337	79.1543313976625	0.000818474953599638
SNP.7	3.98e-23	0.475186	756574	2.65002238889181e-06	9.90448885006218	0.999882235097366	44.5202632511215	3.51501e-20	0.475186	605	0.00331394717165857	9.20195332942702	0.871621834908805	35.8763138323085	80.39657708343	0.0028346917546829
SNP.70	6.408e-23	0.469586	755591	2.65676480202733e-06	9.85676620392897	0.999881935505225	44.0500449134146	4.72924e-21	0.469586	605	0.00331806210500601	9.4150351801745	0.871482914112185	37.5995342227853	81.6495791361999	0.00992379348074885
SNP.71	7.609e-23	0.466184	755623	2.65898498547512e-06	9.83949739950388	0.999881836853714	43.8804123666461	3.06314e-21	0.466184	605	0.00332097555649532	9.4605546626151	0.871384582304834	37.9699083334449	81.8503207000911	0.0121299405202848
SNP.72	1.177e-22	0.466184	753712	2.66572671216548e-06	9.7955116492681	0.999881537292313	43.4498846907481	3.06314e-21	0.466184	605	0.00332097555649532	9.4605546626151	0.871384582304834	37.9699083334449	81.4197930241931	0.00788647402647886
SNP.73	7.354e-23	0.467312	756716	2.65434421115584e-06	9.84292642724017	0.999882043061652	43.9132908384925	4.02657e-21	0.467312	605	0.00331997476708926	9.43191815072951	0.871418357413696	37.7355634918068	81.6488543302993	0.00991660326274892
SNP.74	2.98e-23	0.466184	753507	2.66645195290776e-06	9.93337329913546	0.999881505067028	44.8097863105802	3.06314e-21	0.466184	605	0.00332097555649532	9.4605546626151	0.871384582304834	37.9699083334449	82.7796946440251	0.030724204475662
SNP.75	6.588e-23	0.467901	754949	2.6601490678131e-06	9.85398338006001	0.99988178512895	44.0232515126863	5.42859e-19	0.467901	605	0.00331946591503542	8.90314559209645	0.871435531394846	33.5119426409954	77.5351941536817	0.000162114933867284
SNP.76	1.416e-22	0.471014	755982	2.65448670875717e-06	9.77681235282202	0.999882036729919	43.2648234428277	1.09824e-20	0.471014	605	0.00331693251414821	9.32611376360703	0.871521044867338	36.874885521461	80.1397089642886	0.00219254963515707
SNP.77	2.096e-17	0.479328	754696	2.65461126900203e-06	8.48834530528061	0.999882031195214	31.4992078989878	6.16153e-09	0.479328	605	0.00331144546491034	5.81231353187993	0.871706314572265	13.6977056278584	45.1969135268462	1.46381499949397e-18
SNP.78	7.912e-23	0.473236	756247	2.65223790643366e-06	9.8355678319591	0.99988213665312	43.8405039921169	7.76714e-20	0.473236	605	0.00331528423144915	9.11638576772097	0.871576690702853	35.1914994251935	79.0320034173104	0.000724234196294684
SNP.79	1.431e-22	0.47343	755405	2.65508397843483e-06	9.77574542908136	0.999882010190863	43.2545053370887	1.56018e-20	0.47343	605	0.00331514663261085	9.28881334261729	0.871581336345268	36.5746838936469	79.8291892307356	0.001607283280107
SNP.8	1.537e-17	0.485472	755295	2.6502094267756e-06	8.52432763551745	0.999882226786529	31.8044270216658	1.77095e-10	0.485472	605	0.0033085783950355	6.37999393258615	0.871803152254526	16.7159842060597	48.5204112277255	4.06315046367177e-17
SNP.80	1.31e-22	0.475845	755336	2.65402235753698e-06	9.78468698005143	0.999882057362883	43.3417476399894	1.11188e-20	0.475845	605	0.00331351839909513	9.32480486539743	0.871636312885915	36.8688102715274	80.2105579115168	0.00235352459182448
SNP.81	1.333e-22	0.473366	755869	2.65349036414018e-06	9.7829260602338	0.999882081001457	43.3244220821323	1.66856e-20	0.473366	605	0.00331519191413599	9.28166151099495	0.871579807534933	36.5167453666472	79.8411674487795	0.00162665143611811
SNP.82	1.187e-22	0.467391	755967	2.65691903510988e-06	9.79465665602544	0.99988192865204	43.4398751634289	1.24463e-21	0.467391	605	0.00331990597060316	9.55426602975113	0.871420679285859	38.7477777266399	82.1876528900687	0.0169965266657206
SNP.83	8.842e-23	0.472155	755411	2.65580200594698e-06	9.82437589957311	0.99988197828606	43.7311643098177	3.65796e-20	0.472155	605	0.00331606950266846	9.19766975975752	0.871550179150018	35.839212996862	79.5703773066797	0.00124077157748237
SNP.84	7.486e-23	0.466102	755556	2.65928010926339e-06	9.84113696118789	0.999881823740201	43.8965991181596	3.19962e-21	0.466102	605	0.00332104965658613	9.45599572016634	0.871382081644422	37.932232385584	81.8288315037437	0.0118720586080541
SNP.85	9.138e-23	0.464976	755318	2.66094788405453e-06	9.82105734024754	0.9998817496344	43.6995276096458	1.04518e-21	0.464976	605	0.00332208567584843	9.57233500023438	0.871347120540476	38.8952742273339	82.5948018369797	0.0255377552784001
SNP.86	8.626e-23	0.466102	756138	2.65723325931855e-06	9.82686771076531	0.999881914689818	43.7559112974083	3.00671e-21	0.466102	605	0.00332104965658613	9.46249863726766	0.871382081644422	37.9858334503703	81.7417447477785	0.0108819000933197
SNP.87	5.045e-23	0.467233	755681	2.6580348829829e-06	9.88075766738798	0.999881879070514	44.2870191886743	1.64317e-20	0.467233	605	0.00332004373290479	9.28329486583015	0.871416029839106	36.5235400060656	80.8105591947398	0.00428840690892373
SNP.88	3.06e-23	0.467073	749913	2.67859241973094e-06	9.93073226983658	0.999880965618883	44.7858030605655	3.84677e-19	0.467073	605	0.00332018392935155	8.94128324725832	0.87141129829144	33.8075936052573	78.5933966658228	0.000467083510086146
SNP.89	5.542e-23	0.466019	755846	2.65831999126824e-06	9.87133864768548	0.999881866402028	44.1940604893855	3.27865e-21	0.466019	605	0.00332112484647956	9.45344298109932	0.871379544221043	37.911097685477	82.1051581748625	0.0156506788680252
SNP.9	1.442e-22	0.466749	756073	2.65699783363373e-06	9.77497003075744	0.99988192515071	43.2472826135806	4.9403e-19	0.466749	605	0.00332046995548588	8.91359733237786	0.871401645236887	33.5918658513314	76.839148464912	8.0822861367598e-05
SNP.90	1.914e-17	0.484262	756426	2.64663488857433e-06	8.49889738756985	0.9998823856175	31.587331069983	3.30392e-10	0.484262	605	0.00330906354086731	6.28380174284274	0.871786764536126	16.1847274788786	47.7720585488616	1.92246068087842e-17
SNP.91	3.413e-21	0.466993	751850	2.67174814699297e-06	9.44923991079216	0.999881269736461	40.1194386786413	1.21693e-21	0.466993	605	0.00332025428812672	9.55659645200871	0.8714089237435	38.7666915904536	78.8861302690949	0.000625931955187467
SNP.92	1.561e-22	0.468447	754820	2.6602323465056e-06	9.76693705239152	0.999881781428549	43.1694034038542	2.81381e-21	0.468447	605	0.00331900261122207	9.46942772773088	0.871451168691563	38.0458167230404	81.2152201268947	0.00642743949223813
SNP.93	9.453e-23	0.468599	755356	2.65824249401893e-06	9.81764066523532	0.999881869845537	43.6654792965597	3.25946e-21	0.468599	605	0.00331887506993746	9.45405719482958	0.871455473526737	37.9192554530382	81.5847347495979	0.00930071118675376
SNP.94	7.119e-23	0.472222	755654	2.65490826468559e-06	9.84619238164501	0.99988201799852	43.9455439403952	3.67161e-20	0.472222	605	0.00331601991709542	9.1972694225642	0.87155185316155	35.8360681572637	79.7816120976589	0.00153260395018376
SNP.95	8.528e-23	0.467391	756265	2.65587209802769e-06	9.82801869376957	0.999881975171592	43.766967943622	6.02178e-21	0.467391	605	0.00331990597060316	9.38961879762366	0.871420679285859	37.3887718178325	81.1557397614545	0.00605628079083426
SNP.96	1.436e-22	0.466184	753668	2.6658823403404e-06	9.77539224653278	0.999881530377144	43.2530594205585	3.06314e-21	0.466184	605	0.00332097555649532	9.4605546626151	0.871384582304834	37.9699083334449	81.2229677540035	0.0064774303017026
SNP.97	1.705e-23	0.462025	756389	2.65948307027611e-06	9.98887837535974	0.999881814721843	45.361320966256	9.21633e-20	0.462025	605	0.00332496485957533	9.09781974265273	0.87124997545379	35.0318801326644	80.3932010989204	0.00282513801494215
SNP.98	3.44e-17	0.48642	754305	2.6534046841854e-06	8.43056508301255	0.999882084808557	31.0102509778426	6.54067e-09	0.48642	605	0.00330822548810656	5.80231202753571	0.871815073468297	13.6484820369301	44.6587330147728	8.54589133648128e-19
SNP.99	2.663e-23	0.466993	750147	2.67781360762179e-06	9.94457811384148	0.999881000224515	44.923238235765	4.17992e-19	0.466993	605	0.00332025428812672	8.93210142783958	0.8714089237435	33.7360043775971	78.6592426133621	0.000498874225899642
