snp	pvalues.df1	MAF.df1	N.df1	V.df1	z.df1	r.df1	lABF.df1	pvalues.df2	MAF.df2	N.df2	V.df2	z.df2	r.df2	lABF.df2	internal.sum.lABF	SNP.PP.H4
SNP.1	1.607e-22	0.460674	754449	2.6674424476744e-06	9.7639933098838	0.999881461055473	43.1419976862901	1.57707e-18	0.460674	386	0.00521359918965156	8.78403898068369	0.811875781490036	30.4865736625866	73.6285713488767	0.00157610395345385
SNP.10	7.364e-23	0.459559	755501	2.66468204851062e-06	9.84278975273819	0.999881583710811	43.9138668093687	3.64109e-19	0.459559	386	0.00521546619775083	8.94735281510888	0.811821090775154	31.6600373317234	75.573904141092	0.0110263596918662
SNP.100	2.219e-22	0.4631	751687	2.67525250843779e-06	9.73122698323004	0.99988111402407	42.824087385269	7.0948e-19	0.4631	386	0.00520972158629553	8.87339677752744	0.811989392601039	31.1312451248082	73.9553325100772	0.00218522131287268
SNP.101	7.475e-23	0.445693	748278	2.70471090051388e-06	9.8412848855235	0.9998798050752	43.9064257265452	5.97577e-17	0.445693	386	0.00524320120003815	8.36570270256571	0.811009509600827	27.5462135568302	71.4526392833753	0.000178891443871987
SNP.102	2.131e-22	0.464684	750211	2.67928327665759e-06	9.7353418344693	0.999880934921441	42.8648778407715	9.70905e-19	0.464684	386	0.00520732587115172	8.83840988979592	0.812059601299399	30.8822134429314	73.7470912837029	0.0017744240375798
SNP.103	8.768e-23	0.466165	754616	2.66254702975407e-06	9.82522272323905	0.999881678578071	43.7407368403126	1.21324e-18	0.466165	386	0.00520518287410596	8.81347608586685	0.81212241414328	30.7057805208901	74.4465173612027	0.00357120102898757
SNP.104	1.285e-22	0.472426	755990	2.65360806264014e-06	9.78663607649941	0.999882075771646	43.3607414228865	8.13545e-19	0.472426	386	0.0051971532623713	8.8581482233416	0.812357854500808	31.0349472595981	74.3956886824846	0.00339421761793486
SNP.105	4.935e-23	0.4631	756438	2.65844990906072e-06	9.88296634347748	0.999881860629268	44.3089195970914	5.81898e-19	0.4631	386	0.00520972158629553	8.89543711589148	0.811989392601039	31.2902452789208	75.5991648760121	0.0113084414376304
SNP.106	2.321e-17	0.490637	754912	2.65024475987592e-06	8.47648482359036	0.999882225216539	31.3977981903886	1.40455e-15	0.490637	386	0.00518316469473434	7.98505909791026	0.812768346686886	25.0738255525184	56.471623742907	5.5772124328066e-11
SNP.107	4.505e-23	0.462121	756460	2.65915555079002e-06	9.89209496489207	0.999881829274824	44.399299607356	7.40608e-18	0.462121	386	0.00521125597914668	8.60844109198525	0.811944432144531	29.2491669336801	73.6484665410361	0.00160777484909419
SNP.108	1.932e-22	0.459259	748916	2.68837544254857e-06	9.74530386161235	0.999880530921564	42.9635741428323	2.33255e-18	0.459259	386	0.00521597767598888	8.73992995629871	0.811806109206545	30.170321945956	73.1338960887882	0.000961059160497657
SNP.109	1.106e-20	0.472426	749574	2.676321696424e-06	9.32536715383067	0.999881066515904	38.9575918127966	5.0615e-14	0.472426	386	0.0051971532623713	7.53032289558251	0.812357854500808	22.1960766426728	61.1536684554694	6.02286833907513e-09
SNP.11	1.224e-21	0.457249	752955	2.67576264278643e-06	9.55599669720223	0.999881091356823	41.1345297118107	1.79511e-18	0.457249	386	0.00521950482046439	8.76946889323558	0.811702811638576	30.3765610630655	71.5110907748762	0.000189659556025386
SNP.110	1.489e-22	0.461686	754482	2.66648252088206e-06	9.77172160790161	0.999881503708774	43.2172997427779	9.81193e-18	0.461686	386	0.00521195094642522	8.57612923068135	0.811924069997766	29.0230499051262	72.2403496479041	0.000393267297735269
SNP.111	1.111e-22	0.464552	755925	2.65913055806556e-06	9.80134167866972	0.99988183038535	43.5057785156172	4.33114e-19	0.464552	386	0.0052075214173723	8.92816992714126	0.812053870177386	31.5295077139646	75.0352862295817	0.00643447871681439
SNP.112	1.263e-22	0.45941	753194	2.67297379201334e-06	9.7883825858973	0.999881215276286	43.3814274234336	3.54155e-19	0.45941	386	0.00521571974689559	8.95041293985018	0.811813664067671	31.6819910633902	75.0634184868238	0.00661806537306849
SNP.113	7.119e-23	0.4631	755690	2.66108130623678e-06	9.84619238164501	0.999881743705928	43.9466917292947	8.97391e-19	0.4631	386	0.00520972158629553	8.84720420061331	0.811989392601039	30.9428034156525	74.8894951449473	0.00556156612437202
SNP.114	9.922e-23	0.45941	754364	2.66882807544063e-06	9.81275695092128	0.999881399486619	43.6195145840419	4.23005e-19	0.45941	386	0.00521571974689559	8.93078276598598	0.811813664067671	31.5395133082437	75.1590278922856	0.00728205056077175
SNP.115	7.551e-23	0.459108	755614	2.66467710121142e-06	9.8402672313643	0.999881583930639	43.8890433655777	4.01001e-19	0.459108	386	0.00521623658848386	8.93669008809495	0.811798525682552	31.5817920458709	75.4708354114486	0.0099464928549416
SNP.116	1.256e-22	0.472426	755995	2.65359051220619e-06	9.78894461353218	0.999882076551482	43.3833309656551	8.13545e-19	0.472426	386	0.0051971532623713	8.8581482233416	0.812357854500808	31.0349472595981	74.4182782252532	0.00347176401323638
SNP.117	1.158e-17	0.488636	754877	2.65080755926646e-06	8.55704235332722	0.999882200209125	32.0839120618143	3.0955e-15	0.488636	386	0.00518402502050877	7.88699492193907	0.812743088598267	24.4405786167872	56.5244906786016	5.8799956566832e-11
SNP.118	2.151e-17	0.498162	755575	2.64702647165034e-06	8.4853339966311	0.999882368217902	31.4722360689737	1.58575e-16	0.498162	386	0.00518141716662489	8.24986391378033	0.812819656759768	26.8225150275536	58.2947510965272	3.45295832176361e-10
SNP.119	3.979e-23	0.458491	756655	2.66155597323731e-06	9.90451397004308	0.999881722614606	44.5226580370711	4.6481e-18	0.458491	386	0.00521730475370435	8.66169269232343	0.811767240716034	29.6163482665907	74.1390063036618	0.00262581389797845
SNP.12	5.948e-23	0.459559	756478	2.66124058112968e-06	9.86424538798134	0.999881736628718	44.124616596514	3.64109e-19	0.459559	386	0.00521546619775083	8.94735281510888	0.811821090775154	31.6600373317234	75.7846539282374	0.0136131811957366
SNP.120	1.047e-22	0.462825	754980	2.66380208823544e-06	9.80733215758543	0.999881622810896	43.5653717859554	2.91145e-18	0.462825	386	0.00521014844708807	8.71484956780957	0.811976884315985	29.9986598278312	73.5640316137867	0.00147759566263098
SNP.13	3.268e-23	0.463178	755913	2.66023474346106e-06	9.92417315218032	0.999881781322043	44.7172975221975	2.9023e-17	0.463178	386	0.00520960110267844	8.45043075850512	0.811992923197481	28.156480168139	72.8737776903365	0.000740938458592876
SNP.14	4.253e-23	0.4631	747932	2.68868364010375e-06	9.89785470788441	0.999880517227168	44.4617420145674	8.61319e-19	0.4631	386	0.00520972158629553	8.85178319043523	0.811989392601039	30.9757066399698	75.4374486545371	0.00961989408973684
SNP.15	6.548e-23	0.461397	756035	2.66124322348285e-06	9.85459522339973	0.999881736511308	44.0294833107483	2.97938e-19	0.461397	386	0.00521241715146596	8.96947244059893	0.811910411027057	31.8242607332012	75.8537440439495	0.0145869697107458
SNP.16	9.308e-23	0.461397	755994	2.66138755131107e-06	9.81919919554102	0.999881730098255	43.6813642044109	7.39734e-19	0.461397	386	0.00521241715146596	8.86874719610885	0.811910411027057	31.0948570502244	74.7762212546352	0.00496595614170478
SNP.17	3.253e-21	0.457721	754002	2.67161505360062e-06	9.45426476485493	0.999881275650318	40.1669020749279	1.55981e-18	0.457721	386	0.00521866086436522	8.78527605648122	0.811727525730716	30.4900691621052	70.6569712370331	8.07300696946705e-05
SNP.18	3.76e-23	0.46679	755158	2.66018810633056e-06	9.91017155246895	0.999881783394315	44.5784489971724	2.06429e-18	0.46679	386	0.00520430655440511	8.75372212345556	0.812148102527489	30.2804499833461	74.8588989805186	0.00539398034698627
SNP.19	3.17e-23	0.456929	756357	2.66402219798864e-06	9.92721037238231	0.999881613030557	44.7481434516288	1.72758e-18	0.456929	386	0.00522008248083961	8.77378560945597	0.811685896517524	30.4066897429524	75.1548331945812	0.00725156853613619
SNP.2	7.197e-23	0.465385	756331	2.65707970290409e-06	9.84509667844671	0.999881921512935	43.9351613654804	2.35305e-17	0.465385	386	0.00520629986729832	8.47488839947313	0.812089673026195	28.3277608724098	72.2629222378902	0.000402245306452447
SNP.20	1.463e-22	0.477358	754206	2.65724445157961e-06	9.77350584842781	0.999881914192501	43.2330189150349	3.3562e-18	0.477358	386	0.00519199406437318	8.69872966209821	0.812509202034935	29.9034188477174	73.1364377627523	0.00096350496644776
SNP.21	2.735e-22	0.461255	752376	2.67430373733138e-06	9.7099392783638	0.999881156181651	42.6170077347425	4.32691e-19	0.461255	386	0.00521264753543637	8.92827804518124	0.811903661360001	31.524704153679	74.1417118884215	0.00263292787944293
SNP.22	1.372e-22	0.4631	754751	2.6643920078411e-06	9.7800077787627	0.999881596598455	43.2979069660352	6.26858e-19	0.4631	386	0.00520972158629553	8.88716868960231	0.811989392601039	31.2305501876209	74.5284571536561	0.0038761475246256
SNP.23	1.105e-21	0.457721	754059	2.67141310380882e-06	9.56658051062364	0.999881284623733	41.2349080864761	1.55981e-18	0.457721	386	0.00521866086436522	8.78527605648122	0.811727525730716	30.4900691621052	71.7249772485813	0.000234889955091073
SNP.24	2.589e-23	0.456439	756545	2.66381588749644e-06	9.94738376488471	0.999881622197741	44.9485504479072	3.61393e-18	0.456439	386	0.0052209756233316	8.69032849372709	0.811659744798545	29.814253701355	74.7628041492622	0.00489977237501601
SNP.25	2.584e-23	0.454887	755371	2.6694367311027e-06	9.94757618983403	0.999881372441674	44.9515058070541	4.56527e-18	0.454887	386	0.0052238732979528	8.66374173315019	0.811574910842687	29.6240497888463	74.5755555959004	0.00406307548958307
SNP.26	3.63e-23	0.461111	756492	2.65987276920839e-06	9.91368636592723	0.999881797405984	44.6132248823085	3.18552e-19	0.461111	386	0.0052128820490259	8.96210026518677	0.811896790820819	31.7700848299106	76.3833097122191	0.0247715127355965
SNP.27	1.575e-22	0.461397	753577	2.66992360497449e-06	9.7660321388785	0.999881350807969	43.1623640702984	3.22123e-19	0.461397	386	0.00521241715146596	8.96087124919302	0.811910411027057	31.7616533803826	74.924017450681	0.00575691678710617
SNP.28	1.427e-23	0.459559	747708	2.69245474480923e-06	10.0065085406045	0.999880349662592	45.5436478178744	3.64109e-19	0.459559	386	0.00521546619775083	8.94735281510888	0.811821090775154	31.6600373317234	77.2036851495978	0.0562648355991338
SNP.29	1.003e-22	0.4631	755836	2.66056728220153e-06	9.81166474268022	0.999881766546038	43.6072666847809	3.54218e-19	0.4631	386	0.00520972158629553	8.95039330605283	0.811989392601039	31.6884200505804	75.2956867353613	0.00834841195761315
SNP.3	4.455e-23	0.461255	756579	2.65944726020473e-06	9.89321196708415	0.999881816313026	44.4104026233601	3.07496e-19	0.461255	386	0.00521264753543637	8.96599354240535	0.811903661360001	31.7986775328795	76.2090801562397	0.0208106475450881
SNP.30	6.361e-23	0.462963	754065	2.66692454969785e-06	9.8575055742245	0.999881484067704	44.0592183733652	4.1707e-19	0.462963	386	0.00520993383566815	8.93234565857597	0.811983173017832	31.5571571865098	75.616375559875	0.011504751921334
SNP.31	4.744e-23	0.459259	756519	2.66135732603108e-06	9.88691981677263	0.999881731441283	44.3485349867785	1.04909e-18	0.459259	386	0.00521597767598888	8.82975100862345	0.811806109206545	30.8108886104966	75.1594235972752	0.00728493267470899
SNP.32	9.63e-23	0.456604	754870	2.66957231258213e-06	9.81576994860592	0.99988136641726	43.6492192324046	5.00229e-18	0.456604	386	0.00522067370880537	8.65331911361666	0.811668584838649	29.5540680798359	73.2032873122405	0.00103011651060604
SNP.33	3.215e-22	0.460674	735092	2.73768356505784e-06	9.69344421277947	0.999878339977848	42.4685745377801	3.2749e-18	0.460674	386	0.00521359918965156	8.70151239795387	0.811875781490036	29.900796029873	72.3693705676532	0.000447425680725829
SNP.34	2.026e-23	0.459559	755933	2.66315923809626e-06	9.97176307248136	0.999881651375251	45.1912074053125	3.64109e-19	0.459559	386	0.00521546619775083	8.94735281510888	0.811821090775154	31.6600373317234	76.8512447370358	0.0395525171812837
SNP.35	1.546e-23	0.457565	754422	2.67026988959749e-06	9.9985786641618	0.999881335421194	45.4602512541461	1.40829e-19	0.457565	386	0.00521893873225368	9.05164616319729	0.811719388586081	32.4181066184967	77.8783578726428	0.110469832357005
SNP.36	5.64e-23	0.461397	756628	2.659157499413e-06	9.86958047460577	0.99988182918824	44.1768642331312	2.97938e-19	0.461397	386	0.00521241715146596	8.96947244059893	0.811910411027057	31.8242607332012	76.0011249663324	0.0169033117966517
SNP.37	9.693e-23	0.474265	755649	2.65376172692563e-06	9.81511230394746	0.999882068943733	43.6398290545163	2.27424e-18	0.474265	386	0.00519510983209746	8.7427895882363	0.812417792758614	30.212364367751	73.8521934222673	0.00197107291808721
SNP.38	2.217e-23	0.461255	747565	2.69151438159683e-06	9.96281271585192	0.999880391446513	45.1072394735873	8.80207e-19	0.461255	386	0.00521264753543637	8.84936241704166	0.811903661360001	30.9551806644897	76.062420138077	0.0179718157442035
SNP.39	3.435e-21	0.457721	745526	2.70198905691414e-06	9.44856728438077	0.999879926016963	40.1186507959532	1.55981e-18	0.457721	386	0.00521866086436522	8.78527605648122	0.811727525730716	30.4900691621052	70.6087199580584	7.69272244361877e-05
SNP.4	3.215e-21	0.457721	753938	2.6718418406354e-06	9.45549408026974	0.999881265573288	40.1785657105031	1.55981e-18	0.457721	386	0.00521866086436522	8.78527605648122	0.811727525730716	30.4900691621052	70.6686348726083	8.16771884946387e-05
SNP.40	4.931e-23	0.460526	756765	2.65940385187395e-06	9.88304757449009	0.999881818241829	44.3098996025561	1.2449e-18	0.460526	386	0.00521384392736629	8.81058900502296	0.811868611909955	30.6759433767687	74.9858429793248	0.00612407411448297
SNP.41	1.013e-22	0.461397	754929	2.66514204708769e-06	9.81066376975307	0.999881563271272	43.5982962485182	3.22123e-19	0.461397	386	0.00521241715146596	8.96087124919302	0.811910411027057	31.7616533803826	75.3599496289008	0.0089025186367621
SNP.42	9.996e-23	0.459259	754816	2.66736182451314e-06	9.81200732525751	0.999881464637875	43.611888236877	2.65922e-19	0.459259	386	0.00521597767598888	8.98198627953262	0.811806109206545	31.911525044295	75.5234132811721	0.0104834506151356
SNP.43	9.105e-23	0.461111	755278	2.66414812946226e-06	9.82142200223593	0.999881607434927	43.7037026638043	3.58251e-19	0.461111	386	0.0052128820490259	8.949143557295	0.811896790820819	31.675876079627	75.3795787434313	0.00907899355153957
SNP.44	2.292e-23	0.45941	755931	2.66329575358293e-06	9.95950544714334	0.999881645309332	45.0690921770077	3.65872e-19	0.45941	386	0.00521571974689559	8.94681945007509	0.811813664067671	31.6558857655824	76.7249779425901	0.0348607844702135
SNP.45	2.884e-21	0.455882	750447	2.68599030381671e-06	9.46685355203709	0.999880636902414	40.2886391137961	1.66751e-18	0.455882	386	0.00522200353763819	8.77776786618767	0.811629648970058	30.433038459607	70.721677573403	8.61265264713555e-05
SNP.46	1.533e-22	0.459259	754060	2.67003604876496e-06	9.76877123302306	0.999881345811653	43.1891355448975	9.52671e-19	0.459259	386	0.00521597767598888	8.84052824499068	0.811806109206545	30.8881874796614	74.0773230245589	0.00246873932413253
SNP.47	8.395e-23	0.459559	756172	2.66231750492192e-06	9.82960186367283	0.999881688776761	43.7837247602628	3.64109e-19	0.459559	386	0.00521546619775083	8.94735281510888	0.811821090775154	31.6600373317234	75.4437620919862	0.00968082081549979
SNP.48	7.787e-23	0.4631	752005	2.67412122567014e-06	9.83717057612105	0.999881164291352	43.8603283013697	1.17087e-18	0.4631	386	0.00520972158629553	8.81745847221925	0.811989392601039	30.7294742097084	74.5898025110781	0.0041213760972242
SNP.49	1.088e-22	0.45941	754996	2.6665940247388e-06	9.80345423488886	0.999881498754221	43.5278694835344	3.69498e-19	0.45941	386	0.00521571974689559	8.94573040262601	0.811813664067671	31.6479763317136	75.175845815248	0.00740555516051717
SNP.5	2.926e-23	0.459559	748663	2.68902022983882e-06	9.93519598361968	0.999880502271199	44.8320553221248	3.64109e-19	0.459559	386	0.00521546619775083	8.94735281510888	0.811821090775154	31.6600373317234	76.4920926538482	0.0276182629379247
SNP.50	4.495e-23	0.460076	756465	2.66084118505623e-06	9.89231738008323	0.999881754375456	44.401812670835	5.56175e-18	0.460076	386	0.00521459385247036	8.64121672600353	0.811846643677026	29.4752997932059	73.8771124640409	0.00202080725897681
SNP.51	6.616e-23	0.458955	756124	2.66301423360672e-06	9.85355727407551	0.999881657818369	44.0195852594224	4.81201e-19	0.458955	386	0.0052164999336053	8.91651283930906	0.811790812472665	31.4352894315094	75.4548746909317	0.00978899985658604
SNP.52	9.538e-23	0.474074	755713	2.65364199933715e-06	9.81673800993237	0.999882074263704	43.6557626812703	2.28459e-18	0.474074	386	0.00519531543068672	8.74227675854987	0.812411761704282	30.208507555598	73.8642702368684	0.00199502152062711
SNP.53	1.681e-23	0.459559	754891	2.66683528129468e-06	9.99028366636319	0.999881488034249	45.376721465496	3.64109e-19	0.459559	386	0.00521546619775083	8.94735281510888	0.811821090775154	31.6600373317234	77.0367587972194	0.0476147886027448
SNP.54	7.557e-23	0.461255	749556	2.68436507569606e-06	9.84018732261356	0.999880709117537	43.8918950180071	1.08773e-18	0.461255	386	0.00521264753543637	8.82570438307347	0.811903661360001	30.7854289305606	74.6773239485677	0.00449834049226945
SNP.55	1.808e-21	0.457721	753864	2.67210411114601e-06	9.51552364423217	0.999881253919589	40.7479576074231	1.55981e-18	0.457721	386	0.00521866086436522	8.78527605648122	0.811727525730716	30.4900691621052	71.2380267695283	0.000144339281414237
SNP.56	5.144e-22	0.455078	751770	2.68203740728989e-06	9.64534088580473	0.999880812544797	41.9933497169908	1.65733e-16	0.455078	386	0.00522351104061741	8.24458601741133	0.811585515522745	26.748476194004	68.7418259109948	1.18931878981454e-05
SNP.57	1.004e-22	0.459259	754836	2.66729115057007e-06	9.81156420185944	0.999881467778195	43.6075278250384	2.29436e-19	0.459259	386	0.00521597767598888	8.99820599960027	0.811806109206545	32.0299000480769	75.6374278731152	0.0117495210001232
SNP.58	1.353e-22	0.464945	755708	2.65959786776213e-06	9.78141910256928	0.999881809620939	43.3108189034024	8.21119e-19	0.464945	386	0.00520694141308494	8.85711488369647	0.812070869337245	31.0170191497232	74.3278380531256	0.00317155706128768
SNP.59	3.364e-23	0.459559	755339	2.66525355149386e-06	9.92128412357729	0.999881558316694	44.6895651904113	3.64109e-19	0.459559	386	0.00521546619775083	8.94735281510888	0.811821090775154	31.6600373317234	76.3496025221346	0.0239504502396769
SNP.6	4.995e-23	0.459559	756825	2.66002041731156e-06	9.88175563918051	0.999881790845398	44.2972482448382	3.64109e-19	0.459559	386	0.00521546619775083	8.94735281510888	0.811821090775154	31.6600373317234	75.9572855765615	0.0161782893083057
SNP.60	1.104e-22	0.458802	755861	2.66407582284934e-06	9.8019800121127	0.999881610647794	43.5129528396378	3.67929e-18	0.458802	386	0.00521676428895006	8.68829203235769	0.811783069821399	29.8042181966143	73.317171036252	0.00115437103470293
SNP.61	5.039e-22	0.485294	752853	2.65886119795143e-06	9.6474565452931	0.999881842354081	42.0094648073042	5.23477e-17	0.485294	386	0.00518583323694645	8.38129682951991	0.812690006742293	27.7066714326583	69.7161362399626	3.15090913867244e-05
SNP.62	9.177e-23	0.454044	748334	2.69537342778665e-06	9.82062805309752	0.999880219974405	43.7016647934859	4.29648e-19	0.454044	386	0.00522549113655257	8.92905892188917	0.8115275538018	31.5163705059459	75.2180352994318	0.00772467615427868
SNP.63	7.837e-17	0.5	749542	2.66829610615549e-06	8.33367631554511	0.999881423124092	30.2009883416371	3.92472e-16	0.5	386	0.00518134715025907	8.1408624713233	0.812821712681329	26.0964806532995	56.2974689949366	4.68578913240326e-11
SNP.64	1.163e-22	0.47417	754460	2.65799617452185e-06	9.79672079897328	0.999881880790484	43.4602928206805	1.89094e-18	0.47417	386	0.00519521190111335	8.76361072413003	0.812414798642342	30.3603217913178	73.8206146119983	0.00190980131425098
SNP.65	2.321e-21	0.45572	754018	2.67342389836889e-06	9.48952024275833	0.999881195276312	40.5011332820331	1.43768e-18	0.45572	386	0.00522230502849822	8.79443622530168	0.811620822181642	30.5515836314558	71.0527169134889	0.00011992383023086
SNP.66	1.048e-22	0.455882	748627	2.69252026112916e-06	9.80723579827122	0.999880346751452	43.5697264678306	1.24253e-18	0.455882	386	0.00522200353763819	8.8108026007351	0.811629648970058	30.668830571498	74.2385570393286	0.00290066969611076
SNP.67	7.314e-17	0.498162	747157	2.67684974686338e-06	8.34184545869548	0.999881043052578	30.2706794780265	1.79632e-15	0.498162	386	0.00518141716662489	7.95465455661276	0.812819656759768	24.8783619758629	55.1490414538895	1.48602801469762e-11
SNP.68	6.946e-23	0.459559	755543	2.66453392107639e-06	9.84866562486762	0.999881590292694	43.9716847227901	3.64109e-19	0.459559	386	0.00521546619775083	8.94735281510888	0.811821090775154	31.6600373317234	75.6317220545135	0.0116826712622434
SNP.69	3.432e-21	0.457721	754409	2.67017373022455e-06	9.44865875482752	0.999881339693929	40.1136564466109	1.55981e-18	0.457721	386	0.00521866086436522	8.78527605648122	0.811727525730716	30.4900691621052	70.603725608716	7.65439808262715e-05
SNP.7	3.98e-23	0.469582	756574	2.65331551790055e-06	9.90448885006218	0.999882088770569	44.5208769548035	1.42246e-18	0.469582	386	0.00520059464932666	8.79563125943998	0.812256931117792	30.5830285210853	75.1039054758888	0.00689150901707492
SNP.70	6.408e-23	0.45941	755591	2.66449418045172e-06	9.85676620392897	0.999881592058525	44.0514806057014	3.7776e-19	0.45941	386	0.00521571974689559	8.94328788664383	0.811813664067671	31.6302405521053	75.6817211578067	0.0122816436134211
SNP.71	7.609e-23	0.459559	755623	2.66425181913708e-06	9.83949739950388	0.999881602827589	43.8813903255919	3.64109e-19	0.459559	386	0.00521546619775083	8.94735281510888	0.811821090775154	31.6600373317234	75.5414276573152	0.010674014731203
SNP.72	1.177e-22	0.459559	753712	2.6710068996272e-06	9.7955116492681	0.999881302672967	43.4508627219961	3.64109e-19	0.459559	386	0.00521546619775083	8.94735281510888	0.811821090775154	31.6600373317234	75.1109000537195	0.0069398811875076
SNP.73	7.354e-23	0.461255	756716	2.65896577933919e-06	9.84292642724017	0.999881837707118	43.9141505979471	5.52373e-19	0.461255	386	0.00521264753543637	8.90121769281232	0.811903661360001	31.3288435845327	75.2429941824798	0.00791990161322727
SNP.74	2.98e-23	0.459559	753507	2.67173357690349e-06	9.93337329913546	0.999881270383867	44.8107640195821	3.64109e-19	0.459559	386	0.00521546619775083	8.94735281510888	0.811821090775154	31.6600373317234	76.4708013513054	0.0270364499034481
SNP.75	6.588e-23	0.458491	754949	2.66757043844005e-06	9.85398338006001	0.999881455368343	44.0246283118733	3.41006e-18	0.458491	386	0.00521730475370435	8.69692255529175	0.811767240716034	29.8645630000103	73.8891913118836	0.00204536429415421
SNP.76	1.416e-22	0.472426	755982	2.65363614381734e-06	9.77681235282202	0.999882074523888	43.2646650296458	8.13545e-19	0.472426	386	0.0051971532623713	8.8581482233416	0.812357854500808	31.0349472595981	74.2996122892439	0.00308328901716296
SNP.77	2.096e-17	0.494208	754696	2.65042933065796e-06	8.48834530528061	0.999882217015325	31.4984263908444	2.55016e-14	0.494208	386	0.00518204252365347	7.61931977164892	0.81280129458563	22.7554045919819	54.2538309828262	6.07074553524819e-12
SNP.78	7.912e-23	0.464815	756247	2.65779984743919e-06	9.8355678319591	0.999881889514071	43.8415393540682	5.22238e-19	0.464815	386	0.00520713254203717	8.90744138217111	0.812065267521389	31.3798188350875	75.2213581891557	0.00775038709494456
SNP.79	1.431e-22	0.468519	755405	2.65812376401464e-06	9.77574542908136	0.999881875121179	43.2550709343416	1.36768e-18	0.468519	386	0.00520196886516964	8.80003950459342	0.812216637362906	30.6130774051655	73.8681483395072	0.00200277344050567
SNP.8	1.537e-17	0.498155	755295	2.64800803999868e-06	8.52432763551745	0.999882324602907	31.8040151286905	1.58729e-16	0.498155	386	0.00518141770096063	8.24974791074962	0.812819641069871	26.8217366651163	58.6257517938068	4.80776368409397e-10
SNP.80	1.31e-22	0.476103	755336	2.65389044413467e-06	9.78468698005143	0.999882063224318	43.3417230712901	1.91466e-18	0.476103	386	0.00519320982515778	8.76220598245373	0.812473532033833	30.3524193609063	73.6941424321964	0.00168291436724201
SNP.81	1.333e-22	0.465074	755869	2.65893488481484e-06	9.7829260602338	0.999881839079883	43.3254352502573	7.69449e-19	0.465074	386	0.00520675246748733	8.86435980450177	0.812076407236928	31.0693531567531	74.3947884070103	0.00339116326214612
SNP.82	1.187e-22	0.461397	755967	2.66148260501564e-06	9.79465665602544	0.999881725874645	43.4407234071783	3.22123e-19	0.461397	386	0.00521241715146596	8.96087124919302	0.811910411027057	31.7616533803826	75.2023767875609	0.00760466130020984
SNP.83	8.842e-23	0.4631	755411	2.66206413768144e-06	9.82437589957311	0.999881700034863	43.7323283077985	8.69456e-19	0.4631	386	0.00520972158629553	8.85073394966201	0.811989392601039	30.9681656121562	74.7004939199548	0.00460378375424181
SNP.84	7.486e-23	0.459559	755556	2.66448807544619e-06	9.84113696118789	0.999881592329795	43.8975660450513	3.64109e-19	0.459559	386	0.00521546619775083	8.94735281510888	0.811821090775154	31.6600373317234	75.5576033767746	0.0108480786078609
SNP.85	9.138e-23	0.457721	755318	2.66696026527234e-06	9.82105734024754	0.999881482480722	43.7006430620048	1.68116e-19	0.457721	386	0.00521866086436522	9.03229013776136	0.811727525730716	32.2763525927377	75.9769956547425	0.0165003279330535
SNP.86	8.626e-23	0.459559	756138	2.66243721692577e-06	9.82686771076531	0.999881683457486	43.7568782654599	3.64109e-19	0.459559	386	0.00521546619775083	8.94735281510888	0.811821090775154	31.6600373317234	75.4169155971833	0.00942438234858732
SNP.87	5.045e-23	0.461397	755681	2.66248988722207e-06	9.88075766738798	0.999881681117138	44.2878467510665	2.97938e-19	0.461397	386	0.00521241715146596	8.96947244059893	0.811910411027057	31.8242607332012	76.1121074842677	0.0188873443178894
SNP.88	3.06e-23	0.455224	749913	2.68853692092917e-06	9.93073226983658	0.999880523746462	44.787633906024	6.08353e-19	0.455224	386	0.00522323520203304	8.89049860334277	0.811593590575965	31.2399935137367	76.0276274197606	0.0173572800959687
SNP.89	5.542e-23	0.45941	755846	2.66359525922172e-06	9.87133864768548	0.999881632001121	44.1950401869599	3.83561e-19	0.45941	386	0.00521571974689559	8.94160425770671	0.811813664067671	31.6180180796222	75.8130582665821	0.0140053985679035
SNP.9	1.442e-22	0.462963	756073	2.65984165625265e-06	9.77497003075744	0.999881798788456	43.2478113843644	3.77776e-19	0.462963	386	0.00520993383566815	8.94328320791437	0.811983173017832	31.6365348640502	74.8843462484145	0.00553300379118838
SNP.90	1.914e-17	0.5	756426	2.64401276529363e-06	8.49889738756985	0.999882502128914	31.5868397212879	5.18197e-16	0.5	386	0.00518134715025907	8.10715275010965	0.812821712681329	25.8738828989457	57.4607226202337	1.49960669724268e-10
SNP.91	3.413e-21	0.460967	751850	2.67641595686918e-06	9.44923991079216	0.999881062327547	40.1203021029001	9.63118e-18	0.460967	386	0.00521311745381371	8.57826864370689	0.811889894289164	29.0367822599601	69.1570843628602	1.80153512660075e-05
SNP.92	1.561e-22	0.461255	754820	2.66564472149445e-06	9.76693705239152	0.999881540935479	43.1704080543242	3.33246e-19	0.461255	386	0.00521264753543637	8.95712758925487	0.811903661360001	31.7341695330329	74.9045775873571	0.00564608389014929
SNP.93	9.453e-23	0.461397	755356	2.66363545198007e-06	9.81764066523532	0.999881630215199	43.6664809847543	3.22123e-19	0.461397	386	0.00521241715146596	8.96087124919302	0.811910411027057	31.7616533803826	75.4281343651368	0.00953070761130768
SNP.94	7.119e-23	0.463235	755654	2.66110164649074e-06	9.84619238164501	0.99988174280213	43.9466955068201	8.9798e-19	0.463235	386	0.00520951322170288	8.84713095100487	0.811995498440491	30.9424999236736	74.8891954304937	0.00555989949238967
SNP.95	8.528e-23	0.461397	756265	2.66043386969628e-06	9.82801869376957	0.999881772474081	43.7678161248946	2.97938e-19	0.461397	386	0.00521241715146596	8.96947244059893	0.811910411027057	31.8242607332012	75.5920768580958	0.01122857040018
SNP.96	1.436e-22	0.459559	753668	2.67116283606551e-06	9.77539224653278	0.999881295744104	43.2540374973364	3.64109e-19	0.459559	386	0.00521546619775083	8.94735281510888	0.811821090775154	31.6600373317234	74.9140748290598	0.00569996155315245
SNP.97	1.705e-23	0.450192	756389	2.6706438281225e-06	9.98887837535974	0.999881318805648	45.3633898816051	3.66319e-17	0.450192	386	0.00523327879406671	8.4232061794501	0.811299672392637	27.9472215426625	73.3106114242676	0.00114682358984704
SNP.98	3.44e-17	0.494382	754305	2.6517821402125e-06	8.43056508301255	0.999882156904622	31.009947734917	2.73026e-15	0.494382	386	0.00518200136599219	7.90265431581113	0.812802503060405	24.5427531610457	55.5527008959627	2.22502074820812e-11
SNP.99	2.663e-23	0.455056	750147	2.6878616280358e-06	9.94457811384148	0.999880553752309	44.9250885857302	6.45062e-19	0.455056	386	0.00522355268571546	8.88398636438661	0.81158429639478	31.1926797395128	76.117768325243	0.0189945657659762
