snp	pvalues.df1	MAF.df1	N.df1	V.df1	z.df1	r.df1	lABF.df1	pvalues.df2	MAF.df2	N.df2	V.df2	z.df2	r.df2	lABF.df2	internal.sum.lABF	SNP.PP.H4
SNP.1	1.607e-22	0.444444	754449	2.68407858583112e-06	9.7639933098838	0.999880721847382	43.1450707649667	6.62106e-24	0.444444	330	0.00613636486364152	10.0822234633644	0.785714252040676	39.1641876186653	82.309258383632	0.00478654262418997
SNP.10	7.364e-23	0.448113	755501	2.67606866932362e-06	9.84278975273819	0.999881077758878	43.9159740774186	9.99632e-24	0.448113	330	0.00612658350225051	10.0416739130698	0.785982721208458	38.8565190678038	82.7724931452224	0.00760680409203435
SNP.100	2.219e-22	0.453052	751687	2.68434835286658e-06	9.73122698323004	0.999880709860597	42.8257651605815	4.94363e-22	0.453052	330	0.00611451442521581	9.64941632377705	0.786314234295461	35.8357205160032	78.6614856765848	0.000124685046835031
SNP.101	7.475e-23	0.42823	748278	2.72903165915986e-06	9.8412848855235	0.999878724413589	43.910848760655	1.97074e-22	0.42823	330	0.0061881040965237	9.74328723941391	0.784297209892182	36.4603857389532	80.3712344996082	0.000689205686443288
SNP.102	2.131e-22	0.458937	750211	2.68401950780871e-06	9.7353418344693	0.999880724472446	42.8657508439821	2.97057e-24	0.458937	330	0.00610176048173539	10.1606605470135	0.786664863317352	39.8348103919007	82.7005612358828	0.0070788482130615
SNP.103	8.768e-23	0.453883	754616	2.67309493209646e-06	9.82522272323905	0.999881209893562	43.7426908622502	4.72146e-25	0.453883	330	0.00611260668266334	10.3384430151635	0.786366661714641	41.2530257363734	84.9957165986236	0.0702644917672648
SNP.104	1.285e-22	0.457746	755990	2.66456691597355e-06	9.78663607649941	0.999881588826601	43.3627785046688	5.52733e-24	0.457746	330	0.0061041998266874	10.0999447875796	0.786597777121098	39.3476927187531	82.7104712234219	0.0071493482609714
SNP.105	4.935e-23	0.452607	756438	2.66794062903005e-06	9.88296634347748	0.999881438919329	44.3106806227889	1.04657e-23	0.452607	330	0.00611555052588555	10.03714736518	0.786285763736978	38.8353573887916	83.1460380115805	0.0110517411799673
SNP.106	2.321e-17	0.492718	754912	2.64987748266351e-06	8.47648482359036	0.999882241536126	31.3977294888481	6.21114e-16	0.492718	330	0.00606189184906811	8.08510355356893	0.78776294367679	24.9725726170533	56.3703021059015	2.59941938246804e-14
SNP.107	4.505e-23	0.439024	756460	2.68380830318084e-06	9.89209496489207	0.999880733857079	44.4038595564347	4.79456e-25	0.439024	330	0.00615210190613388	10.3369703518126	0.785282701901293	41.1856725138875	85.5895320703222	0.127240888171252
SNP.108	1.932e-22	0.445498	748916	2.70263887682775e-06	9.74530386161235	0.999879897143014	42.9661895161386	3.00977e-21	0.445498	330	0.0061334833244798	9.46239230043968	0.785793322629522	34.4083295464503	77.3745190625889	3.44264208789938e-05
SNP.109	1.106e-20	0.453052	749574	2.69191535501661e-06	9.32536715383067	0.999880373629735	38.960466147607	3.28524e-19	0.453052	330	0.00611451442521581	8.95870155863229	0.786314234295461	30.7825107079734	69.7429768555805	1.66937999558932e-08
SNP.11	1.224e-21	0.445238	752955	2.68845056017936e-06	9.55599669720223	0.9998805275838	41.1368689827929	1.13486e-21	0.445238	330	0.00613418876224196	9.56382242977755	0.78577396366365	35.1657137038095	76.3025826866023	1.17857119063777e-05
SNP.110	1.489e-22	0.450739	754482	2.67680799744251e-06	9.77172160790161	0.999881044907667	43.219210030172	3.59566e-25	0.450739	330	0.00612001045917097	10.3645181732771	0.786163234709445	41.4548285603439	84.674038590516	0.0509369486724265
SNP.111	1.111e-22	0.456731	755925	2.66572829609184e-06	9.80134167866972	0.999881537221933	43.5070033327683	4.97828e-23	0.456731	330	0.00610633534007038	9.88209156881053	0.7865390562098	37.6328736401214	81.1398769728897	0.0014865038444677
SNP.112	1.263e-22	0.448357	753194	2.68399119257064e-06	9.7883825858973	0.999880725730601	43.3834603789737	1.13243e-23	0.448357	330	0.00612595776453652	10.0293645860683	0.785999902084474	38.7602501943339	82.1437105733076	0.00405625668736261
SNP.113	7.119e-23	0.455399	755690	2.66781568746607e-06	9.84619238164501	0.99988144447097	43.9479408229743	1.81642e-24	0.455399	330	0.00610921708139768	10.2085049310228	0.786459829920686	40.2079292628077	84.155870085782	0.0303385767439147
SNP.114	9.922e-23	0.448113	754364	2.68010212012061e-06	9.81275695092128	0.999880898537065	43.6215979379298	1.19685e-23	0.448113	330	0.00612658350225051	10.0238998739121	0.785982721208458	38.7163601553878	82.3379580933176	0.00492590527608307
SNP.115	7.551e-23	0.447867	755614	2.67594535053628e-06	9.8402672313643	0.99988108323841	43.8911287902126	1.36659e-23	0.447867	330	0.00612721748515188	10.0107884661275	0.785965314710384	38.6122964787651	82.5034252689777	0.00581229351391912
SNP.116	1.256e-22	0.454976	755995	2.66714708400534e-06	9.78894461353218	0.999881474179635	43.385849683806	2.45754e-23	0.454976	330	0.00611015109022005	9.95256967515975	0.786434155102777	38.1776790324759	81.5635287162819	0.00227067851723264
SNP.117	1.158e-17	0.487805	754877	2.65101526787397e-06	8.55704235332722	0.999882190979806	32.0839508961292	5.34881e-16	0.487805	330	0.00606421349202091	8.10330005610303	0.787698915857954	25.0866478720477	57.1705987681768	5.78683070574365e-14
SNP.118	2.151e-17	0.488263	755575	2.6484500743831e-06	8.4853339966311	0.999882304961558	31.4725025938256	5.89974e-17	0.488263	330	0.00606394746955154	8.36721219178475	0.787706251875181	26.7988596379218	58.2713622317474	1.73978777692891e-13
SNP.119	3.979e-23	0.437198	756655	2.68558127041111e-06	9.90451397004308	0.999880655077337	44.5270982850876	1.03073e-23	0.437198	330	0.00615775301867551	10.0386520424266	0.785127849532981	38.7915908705973	83.3186891556849	0.0131344576587077
SNP.12	5.948e-23	0.448357	756478	2.67233952910336e-06	9.86424538798134	0.999881243459053	44.1266733158349	1.13243e-23	0.448357	330	0.00612595776453652	10.0293645860683	0.785999902084474	38.7602501943339	82.8869235101688	0.00852901164763297
SNP.120	1.047e-22	0.452153	754980	2.67355949441083e-06	9.80733215758543	0.999881189251253	43.567178853362	4.80207e-24	0.452153	330	0.00611661802148572	10.113729455295	0.786256432647167	39.4406225307704	83.0078013841324	0.00962487950322639
SNP.13	3.268e-23	0.441176	755913	2.68294186085807e-06	9.92417315218032	0.999880772356443	44.721497098258	1.35541e-23	0.441176	330	0.00614566857838426	10.0116010535378	0.785459062979535	38.5945001755539	83.3159972738119	0.0130991487951902
SNP.14	4.253e-23	0.445755	747932	2.70588840929804e-06	9.89785470788441	0.999879752754059	44.4648934704795	7.13681e-23	0.445755	330	0.00613278948407	9.84594115268128	0.785812364265731	37.318878605786	81.7837720762655	0.00283012831915062
SNP.15	6.548e-23	0.450704	756035	2.671346685677e-06	9.85459522339973	0.99988128757495	44.0313559529938	5.77226e-24	0.450704	330	0.0061200957318358	10.0956918377392	0.786160892361095	39.2926701427149	83.3240260957088	0.0132047428585993
SNP.16	9.308e-23	0.448357	755994	2.67405040555488e-06	9.81919919554102	0.999881167438165	43.6837101512037	1.13243e-23	0.448357	330	0.00612595776453652	10.0293645860683	0.785999902084474	38.7602501943339	82.4439603455377	0.00547674158236173
SNP.17	3.253e-21	0.446009	754002	2.68380634145329e-06	9.45426476485493	0.999880733944246	40.16915403686	9.34163e-22	0.446009	330	0.00613210711838928	9.58393511051278	0.785831091891562	35.3195097951325	75.4886638319925	5.22246278117041e-06
SNP.18	3.76e-23	0.459906	755158	2.66559244372684e-06	9.91017155246895	0.999881543258385	44.5794518356811	9.33716e-23	0.459906	330	0.00609982866248447	9.81888384804023	0.786717999800962	37.1513599789469	81.730811814628	0.00268414379200219
SNP.19	3.17e-23	0.439904	756357	2.6830130906723e-06	9.92721037238231	0.999880769191429	44.7516531323578	2.65173e-23	0.439904	330	0.00614944161279281	9.94500038586229	0.785355620681734	38.0676399718184	82.8192931041761	0.00797126404811707
SNP.2	7.197e-23	0.440887	756331	2.68182984397042e-06	9.84509667844671	0.999880821767634	43.939743356365	7.11022e-24	0.440887	330	0.00614651832642422	10.0752190242544	0.785435763732777	39.0952342055649	83.0349775619299	0.00989003355794488
SNP.20	1.463e-22	0.466184	754206	2.663980678594e-06	9.77350584842781	0.999881614875426	43.2342703869996	9.58659e-23	0.466184	330	0.00608845518690808	9.81622558018967	0.787030983412624	37.1451734676046	80.3794438546042	0.000694886908265545
SNP.21	2.735e-22	0.454762	752376	2.68018509016689e-06	9.7099392783638	0.999880894850386	42.6180936816613	2.01453e-22	0.454762	330	0.00611062708302851	9.74105444999534	0.786421071258055	36.5391426486588	79.1572363303201	0.000204699200331328
SNP.22	1.372e-22	0.454976	754751	2.67154314439148e-06	9.7800077787627	0.999881278845524	43.2992317959444	1.10994e-23	0.454976	330	0.00611015109022005	10.0313451829479	0.786434155102777	38.7966982802337	82.0959300761781	0.00386700402311531
SNP.23	1.105e-21	0.446009	754059	2.68360347011104e-06	9.56658051062364	0.9998807429586	41.2371594716684	9.34163e-22	0.446009	330	0.00613210711838928	9.58393511051278	0.785831091891562	35.3195097951325	76.5566692668008	1.51951230227424e-05
SNP.24	2.589e-23	0.436893	756545	2.6863910164093e-06	9.94738376488471	0.999880619097217	44.9527198297989	1.86599e-23	0.436893	330	0.00615871421669507	9.97992966849725	0.785101516762838	38.3288667210109	83.2815865508097	0.0126560647558826
SNP.25	2.584e-23	0.434783	755371	2.69353067835908e-06	9.94757618983403	0.999880301854767	44.9559449845361	3.73664e-23	0.434783	330	0.00616549988497811	9.91079417995307	0.784915668321937	37.7803534669971	82.7362984515332	0.00733640124173097
SNP.26	3.63e-23	0.448113	756492	2.67256303535618e-06	9.91368636592723	0.999881233527801	44.6155767209181	3.30927e-23	0.448113	330	0.00612658350225051	9.92292100851151	0.785982721208458	37.924794071887	82.540370792805	0.00603104785710319
SNP.27	1.575e-22	0.450704	753577	2.68006002240755e-06	9.7660321388785	0.999880900407629	43.1642370320488	3.17958e-23	0.450704	330	0.0061200957318358	9.92690939783587	0.786160892361095	37.9642691263127	81.1285061583615	0.00146969682082003
SNP.28	1.427e-23	0.448357	747708	2.70368387431598e-06	10.0065085406045	0.999879850709839	45.5457035477066	1.13243e-23	0.448357	330	0.00612595776453652	10.0293645860683	0.785999902084474	38.7602501943339	84.3059537420405	0.035251346209105
SNP.29	1.003e-22	0.450472	755836	2.67229748863404e-06	9.81166474268022	0.999881245327075	43.6094409460886	2.85317e-21	0.450472	330	0.00612066255945211	9.46797650483761	0.786145322571132	34.4648178437918	78.0742587898804	6.93082568581175e-05
SNP.3	4.455e-23	0.450472	756579	2.66967315325854e-06	9.89321196708415	0.999881361936515	44.4122990330104	6.56017e-24	0.450472	330	0.00612066255945211	10.0831310237474	0.786145322571132	39.1922839309349	83.6045829639453	0.017481321022878
SNP.30	6.361e-23	0.450472	754065	2.67857365693832e-06	9.8575055742245	0.999880966452586	44.0613722064944	2.17898e-21	0.450472	330	0.00612066255945211	9.49610024237179	0.786145322571132	34.6744594988014	78.7358317052959	0.000134308173419892
SNP.31	4.744e-23	0.445498	756519	2.67547741309648e-06	9.88691981677263	0.999881104030684	44.3511497934802	6.95684e-23	0.445498	330	0.0061334833244798	9.84850887242104	0.785793322629522	37.3378687988075	81.6890185922876	0.00257427661672583
SNP.32	9.63e-23	0.43932	754870	2.68906808739551e-06	9.81576994860592	0.999880500144704	43.6528152771479	2.20383e-22	0.43932	330	0.00615120250646137	9.73192467438575	0.785307352978495	36.4190963072648	80.0719115844127	0.0005109219507157
SNP.33	3.215e-22	0.439614	735092	2.76101977114837e-06	9.69344421277947	0.999877303066556	42.4727692762673	1.47093e-21	0.439614	330	0.00615031377458484	9.53695121520996	0.785331713189101	34.944979184318	77.4177484605853	3.59472906303428e-05
SNP.34	2.026e-23	0.446009	755933	2.67695066767619e-06	9.97176307248136	0.999881038568276	45.1937592486208	6.6539e-23	0.446009	330	0.00613210711838928	9.85298334422416	0.785831091891562	37.3742492968719	82.5680085454927	0.00620005722787245
SNP.35	1.546e-23	0.446009	754422	2.6823122192466e-06	9.9985786641618	0.999880800333843	45.4624740604973	6.6539e-23	0.446009	330	0.00613210711838928	9.85298334422416	0.785831091891562	37.3742492968719	82.8367233573692	0.00811142315459734
SNP.36	5.64e-23	0.450472	756628	2.66950026250574e-06	9.86958047460577	0.999881369618726	44.1787825924101	5.82276e-24	0.450472	330	0.00612066255945211	10.094837217159	0.786145322571132	39.2851305232138	83.463913115624	0.0151873537654445
SNP.37	9.693e-23	0.462441	755649	2.66175098446299e-06	9.81511230394746	0.999881713949491	43.6413147865798	1.15104e-24	0.462441	330	0.00609499839290446	10.2526824545651	0.786850892272934	40.5830166952987	84.2243314818785	0.0324883465939771
SNP.38	2.217e-23	0.450472	747565	2.70186357657086e-06	9.96281271585192	0.999879931592528	45.1091352946853	3.57479e-24	0.450472	330	0.00612066255945211	10.142593899372	0.786145322571132	39.6650244670424	84.7741597617276	0.0563008559579104
SNP.39	3.435e-21	0.445755	745526	2.71462099208224e-06	9.44856728438077	0.999879364732753	40.1209575390077	8.26724e-22	0.445755	330	0.00613278948407	9.59654092266736	0.785812364265731	35.4136924406823	75.53464997969	5.46823139221861e-06
SNP.4	3.215e-21	0.446009	753938	2.68403416337744e-06	9.45549408026974	0.999880723821243	40.180817664061	9.34163e-22	0.446009	330	0.00613210711838928	9.58393511051278	0.785831091891562	35.3195097951325	75.5003274591934	5.28373225769629e-06
SNP.40	4.931e-23	0.440476	756765	2.68082210867475e-06	9.88304757449009	0.999880866545197	44.3138634096492	2.24353e-24	0.440476	330	0.00614773437294317	10.1879907803113	0.785402423350117	39.9909882114382	84.3048516210873	0.0352125163633425
SNP.41	1.013e-22	0.450704	754929	2.67526031124227e-06	9.81066376975307	0.999881113677361	43.6001690527136	3.17958e-23	0.450704	330	0.0061200957318358	9.92690939783587	0.786160892361095	37.9642691263127	81.5644381790263	0.00227274455409805
SNP.42	9.996e-23	0.447619	754816	2.6790552017827e-06	9.81200732525751	0.999880945055688	43.6140501117843	9.05177e-23	0.447619	330	0.00612785979148125	9.82201297946415	0.785947680472268	37.1401809265469	80.7542310383311	0.00101083933970353
SNP.43	9.105e-23	0.450472	755278	2.67427178418966e-06	9.82142200223593	0.999881157601453	43.7055771222144	2.99357e-23	0.450472	330	0.00612066255945211	9.93292040729433	0.786145322571132	38.0104624600174	81.7160395822317	0.00264478442472561
SNP.44	2.292e-23	0.445755	755931	2.67725563542585e-06	9.95950544714334	0.999881025017379	45.071675049034	8.18558e-23	0.445755	330	0.00613278948407	9.83214574271001	0.785812364265731	37.2122174347312	82.2838924837653	0.00466665462498282
SNP.45	2.884e-21	0.443662	750447	2.69934889226062e-06	9.46685355203709	0.999880043329451	40.2910927709371	3.52647e-22	0.443662	330	0.0061385402368191	9.6839987085168	0.785654569469742	36.0691931673624	76.3602859382995	1.24857899555304e-05
SNP.46	1.533e-22	0.452607	754060	2.67635423380398e-06	9.76877123302306	0.999881065070142	43.190303776155	4.94182e-24	0.452607	330	0.00611555052588555	10.110919623236	0.786285763736978	39.4197125439845	82.6100163201395	0.00646605572199079
SNP.47	8.395e-23	0.448357	756172	2.67342094430507e-06	9.82960186367283	0.999881195407572	43.7857816380806	1.13243e-23	0.448357	330	0.00612595776453652	10.0293645860683	0.785999902084474	38.7602501943339	82.5460318324145	0.00606528668013687
SNP.48	7.787e-23	0.449761	752005	2.68668105599433e-06	9.83717057612105	0.999880606209646	43.8626439250624	6.46126e-22	0.449761	330	0.00612241693185763	9.62192166463918	0.786097136854883	35.6178608656331	79.4805047906955	0.000282819828502442
SNP.49	1.088e-22	0.448113	754996	2.67785863202278e-06	9.80345423488886	0.999880998223907	43.5299529034862	1.09116e-23	0.448113	330	0.00612658350225051	10.0330297482984	0.785982721208458	38.7883236518391	82.3182765553253	0.00482990371239112
SNP.5	2.926e-23	0.445755	748663	2.70324636016886e-06	9.93519598361968	0.99987987015024	44.8346620612591	9.59804e-24	0.445755	330	0.00613278948407	10.0456830509839	0.785812364265731	38.8799698255551	83.7146318868142	0.0195149700054548
SNP.50	4.495e-23	0.433168	756465	2.69197138715449e-06	9.89231738008323	0.999880371140014	44.4075600363959	1.06795e-23	0.433168	330	0.00617085495570855	10.0351518089185	0.78476906373244	38.7467767056058	83.1543367420017	0.0111438382163927
SNP.51	6.616e-23	0.448113	756124	2.67386375216587e-06	9.85355727407551	0.999881175731899	44.0215945512356	1.18342e-23	0.448113	330	0.00612658350225051	10.0250146928291	0.785982721208458	38.725143869614	82.7467384208497	0.00741339424859595
SNP.52	9.538e-23	0.462264	755713	2.66166826116225e-06	9.81673800993237	0.999881717625212	43.657255346713	1.27181e-24	0.462264	330	0.00609532517165972	10.2430364345836	0.786841900378154	40.5047850315637	84.1620403782766	0.0305263533588537
SNP.53	1.681e-23	0.446009	754891	2.68064574762245e-06	9.99028366636319	0.999880874381598	45.3792731528995	6.6539e-23	0.446009	330	0.00613210711838928	9.85298334422416	0.785831091891562	37.3742492968719	82.7535224497714	0.00746385790951369
SNP.54	7.557e-23	0.45933	749556	2.68601748552686e-06	9.84018732261356	0.999880635694626	43.8921991159647	1.50648e-22	0.45933	330	0.00610097127994415	9.77053930238467	0.786686570178743	36.7774060642149	80.6696051801796	0.000928815794931662
SNP.55	1.808e-21	0.446009	753864	2.68429763069793e-06	9.51552364423217	0.999880712114377	40.7502092500679	9.34163e-22	0.446009	330	0.00613210711838928	9.58393511051278	0.785831091891562	35.3195097951325	76.0697190452003	9.33736694662707e-06
SNP.56	5.144e-22	0.433673	751770	2.70804178869324e-06	9.64534088580473	0.999879657071333	41.9981199179368	1.25092e-20	0.433673	330	0.00616916538026035	9.31230137057999	0.784815312952639	33.2610533114016	75.2591732293384	4.15153641055112e-06
SNP.57	1.004e-22	0.448113	754836	2.67842624853964e-06	9.81156420185944	0.999880973002511	43.6095867595312	7.7311e-23	0.448113	330	0.00612658350225051	9.83789558240189	0.785982721208458	37.2645010501464	80.8740878096776	0.00113955494435873
SNP.58	1.353e-22	0.457547	755708	2.66574226105106e-06	9.78141910256928	0.999881536601415	43.311959509635	4.59917e-24	0.457547	330	0.00610461440186174	10.117956601083	0.786586376725833	39.4903600262871	82.8023195359221	0.00783710505309543
SNP.59	3.364e-23	0.446009	755339	2.67905582667976e-06	9.92128412357729	0.999880945027922	44.6921173174501	6.6539e-23	0.446009	330	0.00613210711838928	9.85298334422416	0.785831091891562	37.3742492968719	82.066366614322	0.00375435534408678
SNP.6	4.995e-23	0.448357	756825	2.6711142764801e-06	9.88175563918051	0.999881297901795	44.2993048900509	1.13243e-23	0.448357	330	0.00612595776453652	10.0293645860683	0.785999902084474	38.7602501943339	83.0595550843848	0.0101361177625942
SNP.60	1.104e-22	0.449761	755861	2.67297504106313e-06	9.8019800121127	0.999881215220786	43.5146010885143	2.11374e-22	0.449761	330	0.00612241693185763	9.73616860605011	0.786097136854883	36.487128103452	80.0017291919663	0.000476293589025765
SNP.61	5.039e-22	0.473934	752853	2.66380064021141e-06	9.6474565452931	0.999881622875238	42.0103824862632	1.302e-22	0.473934	330	0.00607712213146995	9.78530665556372	0.787343102517043	36.9208898700905	78.9312723563538	0.000163298140379125
SNP.62	9.177e-23	0.438967	748334	2.71302781817102e-06	9.82062805309752	0.999879435523405	43.7048908377951	4.9994e-22	0.438967	330	0.00615227563419149	9.64826580006949	0.785277940477097	35.7811766207269	79.4860674585221	0.000284397445073606
SNP.63	7.837e-17	0.492958	749542	2.66882549186069e-06	8.33367631554511	0.999881399601418	30.2010867024138	2.10719e-15	0.492958	330	0.00606180847521286	7.93486818680769	0.787765243210228	24.0246589270189	54.2257456294327	3.04443922664003e-15
SNP.64	1.163e-22	0.459906	754460	2.66805855660986e-06	9.79672079897328	0.999881433679346	43.462160418442	3.43192e-24	0.459906	330	0.00609982866248447	10.1465764443316	0.786717999800962	39.7249244209375	83.1870848393795	0.0115148190192992
SNP.65	2.321e-21	0.446009	754018	2.68374939201513e-06	9.48952024275833	0.999880736474729	40.5030398117533	9.34163e-22	0.446009	330	0.00613210711838928	9.58393511051278	0.785831091891562	35.3195097951325	75.8225496068857	7.292561548419e-06
SNP.66	1.048e-22	0.441038	748627	2.70923216932887e-06	9.80723579827122	0.999879604178262	43.572784189134	3.73075e-22	0.441038	330	0.0061460737916005	9.67824220907102	0.78544795226344	36.0162141291007	79.5889983182347	0.000315230328758262
SNP.67	7.314e-17	0.485915	747157	2.67893944410604e-06	8.34184545869548	0.999880950199249	30.2710663763603	1.65787e-15	0.485915	330	0.00606541926739374	7.96457917766903	0.787665666286328	24.2078007121483	54.4788670885086	3.92135862300032e-15
SNP.68	6.946e-23	0.448357	755543	2.67564660422644e-06	9.84866562486762	0.999881096512866	43.9737414879451	1.13243e-23	0.448357	330	0.00612595776453652	10.0293645860683	0.785999902084474	38.7602501943339	82.733991682279	0.00731949736108205
SNP.69	3.432e-21	0.446009	754409	2.6823584409365e-06	9.44865875482752	0.999880798280036	40.1159084504347	9.34163e-22	0.446009	330	0.00613210711838928	9.58393511051278	0.785831091891562	35.3195097951325	75.4354182455672	4.95166310701667e-06
SNP.7	3.98e-23	0.451923	756574	2.66816430482537e-06	9.90448885006218	0.999881428980539	44.5236346189655	9.91408e-22	0.451923	330	0.0061171628507847	9.57779293082364	0.786241463464399	35.2911292497356	79.814763868701	0.000395072433682419
SNP.70	6.408e-23	0.448357	755591	2.67547662994537e-06	9.85676620392897	0.999881104065482	44.053513308612	1.13243e-23	0.448357	330	0.00612595776453652	10.0293645860683	0.785999902084474	38.7602501943339	82.813763502946	0.00792730777895285
SNP.71	7.609e-23	0.448357	755623	2.67536332575511e-06	9.83949739950388	0.999881109100027	43.8834471378684	1.13243e-23	0.448357	330	0.00612595776453652	10.0293645860683	0.785999902084474	38.7602501943339	82.6436973322023	0.00668754812875909
SNP.72	1.177e-22	0.448357	753712	2.6821465789281e-06	9.7955116492681	0.99988080769388	43.45291968681	1.13243e-23	0.448357	330	0.00612595776453652	10.0293645860683	0.785999902084474	38.7602501943339	82.2131698811439	0.00434801690811197
SNP.73	7.354e-23	0.448357	756716	2.67149903305474e-06	9.84292642724017	0.999881280805563	43.9164745962798	1.13243e-23	0.448357	330	0.00612595776453652	10.0293645860683	0.785999902084474	38.7602501943339	82.6767247906137	0.00691210876760168
SNP.74	2.98e-23	0.446009	753507	2.68556940953231e-06	9.93337329913546	0.999880655604361	44.8133159987265	6.6539e-23	0.446009	330	0.00613210711838928	9.85298334422416	0.785831091891562	37.3742492968719	82.1875652955984	0.00423810091887343
SNP.75	6.588e-23	0.439614	754949	2.68839821711533e-06	9.85398338006001	0.999880529909603	44.0284716415738	1.49734e-21	0.439614	330	0.00615031377458484	9.53510497680063	0.785331713189101	34.9311528058936	78.9596244474674	0.00016799424170784
SNP.76	1.416e-22	0.457746	755982	2.66459511312021e-06	9.77681235282202	0.999881587573691	43.2667021579722	5.52733e-24	0.457746	330	0.0061041998266874	10.0999447875796	0.786597777121098	39.3476927187531	82.6143948767253	0.00649442978624757
SNP.77	2.096e-17	0.4925	754696	2.65067007281447e-06	8.48834530528061	0.999882206318194	31.4984714137484	6.08016e-17	0.4925	330	0.00606197000385693	8.36366072899226	0.78776078810256	26.7772362156421	58.2757076293905	1.74736429620682e-13
SNP.78	7.912e-23	0.453052	756247	2.6681623336307e-06	9.8355678319591	0.999881429068127	43.8434625101064	4.94363e-22	0.453052	330	0.00611451442521581	9.64941632377705	0.786314234295461	35.8357205160032	79.6791830261096	0.000344980633926518
SNP.79	1.431e-22	0.457746	755405	2.66663040727403e-06	9.77574542908136	0.999881497137603	43.2566502510922	5.07052e-24	0.457746	330	0.0061041998266874	10.1084007267406	0.786597777121098	39.4148998452954	82.6715500963876	0.00687643310320759
SNP.8	1.537e-17	0.485915	755295	2.65007494851672e-06	8.52432763551745	0.999882232761933	31.8044018698575	2.18587e-16	0.485915	330	0.00606541926739374	8.21142045508646	0.787665666286328	25.7803375695322	57.5847394393897	8.75587968884449e-14
SNP.80	1.31e-22	0.464789	755336	2.66102496081697e-06	9.78468698005143	0.999881746209577	43.3430500955825	3.37316e-24	0.464789	330	0.00609081196910195	10.1482622746717	0.786966107304533	39.7505766414271	83.0936267370096	0.0104874228336158
SNP.81	1.333e-22	0.457547	755869	2.66517445829155e-06	9.7829260602338	0.999881561831115	43.3265937919241	5.4687e-24	0.457547	330	0.00610461440186174	10.1009905167629	0.786586376725833	39.3554461618838	82.682039953808	0.00694894556378679
SNP.82	1.187e-22	0.450704	755967	2.67158697602648e-06	9.79465665602544	0.999881276897914	43.4425963118345	3.17958e-23	0.450704	330	0.0061200957318358	9.92690939783587	0.786160892361095	37.9642691263127	81.4068654381472	0.00194141175068699
SNP.83	8.842e-23	0.455189	755411	2.66900307235427e-06	9.82437589957311	0.999881391710824	43.7336148781877	1.81869e-24	0.455189	330	0.00610967963603094	10.2083837298207	0.786447114621429	40.2063234292315	83.9399383074192	0.0244465300165823
SNP.84	7.486e-23	0.448113	755556	2.67587386738067e-06	9.84113696118789	0.999881086414683	43.8996733231329	1.20244e-23	0.448113	330	0.00612658350225051	10.0234394972963	0.785982721208458	38.7127331099051	82.612406433038	0.00648152880902057
SNP.85	9.138e-23	0.448357	755318	2.67644364664559e-06	9.82105734024754	0.999881061097183	43.702397314067	1.13243e-23	0.448357	330	0.00612595776453652	10.0293645860683	0.785999902084474	38.7602501943339	82.4626475084009	0.00558004859545739
SNP.86	8.626e-23	0.448357	756138	2.67354115557881e-06	9.82686771076531	0.999881190066119	43.7589351554535	1.13243e-23	0.448357	330	0.00612595776453652	10.0293645860683	0.785999902084474	38.7602501943339	82.5191853497874	0.00590462136556358
SNP.87	5.045e-23	0.445498	755681	2.67844433971257e-06	9.88075766738798	0.99988097219865	44.2907990023952	7.28703e-24	0.445498	330	0.0061334833244798	10.072804131091	0.785793322629522	39.0934316839969	83.3842306863921	0.014024147471422
SNP.88	3.06e-23	0.447619	749913	2.69657111050057e-06	9.93073226983658	0.999880166756816	44.7891080528331	9.52312e-21	0.447619	330	0.00612785979148125	9.34121911138592	0.785947680472268	33.5194911098547	78.3085991626878	8.76108123069849e-05
SNP.89	5.542e-23	0.448357	755846	2.67457400356297e-06	9.87133864768548	0.999881144172673	44.1970728278278	1.13243e-23	0.448357	330	0.00612595776453652	10.0293645860683	0.785999902084474	38.7602501943339	82.9573230221617	0.00915109001010118
SNP.9	1.442e-22	0.45	756073	2.67196688706252e-06	9.77497003075744	0.999881260016988	43.2500595099961	3.92199e-22	0.45	330	0.00612182430364248	9.67312916787071	0.786113413362565	36.0069364890481	79.2569959990443	0.000226173240123867
SNP.90	1.914e-17	0.488152	756426	2.64549821364112e-06	8.49889738756985	0.999882436124506	31.5871181335489	2.55913e-16	0.488152	330	0.00606401100530817	8.19247283491502	0.78770449975736	25.6591402530958	57.2462583866447	6.24164885086432e-14
SNP.91	3.413e-21	0.449761	751850	2.68723493717233e-06	9.44923991079216	0.999880581598584	40.1222974961044	6.37724e-21	0.449761	330	0.00612241693185763	9.38357586563315	0.786097136854883	33.8373978221775	73.9596953182819	1.13201652086908e-06
SNP.92	1.561e-22	0.450704	754820	2.6756466329798e-06	9.76693705239152	0.999881096511588	43.1722592010936	3.17958e-23	0.450704	330	0.0061200957318358	9.92690939783587	0.786160892361095	37.9642691263127	81.1365283274063	0.00148153439518848
SNP.93	9.453e-23	0.450704	755356	2.67374799631672e-06	9.81764066523532	0.999881180875381	43.668353770538	3.17958e-23	0.450704	330	0.0061200957318358	9.92690939783587	0.786160892361095	37.9642691263127	81.6326228968507	0.00243311632418729
SNP.94	7.119e-23	0.455399	755654	2.66794278447707e-06	9.84619238164501	0.999881438823554	43.9479643662569	1.81642e-24	0.455399	330	0.00610921708139768	10.2085049310228	0.786459829920686	40.2079292628077	84.1558936290646	0.0303392910220079
SNP.95	8.528e-23	0.450704	756265	2.67053425916288e-06	9.82801869376957	0.999881323674224	43.7696888912196	5.77226e-24	0.450704	330	0.0061200957318358	10.0956918377392	0.786160892361095	39.2926701427149	83.0623590339345	0.0101645788084518
SNP.96	1.436e-22	0.448357	753668	2.68230316571362e-06	9.77539224653278	0.999880800736127	43.2560945582056	1.13243e-23	0.448357	330	0.00612595776453652	10.0293645860683	0.785999902084474	38.7602501943339	82.0163447525395	0.00357117520021781
SNP.97	1.705e-23	0.433168	756389	2.69224186943996e-06	9.98887837535974	0.999880359121455	45.367368863051	4.29422e-23	0.433168	330	0.00617085495570855	9.89688983319443	0.78476906373244	37.6654263605783	83.0327952236293	0.00986847369293322
SNP.98	3.44e-17	0.478155	754305	2.65651816346737e-06	8.43056508301255	0.999881946464351	31.0108323434958	5.15538e-15	0.478155	330	0.00607219676755834	7.82306174947441	0.787478827163444	23.3226114885607	54.3334438320564	3.39062721957821e-15
SNP.99	2.663e-23	0.447619	750147	2.6957299451825e-06	9.94457811384148	0.999880204132983	44.9265326609922	9.52312e-21	0.447619	330	0.00612785979148125	9.34121911138592	0.785947680472268	33.5194911098547	78.4460237708469	0.000100517217038926
