snp	pvalues.df1	MAF.df1	N.df1	V.df1	z.df1	r.df1	lABF.df1	pvalues.df2	MAF.df2	N.df2	V.df2	z.df2	r.df2	lABF.df2	internal.sum.lABF	SNP.PP.H4
SNP.1	1.607e-22	0.464803	754449	2.66414295113268e-06	9.7639933098838	0.999881607665021	43.1413858896519	1.47866e-05	0.464803	706	0.00284696881776077	4.33184354980092	0.887680107304749	7.23539811252515	50.376784002177	0.000981310591757109
SNP.10	7.364e-23	0.460204	755501	2.66412691206295e-06	9.84278975273819	0.9998816083777	43.9137638401147	2.28606e-06	0.460204	706	0.00285092145352758	4.72633712160304	0.88754170302039	8.82048339972234	52.7342472398371	0.0103666816456027
SNP.100	2.219e-22	0.46319	751687	2.67518113215469e-06	9.73122698323004	0.999881117195595	42.8240741967414	4.59702e-06	0.46319	706	0.00284829869643904	4.58238524029932	0.887633535861751	8.22638256626918	51.0504567630106	0.00192477003564891
SNP.101	7.475e-23	0.448454	748278	2.70151501813224e-06	9.8412848855235	0.999879947080295	43.9058415256396	7.55076e-06	0.448454	706	0.00286329214552118	4.47754136593665	0.887108813434269	7.80188038809334	51.707721913733	0.0037138595629258
SNP.102	2.131e-22	0.469792	750211	2.6756831479259e-06	9.7353418344693	0.999881094889088	42.8642132041183	3.78002e-06	0.469792	706	0.00284323927774595	4.62312487937032	0.887810739322396	8.39393137645888	51.2581445805772	0.00236906252108737
SNP.103	8.768e-23	0.466667	754616	2.66218632001026e-06	9.82522272323905	0.999881694605822	43.740669879635	3.61667e-06	0.466667	706	0.00284550763747997	4.63227631813444	0.887731282475	8.43103176905673	52.1717016486918	0.00590648786143299
SNP.104	1.285e-22	0.467413	755990	2.65682289388526e-06	9.78663607649941	0.999881932923974	43.3613398911593	1.13003e-06	0.467413	706	0.00284494552343954	4.86752769448271	0.887750971064093	9.42314687905397	52.7844867702132	0.0109008035402357
SNP.105	4.935e-23	0.464066	756438	2.65769785560838e-06	9.88296634347748	0.99988189404597	44.3087797798894	2.05424e-06	0.464066	706	0.00284756891005764	4.74801382267015	0.887659091877338	8.91242279726506	53.2212025771544	0.0168702600731124
SNP.106	2.321e-17	0.484342	754912	2.65191612944722e-06	8.47648482359036	0.999882150950949	31.3981107094687	1.34059e-05	0.484342	706	0.00283564208089697	4.35337262451318	0.888076960045349	7.32038019846123	38.7184909079299	8.48543531542802e-09
SNP.107	4.505e-23	0.461864	756460	2.65936456220584e-06	9.89209496489207	0.999881819987624	44.3993384471114	2.67758e-06	0.461864	706	0.00284943755910231	4.69411910718651	0.887593657553197	8.68613657565678	53.0854750227682	0.0147290945435923
SNP.108	1.932e-22	0.46209	748916	2.6859672131735e-06	9.74530386161235	0.999880637928419	42.9631311801082	5.82799e-06	0.46209	706	0.00284924054025643	4.53253541918203	0.887600556090364	8.02453032498788	50.9876615050961	0.0018076203213948
SNP.109	1.106e-20	0.47449	749574	2.67514570650286e-06	9.32536715383067	0.999881118769694	38.9573743600559	0.00118844	0.47449	706	0.00284025448697758	3.24164010742816	0.887915313224767	3.57095914539718	42.5283335054531	3.83060828994549e-07
SNP.11	1.224e-21	0.459794	752955	2.67348824875143e-06	9.55599669720223	0.999881192416974	41.1341091966653	3.77493e-07	0.459794	706	0.0028512979381567	5.0799707430448	0.88752852240101	10.359298310435	51.4934075071003	0.00299743595841677
SNP.110	1.489e-22	0.469345	754482	2.66082716052089e-06	9.77172160790161	0.999881754998622	43.2162502863863	7.3061e-05	0.469345	706	0.00284354985513331	3.96609092729185	0.887799859475591	5.88875588647024	49.1050061728566	0.00027509354059045
SNP.111	1.111e-22	0.465768	755925	2.65822507187378e-06	9.80134167866972	0.999881870619671	43.5056101795006	4.32522e-06	0.465768	706	0.00284620224852151	4.59510953703719	0.887706954256331	8.27865854836643	51.784268727867	0.00400930722063547
SNP.112	1.263e-22	0.459184	753194	2.67317181849742e-06	9.7883825858973	0.9998812064772	43.3814640384848	2.6946e-06	0.459184	706	0.00285186540320304	4.69282346715134	0.887508656351468	8.68018105647074	52.0616450949555	0.00529093421542694
SNP.113	7.119e-23	0.467413	755690	2.65787762117842e-06	9.84619238164501	0.999881886058277	43.9460963864522	4.31798e-06	0.467413	706	0.00284494552343954	4.59545885256093	0.887750971064093	8.28035224879178	52.226448635244	0.00623886559908643
SNP.114	9.922e-23	0.4591	754364	2.66909957075276e-06	9.81275695092128	0.999881387423023	43.6195648587629	2.62709e-06	0.4591	706	0.0028519442331322	4.69800966746889	0.887505896711266	8.70177492037646	52.3213397791394	0.0068598770218414
SNP.115	7.551e-23	0.458932	755614	2.66483189695583e-06	9.8402672313643	0.999881577052457	43.8890720741574	3.20451e-06	0.458932	706	0.00285210239233198	4.657256560298	0.887500360001913	8.53255593466752	52.4216280088249	0.00758352206731983
SNP.116	1.256e-22	0.467347	755995	2.6568512772963e-06	9.78894461353218	0.999881931662787	43.3839379803806	1.1225e-06	0.467347	706	0.00284499473283232	4.86884924233718	0.887749247422535	9.42884551164943	52.81278349203	0.0112136661633031
SNP.117	1.158e-17	0.483158	754877	2.65244775152073e-06	8.55704235332722	0.99988212732887	32.0842186373994	1.23306e-05	0.483158	706	0.00283607903870357	4.37165900727774	0.888061643856922	7.39114827419121	39.4753669115906	1.80876105726574e-08
SNP.118	2.151e-17	0.491853	755575	2.64769365037757e-06	8.4853339966311	0.999882338572491	31.4723609952107	4.54476e-06	0.491853	706	0.0028336134984193	4.58477480257449	0.888148072575746	8.2392176108339	39.7115786060446	2.29069165933571e-08
SNP.119	3.979e-23	0.45929	756655	2.66085192375703e-06	9.90451397004308	0.999881753898294	44.522527306913	8.50311e-06	0.45929	706	0.00285176616483056	4.45210869875217	0.887512130465029	7.70335466618675	52.2258819730998	0.00623533127160782
SNP.12	5.948e-23	0.459184	756478	2.66156712377802e-06	9.86424538798134	0.999881722119144	44.1246772311638	2.5835e-06	0.459184	706	0.00285186540320304	4.7014267045182	0.887508656351468	8.71604570910214	52.840722940266	0.0115313876218802
SNP.120	1.047e-22	0.464066	754980	2.66283034053974e-06	9.80733215758543	0.99988166598946	43.5651914521796	2.63679e-06	0.464066	706	0.00284756891005764	4.69725668631926	0.887659091877338	8.6996443073844	52.264835759564	0.00648301380208539
SNP.13	3.268e-23	0.46097	755913	2.66202782676834e-06	9.92417315218032	0.999881701648299	44.7176304613177	3.56887e-06	0.46097	706	0.00285022866942767	4.63502925707871	0.887565958216975	8.44131568923506	53.1589461505527	0.0158520033418707
SNP.14	4.253e-23	0.460123	747932	2.69115753308829e-06	9.89785470788441	0.999880407302653	44.4621964200998	2.21824e-06	0.460123	706	0.00285099551846713	4.73245179039427	0.887539109997069	8.84613242670761	53.3083288468074	0.018406034676627
SNP.15	6.548e-23	0.462245	756035	2.66054999198665e-06	9.85459522339973	0.99988176731431	44.0293545590733	1.69542e-06	0.462245	706	0.00284910610933658	4.7867047086182	0.887605263197537	9.07577733768725	53.1051318967606	0.0150214868435625
SNP.16	9.308e-23	0.460285	755994	2.66232055462499e-06	9.81919919554102	0.999881688641251	43.6815374395163	5.32823e-06	0.460285	706	0.00285084754302148	4.55143089024189	0.887544290652079	8.10037423445634	51.7819116739727	0.00399986819595246
SNP.17	3.253e-21	0.45723	754002	2.67206459949168e-06	9.45426476485493	0.999881255675245	40.1669852988764	3.38638e-07	0.45723	706	0.00285374228349281	5.10056670772727	0.887442956089728	10.4516131179995	50.6185984168758	0.00124975577530394
SNP.18	3.76e-23	0.466189	755158	2.66061868070788e-06	9.91017155246895	0.9998817642622	44.5785289708698	2.39286e-06	0.466189	706	0.00284587461995184	4.71705246603105	0.887718429029408	8.78275395419361	53.3612829250634	0.019406977389419
SNP.19	3.17e-23	0.458848	756357	2.66228817276766e-06	9.92721037238231	0.999881690080104	44.7478217283175	3.72784e-06	0.458848	706	0.00285218172165726	4.62600627975827	0.887497582931067	8.40380460822246	53.15162633654	0.0157363932640079
SNP.2	7.197e-23	0.461702	756331	2.65995066029037e-06	9.84509667844671	0.999881793944977	43.9356950744679	6.38857e-06	0.461702	706	0.0028495795224477	4.51310391716864	0.887588686829132	7.94645531028914	51.882150384757	0.00442159336235457
SNP.20	1.463e-22	0.477131	754206	2.65735448971332e-06	9.77350584842781	0.999881909303072	43.2330393839474	1.07378e-05	0.477131	706	0.00283879985873757	4.40175655432476	0.887966285910788	7.50790024884067	50.740939632788	0.00141239856402545
SNP.21	2.735e-22	0.463039	752376	2.67285103856884e-06	9.7099392783638	0.999881220730699	42.6167391329892	5.24241e-06	0.463039	706	0.00284842630735732	4.5548454786191	0.887629067271503	8.11467530635906	50.7314144393483	0.00139900906451038
SNP.22	1.372e-22	0.468238	754751	2.66061694038473e-06	9.7800077787627	0.99988176433953	43.297206140228	1.20543e-05	0.468238	706	0.00284433894670299	4.37660343647814	0.887772217981917	7.40887409647145	50.7060802366994	0.00136401147520377
SNP.23	1.105e-21	0.458248	754059	2.67093657397272e-06	9.56658051062364	0.999881305797809	41.2348198674361	4.06275e-07	0.458248	706	0.00285275320401316	5.06599386510884	0.887477577639907	10.2959412814021	51.5307611488381	0.00311151854273903
SNP.24	2.589e-23	0.458246	756545	2.66216169158464e-06	9.94738376488471	0.99988169570016	44.9482435311003	3.44768e-06	0.458246	706	0.00285275512317266	4.64217060411005	0.887477510459397	8.47015723135337	53.4184007624537	0.0205477305238108
SNP.25	2.584e-23	0.45738	755371	2.66708421869061e-06	9.94757618983403	0.999881476972987	44.951070198606	2.4479e-06	0.45738	706	0.00285359500475432	4.71242182551737	0.887448111235538	8.76157390117822	53.7126440997842	0.0275773238497023
SNP.26	3.63e-23	0.463039	756492	2.65830831389396e-06	9.91368636592723	0.9998818669209	44.6129341619398	2.39098e-06	0.463039	706	0.00284842630735732	4.71721243456046	0.887629067271503	8.78282735472416	53.395761516664	0.0200877716087958
SNP.27	1.575e-22	0.461303	753577	2.6700016733867e-06	9.7660321388785	0.999881347339085	43.1623785228984	2.79231e-06	0.461303	706	0.00284993180031972	4.68553395426403	0.887576352363844	8.65028650962825	51.8126650325267	0.00412478859228882
SNP.28	1.427e-23	0.459267	747708	2.69271172526523e-06	10.0065085406045	0.999880338243971	45.5436949605479	2.62536e-06	0.459267	706	0.00285178767517651	4.69814424237994	0.887511377433597	8.7023721661712	54.2460671267191	0.0470126569522035
SNP.29	1.003e-22	0.461145	755836	2.662152989004e-06	9.81166474268022	0.999881696086849	43.6075611709034	3.49051e-06	0.461145	706	0.00285007233229012	4.63961964909258	0.887571431949731	8.4602439989174	52.0678051698208	0.00532362735902455
SNP.3	4.455e-23	0.461145	756579	2.65953861605573e-06	9.89321196708415	0.999881812253725	44.4104195981038	1.98569e-06	0.461145	706	0.00285007233229012	4.75487524289843	0.887571431949731	8.94076100976677	53.3511806078705	0.0192119089288113
SNP.30	6.361e-23	0.464139	754065	2.66600530009302e-06	9.8575055742245	0.999881524913561	44.0590480059515	3.68525e-06	0.464139	706	0.00284750890455332	4.62838692044293	0.88766119324484	8.4146057653469	52.4736537712984	0.00798850398950074
SNP.31	4.744e-23	0.4591	756519	2.66149644436073e-06	9.88691981677263	0.999881725259708	44.3485608176016	2.22971e-06	0.4591	706	0.0028519442331322	4.73140514701081	0.887505896711266	8.84151264816675	53.1900734657683	0.0163531935325306
SNP.32	9.63e-23	0.45842	754870	2.6679130021527e-06	9.81576994860592	0.999881440146899	43.6489119424775	6.00171e-06	0.45842	706	0.00285258850982296	4.52632907195648	0.887483342826406	7.99889921203632	51.6478111545138	0.00349789335988298
SNP.33	3.215e-22	0.460825	735092	2.73755295710978e-06	9.69344421277947	0.999878345781234	42.4685509590313	2.73241e-06	0.460825	706	0.00285035875120077	4.68997307616801	0.887561403798052	8.66865861358143	51.1372095726127	0.00209920627333739
SNP.34	2.026e-23	0.458248	755933	2.66431517347873e-06	9.97176307248136	0.999881600012507	45.1914218022203	2.63862e-06	0.458248	706	0.00285275320401316	4.69711492719993	0.887477577639907	8.69785809901844	53.8892799012387	0.0329051650164567
SNP.35	1.546e-23	0.456967	754422	2.67081987203702e-06	9.9985786641618	0.999881310983331	45.4603529923329	4.8403e-06	0.456967	706	0.00285400179816135	4.57159316483371	0.887433872534934	8.18133894927744	53.6416919416103	0.0256884552060665
SNP.36	5.64e-23	0.461224	756628	2.65930074892045e-06	9.86958047460577	0.999881822823099	44.1768908543436	2.07648e-06	0.461224	706	0.00285000199299459	4.7458349349347	0.887573894716766	8.90266132659292	53.0795521809365	0.0146421142857145
SNP.37	9.693e-23	0.472505	755649	2.65475921176667e-06	9.81511230394746	0.999882024621531	43.6400148000251	2.69886e-06	0.472505	706	0.00284145346120719	4.69250040550296	0.887873303496309	8.68122684994568	52.3212416499708	0.00685920390083916
SNP.38	2.217e-23	0.462168	747565	2.69075734073744e-06	9.96281271585192	0.999880425084726	45.1071005053104	3.55667e-06	0.462168	706	0.00284917282072009	4.63573755248828	0.887602927287978	8.44446256765963	53.5515630729701	0.0234744549982417
SNP.39	3.435e-21	0.458163	745526	2.70158439177225e-06	9.44856728438077	0.999879943997762	40.1185767191342	4.12669e-07	0.458163	706	0.00285283485164362	5.06301886488027	0.887474719559471	10.28254580639	50.4011225255242	0.00100548726128666
SNP.4	3.215e-21	0.457143	753938	2.67237164350983e-06	9.45549408026974	0.999881242032085	40.1786637821638	7.80645e-07	0.457143	706	0.00285382794924152	4.94014499337555	0.887439957589249	9.73686628334492	49.9155300655087	0.000618709019193647
SNP.40	4.931e-23	0.459711	756765	2.66009988892911e-06	9.88304757449009	0.999881787314161	44.3100289229053	1.78566e-06	0.459711	706	0.00285137463519183	4.7762819285403	0.887525837307707	9.03098948299741	53.3410184059027	0.0190176622885404
SNP.41	1.013e-22	0.461303	754929	2.66521997568742e-06	9.81066376975307	0.999881559808599	43.5983106999039	2.79231e-06	0.461303	706	0.00284993180031972	4.68553395426403	0.887576352363844	8.65028650962825	52.2485972095321	0.00637858920476495
SNP.42	9.996e-23	0.460825	754816	2.6660183122082e-06	9.81200732525751	0.999881524335381	43.6116392340808	5.94815e-06	0.460825	706	0.00285035875120077	4.52822403035272	0.887561403798052	8.00696623839873	51.6186054724796	0.00339721238332025
SNP.43	9.105e-23	0.461145	755278	2.66411978979505e-06	9.82142200223593	0.99988160869417	43.7036974064285	2.90939e-06	0.461145	706	0.00285007233229012	4.67711508010535	0.887571431949731	8.61527387504136	52.3189712814699	0.00684364864512445
SNP.44	2.292e-23	0.458163	755931	2.66439847718958e-06	9.95950544714334	0.999881596310996	45.0692967019157	2.65668e-06	0.458163	706	0.00285283485164362	4.69572096610543	0.887474719559471	8.69202930693971	53.7613260088554	0.028953055556654
SNP.45	2.884e-21	0.458248	750447	2.68379214259407e-06	9.46685355203709	0.999880734575156	40.2882341818012	2.77445e-07	0.458248	706	0.00285275320401316	5.1381577073902	0.887477577639907	10.6226975615241	50.9109317433253	0.00167410966205937
SNP.46	1.533e-22	0.465164	754060	2.66524644102304e-06	9.76877123302306	0.99988155863264	43.188248082351	7.85323e-06	0.465164	706	0.00284667950611591	4.46914658468766	0.887690239448168	7.77179169199599	50.960039774347	0.00175837398514314
SNP.47	8.395e-23	0.459184	756172	2.66264417971222e-06	9.82960186367283	0.999881674261317	43.7837853995758	2.70056e-06	0.459184	706	0.00285186540320304	4.69237162078221	0.887508656351468	8.67829924243511	52.4620846420109	0.00789661650799496
SNP.48	7.787e-23	0.461856	752005	2.67512563873673e-06	9.83717057612105	0.999881119661382	43.8605138868276	8.64953e-06	0.461856	706	0.00284944455518161	4.44844224340409	0.887593412590212	7.68931617263919	51.5498300594668	0.00317142113518661
SNP.49	1.088e-22	0.460204	754996	2.66590888718678e-06	9.80345423488886	0.999881529197563	43.5277424783811	2.35354e-06	0.460204	706	0.00285092145352758	4.72042359712816	0.88754170302039	8.79569273987451	52.3234352182556	0.00687426654740743
SNP.5	2.926e-23	0.459267	748663	2.68927688248867e-06	9.93519598361968	0.99988049086714	44.8321024736438	2.62536e-06	0.459267	706	0.00285178767517651	4.69814424237994	0.887511377433597	8.7023721661712	53.534474639815	0.0230767213442523
SNP.50	4.495e-23	0.460888	756465	2.66015391798483e-06	9.89231738008323	0.999881784913437	44.4016850189166	6.94901e-06	0.460888	706	0.00285030217219319	4.49524435620286	0.887563384734731	7.87491228020696	52.2765972991236	0.0065597141985717
SNP.51	6.616e-23	0.458848	756124	2.66310855823916e-06	9.85355727407551	0.999881653627156	44.0196027636705	2.50519e-06	0.458848	706	0.00285218172165726	4.70770686599725	0.887497582931067	8.74219405126443	52.761796814935	0.0106562497447145
SNP.52	9.538e-23	0.472393	755713	2.65460011430575e-06	9.81673800993237	0.999882031690861	43.655941104364	2.72912e-06	0.472393	706	0.00284152381895516	4.6902195917973	0.887870838420942	8.67171037935083	52.3276514837148	0.00690331146752816
SNP.53	1.681e-23	0.458248	754891	2.66799281225143e-06	9.99028366636319	0.999881436600624	45.3769358493363	2.63862e-06	0.458248	706	0.00285275320401316	4.69711492719993	0.887477577639907	8.69785809901844	54.0747939483547	0.0396124587606409
SNP.54	7.557e-23	0.464066	749556	2.68209933680831e-06	9.84018732261356	0.99988080979303	43.8914777392123	6.56781e-06	0.464066	706	0.00284756891005764	4.50723428841381	0.887659091877338	7.92336004741662	51.814837786629	0.00413376048695476
SNP.55	1.808e-21	0.459184	753864	2.67079602509385e-06	9.51552364423217	0.999881312042944	40.747715440908	3.40008e-07	0.459184	706	0.00285186540320304	5.09980253961843	0.887508656351468	10.4487168265614	51.1964322674695	0.00222728198898149
SNP.56	5.144e-22	0.455142	751770	2.68197526401157e-06	9.64534088580473	0.999880815306062	41.993338261594	0.000275726	0.455142	706	0.00285584779635408	3.63709897720611	0.887369264112529	4.77745694367606	46.7707952052701	2.66529601594413e-05
SNP.57	1.004e-22	0.459184	754836	2.66735684925116e-06	9.81156420185944	0.999881464858945	43.6075399985325	6.9027e-06	0.459184	706	0.00285186540320304	4.49666689846537	0.887508656351468	7.88027886856414	51.4878188670966	0.00298073109013715
SNP.58	1.353e-22	0.468432	755708	2.65711652520514e-06	9.78141910256928	0.999881919876775	43.3103575269217	5.31988e-06	0.468432	706	0.00284419860485797	4.5517607969411	0.88777713396261	8.10308271784031	51.4134402447621	0.00276707271646947
SNP.59	3.364e-23	0.457143	755339	2.66741493841112e-06	9.92128412357729	0.999881462277817	44.6899657263371	2.46772e-06	0.457143	706	0.00285382794924152	4.71077876837442	0.887439957589249	8.75464953490455	53.4446152612417	0.0210935012800254
SNP.6	4.995e-23	0.459267	756825	2.66027430208386e-06	9.88175563918051	0.999881779564298	44.2972954084601	2.62536e-06	0.459267	706	0.00285178767517651	4.69814424237994	0.887511377433597	8.7023721661712	52.9996675746313	0.013517934837254
SNP.60	1.104e-22	0.460986	755861	2.66219758417487e-06	9.8019800121127	0.999881694105311	43.5126042540573	3.51554e-06	0.460986	706	0.0028502143458527	4.63814272240995	0.887566459716385	8.45413162205833	51.9667358761156	0.00481186918080023
SNP.61	5.039e-22	0.478484	752853	2.66148952949562e-06	9.6474565452931	0.999881725566963	42.0099533287692	1.23285e-05	0.478484	706	0.00283811668094811	4.37169618671785	0.887990227660365	7.39092906936299	49.4008823981322	0.000369809279786562
SNP.62	9.177e-23	0.454175	748334	2.69524270046146e-06	9.82062805309752	0.999880225783117	43.7016408255947	9.27567e-06	0.454175	706	0.00285685800425938	4.43340427715503	0.887333911647118	7.62864321687215	51.3302840424669	0.00254628078307647
SNP.63	7.837e-17	0.487705	749542	2.6699105158743e-06	8.33367631554511	0.999881351389569	30.2012882402717	6.90467e-06	0.487705	706	0.00283457516698223	4.49660619870572	0.888114359593587	7.88346063043593	38.0847488707076	4.50239359005651e-09
SNP.64	1.163e-22	0.468367	754460	2.661555740102e-06	9.79672079897328	0.999881722624966	43.4609542992965	9.94071e-07	0.468367	706	0.00284424552928804	4.89280854207787	0.887775490258678	9.53285722529487	52.9938115245913	0.0134390044700653
SNP.65	2.321e-21	0.459016	754018	2.67039831943878e-06	9.48952024275833	0.999881329714555	40.5005732197912	4.00332e-07	0.459016	706	0.00285202322949942	5.06879981499622	0.887503131261696	10.3087749115014	50.8093481312925	0.0015124001116912
SNP.66	1.048e-22	0.457055	748627	2.69141219337237e-06	9.80723579827122	0.999880395987126	43.5695230501233	1.14102e-05	0.457055	706	0.00285391478199402	4.3885631579482	0.8874369182616	7.45366896998082	51.0231920201041	0.00187300062227549
SNP.67	7.314e-17	0.486735	747157	2.67869895253858e-06	8.34184545869548	0.999880960885218	30.2710218658958	3.64937e-05	0.486735	706	0.00283485647773636	4.12862627751431	0.888104498234377	6.47402207669761	36.7450439425934	1.17928018089351e-09
SNP.68	6.946e-23	0.460285	755543	2.66390975149418e-06	9.84866562486762	0.999881618026995	43.9715689425281	2.25456e-06	0.460285	706	0.00285084754302148	4.72915519410668	0.887544290652079	8.83232566559148	52.8038946081195	0.0111144308853982
SNP.69	3.432e-21	0.459267	754409	2.66879384879371e-06	9.44865875482752	0.999881401007443	40.1134007594821	3.48466e-07	0.459267	706	0.00285178767517651	5.09514958647483	0.887511377433597	10.4276898402866	50.5410905997687	0.00115654872746135
SNP.7	3.98e-23	0.463542	756574	2.65762545873493e-06	9.90448885006218	0.999881897262849	44.5216789870008	5.68339e-06	0.463542	706	0.00284800329152538	4.53783797196472	0.887643880317881	8.0461287066153	52.5678076936161	0.00877719981593276
SNP.70	6.408e-23	0.46209	755591	2.66223899096342e-06	9.85676620392897	0.999881692265444	44.0510621516643	2.94459e-06	0.46209	706	0.00284924054025643	4.67464745940238	0.887600556090364	8.60522148382736	52.6562836354916	0.0095891607409153
SNP.71	7.609e-23	0.459267	755623	2.66450610777414e-06	9.83949739950388	0.999881591528548	43.8814374930373	2.62536e-06	0.459267	706	0.00285178767517651	4.69814424237994	0.887511377433597	8.7023721661712	52.5838096592085	0.00891878204118316
SNP.72	1.177e-22	0.459267	753712	2.67126183300069e-06	9.7955116492681	0.999881291345284	43.450909892933	2.62536e-06	0.459267	706	0.00285178767517651	4.69814424237994	0.887511377433597	8.7023721661712	52.1532820591042	0.00579868863570719
SNP.73	7.354e-23	0.460204	756716	2.65984933077994e-06	9.84292642724017	0.999881798447446	43.914314794612	3.41956e-06	0.460204	706	0.00285092145352758	4.64386200924309	0.88754170302039	8.47753363514893	52.391848429761	0.0073610174623504
SNP.74	2.98e-23	0.458163	753507	2.67296973387161e-06	9.93337329913546	0.999881215456605	44.8109925685896	2.52029e-06	0.458163	706	0.00285283485164362	4.70648137479662	0.887474719559471	8.7369228988889	53.5479154674785	0.0233889854216914
SNP.75	6.588e-23	0.459459	754949	2.66671734925763e-06	9.85398338006001	0.99988149327443	44.0244702455851	7.98543e-06	0.459459	706	0.00285160849306614	4.46557417261642	0.887517650256942	7.75667176128266	51.7811420068678	0.00399679081341002
SNP.76	1.416e-22	0.467413	755982	2.65685100908265e-06	9.77681235282202	0.999881931674705	43.2652635115724	1.13003e-06	0.467413	706	0.00284494552343954	4.86752769448271	0.887750971064093	9.42314687905397	52.6884103906264	0.00990223140531012
SNP.77	2.096e-17	0.484816	754696	2.6525198667817e-06	8.48834530528061	0.999882124124503	31.4988172193413	2.38089e-05	0.484816	706	0.00283547610960436	4.22580415161925	0.888082777788041	6.83443601788605	38.3332532372273	5.77254773033022e-09
SNP.78	7.912e-23	0.465164	756247	2.65753878206173e-06	9.8355678319591	0.999881901114236	43.8414908054856	2.55129e-06	0.465164	706	0.00284667950611591	4.70398739975393	0.887690239448168	8.72793450499673	52.5694253104823	0.00879140945216836
SNP.79	1.431e-22	0.470348	755405	2.65693072486866e-06	9.77574542908136	0.999881928132618	43.254849029729	4.27368e-06	0.470348	706	0.00284285942523996	4.59760854032887	0.887824046310708	8.28957093720838	51.5444199669374	0.00315430978213348
SNP.8	1.537e-17	0.492857	755295	2.64851251883608e-06	8.52432763551745	0.999882302186902	31.8041095502774	4.57311e-06	0.492857	706	0.00283343946588427	4.58347526617911	0.888154173865733	8.23396351598258	40.0380730662599	3.1751290170887e-08
SNP.80	1.31e-22	0.473523	755336	2.65527397436496e-06	9.78468698005143	0.999882001748592	43.3419806905478	3.33539e-06	0.473523	706	0.00284082722762172	4.64900569778853	0.887895245009003	8.50099195195046	51.8429726424983	0.00425171477524887
SNP.81	1.333e-22	0.468367	755869	2.65659438828336e-06	9.7829260602338	0.999881943077381	43.3249999658276	5.26978e-06	0.468367	706	0.00284424552928804	4.55375071014895	0.887775490258678	8.1111158945103	51.4361158603379	0.00283053459298532
SNP.82	1.187e-22	0.461224	755967	2.66162597977714e-06	9.79465665602544	0.999881719503941	43.4407500328095	3.56968e-06	0.461224	706	0.00285000199299459	4.63498231312789	0.887573894716766	8.44117252265066	51.8819225554602	0.00442058610859319
SNP.83	8.842e-23	0.46728	755411	2.65895204429661e-06	9.82437589957311	0.99988183831742	43.7317501820411	4.12243e-06	0.46728	706	0.00284504479140814	4.6051124697942	0.887747494043783	8.31975535309118	52.0515055351323	0.0052375575367488
SNP.84	7.486e-23	0.459184	755556	2.66481501657236e-06	9.84113696118789	0.999881577802519	43.8976266821376	2.63647e-06	0.459184	706	0.00285186540320304	4.69728148449819	0.887508656351468	8.6987571676798	52.5963838498174	0.00903163654664907
SNP.85	9.138e-23	0.459267	755318	2.66558204448274e-06	9.82105734024754	0.999881543720464	43.7003875912754	2.62536e-06	0.459267	706	0.00285178767517651	4.69814424237994	0.887511377433597	8.7023721661712	52.4027597574466	0.00744177572467862
SNP.86	8.626e-23	0.459184	756138	2.66276390640511e-06	9.82686771076531	0.99988166894139	43.7569389051304	2.68721e-06	0.459184	706	0.00285186540320304	4.69338506012819	0.887508656351468	8.6825201870603	52.4394590921907	0.00771995726024049
SNP.87	5.045e-23	0.461066	755681	2.66276488315679e-06	9.88075766738798	0.999881668897989	44.2878977884411	3.98558e-06	0.461066	706	0.00285014281822777	4.6121329120856	0.887568964062072	8.34737380117929	52.6352715896204	0.0093897749431077
SNP.88	3.06e-23	0.458848	749913	2.68516520648399e-06	9.93073226983658	0.999880673564654	44.7870139211359	5.74841e-06	0.458848	706	0.00285218172165726	4.53543786617828	0.887497582931067	8.03560961204918	52.8226235331851	0.0113245537744415
SNP.89	5.542e-23	0.4591	755846	2.66386622220841e-06	9.87133864768548	0.999881619961172	44.1950904558902	2.57427e-06	0.4591	706	0.0028519442331322	4.70215734298943	0.887505896711266	8.71907633423241	52.9141667901226	0.0124101728290496
SNP.9	1.442e-22	0.459459	756073	2.66275293008043e-06	9.77497003075744	0.999881669429111	43.2483521047513	9.11085e-06	0.459459	706	0.00285160849306614	4.43726642317753	0.887517650256942	7.64483593691366	50.893188041665	0.00164466674531189
SNP.90	1.914e-17	0.490779	756426	2.64491231945061e-06	8.49889738756985	0.999882462158126	31.587008340337	3.03386e-06	0.490779	706	0.00283382499455063	4.66851407276109	0.888140657987485	8.58326678567855	40.1702751260156	3.62389830617931e-08
SNP.91	3.413e-21	0.460905	751850	2.67646813341007e-06	9.44923991079216	0.999881060009142	40.1203117456076	9.69013e-07	0.460905	706	0.00285028692082771	4.89782900813974	0.887563918715022	9.55307996241829	49.6733917080259	0.00048565413909221
SNP.92	1.561e-22	0.461145	754820	2.66573629023718e-06	9.76693705239152	0.999881536866722	43.1704250336506	2.92329e-06	0.461145	706	0.00285007233229012	4.67613724581701	0.887571431949731	8.61121504157892	51.7816400752295	0.00399878198429108
SNP.93	9.453e-23	0.461303	755356	2.66371333652705e-06	9.81764066523532	0.999881626754483	43.666495435999	2.79231e-06	0.461303	706	0.00284993180031972	4.68553395426403	0.887576352363844	8.65028650962825	52.3167819456273	0.00682868198934765
SNP.94	7.119e-23	0.467413	755654	2.65800424473147e-06	9.84619238164501	0.999881880431893	43.9461199307653	4.31798e-06	0.467413	706	0.00284494552343954	4.59545885256093	0.887750971064093	8.28035224879178	52.2264721795571	0.0062390124906205
SNP.95	8.528e-23	0.461303	756265	2.66051166062918e-06	9.82801869376957	0.999881769017523	43.7678305759894	2.04238e-06	0.461303	706	0.00284993180031972	4.74918504654827	0.887576352363844	8.91679469842446	52.6846252744138	0.00986482115441618
SNP.96	1.436e-22	0.459267	753668	2.6714177843223e-06	9.77539224653278	0.99988128441576	43.254084670471	2.62536e-06	0.459267	706	0.00285178767517651	4.69814424237994	0.887511377433597	8.7023721661712	51.9564568366422	0.0047626611265864
SNP.97	1.705e-23	0.455032	756389	2.66570360267974e-06	9.98887837535974	0.999881538319158	45.3624751733076	8.57003e-06	0.455032	706	0.00285596158969877	4.45042555057039	0.887365281746639	7.69590334082075	53.0583785141284	0.014335346199956
SNP.98	3.44e-17	0.493776	754305	2.65185827143678e-06	8.43056508301255	0.99988215352181	31.0099619675316	1.43752e-05	0.493776	706	0.00283330021733162	4.33805069756043	0.888159055747769	7.26165346253691	38.2716154300686	5.42748426491298e-09
SNP.99	2.663e-23	0.458763	750147	2.68440330816324e-06	9.94457811384148	0.999880707418722	44.9244525249624	5.70759e-06	0.458763	706	0.00285226216488489	4.53694161286357	0.887494766883741	8.04164701462197	52.9660995395843	0.0130716959103737
