snp	pvalues.df1	MAF.df1	N.df1	V.df1	z.df1	r.df1	lABF.df1	pvalues.df2	MAF.df2	N.df2	V.df2	z.df2	r.df2	lABF.df2	internal.sum.lABF	SNP.PP.H4
SNP.1	1.607e-22	0.45702	754449	2.67067522698233e-06	9.7639933098838	0.999881317410474	43.1425963701501	0.00247009	0.45702	497	0.0040541011153352	3.02698159212291	0.847326742572584	2.94213783810151	46.0847342082516	0.00276957213524355
SNP.10	7.364e-23	0.453911	755501	2.6699358378134e-06	9.84278975273819	0.999881350264416	43.9148402330367	0.00220777	0.453911	497	0.00405863017183876	3.06075862175138	0.847182247518839	3.02905011038781	46.9438903434245	0.00653942329004424
SNP.100	2.219e-22	0.456583	751687	2.68089624873997e-06	9.73122698323004	0.999880863250868	42.8251290802687	0.00104522	0.456583	497	0.00405471802520443	3.27806317545674	0.847307057775726	3.61278981143613	46.4379188917048	0.00394274636685686
SNP.101	7.475e-23	0.441761	748278	2.70956442112545e-06	9.8412848855235	0.999879589415072	43.9073116058338	0.00636406	0.441761	497	0.0040794918428791	2.72840924167477	0.846517312407835	2.21374552833592	46.1210571341697	0.00287202044638533
SNP.102	2.131e-22	0.463068	750211	2.68054139577293e-06	9.7353418344693	0.999880879018353	42.8651098950544	0.00420829	0.463068	497	0.00404622060576299	2.86211137311327	0.847578279942246	2.53099360002175	45.3961034950762	0.00139105455378172
SNP.103	8.768e-23	0.45977	754616	2.66762431468064e-06	9.82522272323905	0.999881452974411	43.7416783941284	0.00586701	0.45977	497	0.00405036617675461	2.75512285949584	0.847445939171235	2.27623665609807	46.0179150502265	0.00259055901008523
SNP.104	1.285e-22	0.465084	755990	2.65850184549986e-06	9.78663607649941	0.999881858321528	43.3616521512159	0.00358567	0.465084	497	0.00404386480921417	2.91248362495788	0.847653503426132	2.65433733303594	46.0159894842518	0.00258557551736189
SNP.105	4.935e-23	0.456461	756438	2.66417211422333e-06	9.88296634347748	0.999881606369191	44.3099821257974	0.00267744	0.456461	497	0.004054891399877	3.00253179871676	0.84730152577857	2.87965014294968	47.1896322687471	0.0083611075882433
SNP.106	2.321e-17	0.498563	754912	2.64933730009386e-06	8.47648482359036	0.999882265538587	31.3976284268065	0.00459769	0.498563	497	0.00402417810842747	2.83394739354044	0.848282646422553	2.46352032023354	33.8611487470401	1.3607456862715e-08
SNP.107	4.505e-23	0.447826	756460	2.67299888902175e-06	9.89209496489207	0.999881214161129	44.4018654098577	0.00130423	0.447826	497	0.00406844414404304	3.21504736560135	0.846869311504067	3.43861306269912	47.8404784725569	0.0160296015334777
SNP.108	1.932e-22	0.452113	748916	2.69524906841732e-06	9.74530386161235	0.999880225500164	42.9648362531849	0.00249283	0.452113	497	0.00406139869481454	3.02421040849518	0.84709394480768	2.93473070014936	45.8995669533342	0.00230141831031708
SNP.109	1.106e-20	0.465084	749574	2.68125736775748e-06	9.32536715383067	0.999880847204958	38.9585034177799	0.00662772	0.465084	497	0.00404386480921417	2.71499285679319	0.847653503426132	2.18330702382982	41.1418104416097	1.97573259510369e-05
SNP.11	1.224e-21	0.455966	752955	2.67696369090759e-06	9.55599669720223	0.999881037989603	41.1347516290913	0.000688283	0.455966	497	0.00405559999172501	3.39420440018419	0.847278916952026	3.94101970124647	45.0757713303377	0.00100977745656858
SNP.110	1.489e-22	0.454811	754482	2.67265607809984e-06	9.77172160790161	0.99988122939355	43.2184427927913	0.00287394	0.454811	497	0.00405728551934995	2.98090919156329	0.847225142178264	2.82474991110595	46.0431927038973	0.00265687691287697
SNP.111	1.111e-22	0.460452	755925	2.66242170420652e-06	9.80134167866972	0.999881684146777	43.5063898743092	0.0021974	0.460452	497	0.00404947912827427	3.06216811660908	0.847474253309862	3.03311853219817	46.5395084065074	0.00436434029504296
SNP.112	1.263e-22	0.453911	753194	2.67811373351867e-06	9.7883825858973	0.999880986888761	43.3823769098143	0.00220777	0.453911	497	0.00405863017183876	3.06075862175138	0.847182247518839	3.02905011038781	46.4114270202021	0.0038396670472996
SNP.113	7.119e-23	0.459497	755690	2.66406943570631e-06	9.84619238164501	0.9998816109316	43.947246362078	0.00373091	0.459497	497	0.00405072561744246	2.90006019818709	0.847434466544999	2.62352935017736	46.5707757122554	0.00450295725386261
SNP.114	9.922e-23	0.453782	754364	2.67408850445235e-06	9.81275695092128	0.999881165745283	43.6204877752971	0.0021739	0.453782	497	0.00405882515205773	3.06538494594303	0.847176027974895	3.04104645721139	46.6615342325085	0.00493075869002509
SNP.115	7.551e-23	0.453521	755614	2.66992541373717e-06	9.8402672313643	0.999881350727599	43.8900157831304	0.0021699	0.453521	497	0.00405922137137947	3.06593566354556	0.847163389520382	3.04245870310126	46.9324744862317	0.00646519466546272
SNP.116	1.256e-22	0.463483	755995	2.65970692639957e-06	9.78894461353218	0.999881804775034	43.3844689612117	0.00386812	0.463483	497	0.00404572462338721	2.88872108890819	0.847594116160504	2.5958593348355	45.9803282960472	0.0024949955166127
SNP.117	1.158e-17	0.498563	754877	2.64946013706664e-06	8.55704235332722	0.999882260080451	32.0836600659631	0.00661657	0.498563	497	0.00402417810842747	2.71555042275131	0.848282646422553	2.18484092282322	34.2685009887864	2.0449740296214e-08
SNP.118	2.151e-17	0.49162	755575	2.64773444469611e-06	8.4853339966311	0.999882336759836	31.4723686327348	0.0117362	0.49162	497	0.00402527555945928	2.51997850793053	0.84824754975924	1.75055732778586	33.2229259605207	7.18787195245198e-09
SNP.119	3.979e-23	0.446991	756655	2.67325950638423e-06	9.90451397004308	0.999881202580887	44.5248260758473	0.00118592	0.446991	497	0.0040698896816965	3.24224505752084	0.84682323748976	3.5128863667745	48.0377124426218	0.0195245193609806
SNP.12	5.948e-23	0.452514	756478	2.66789457432248e-06	9.86424538798134	0.999881440965719	44.1258506713905	0.00167745	0.452514	497	0.0040607717339926	3.14209255629018	0.847113940262677	3.24263905558124	47.3684897269717	0.00999863279530675
SNP.120	1.047e-22	0.458924	754980	2.66707676743034e-06	9.80733215758543	0.999881477304076	43.5659790006255	0.0011997	0.458924	497	0.00405148816473754	3.23895143332187	0.847410128592406	3.50500702699468	47.0709860276202	0.00742568297650405
SNP.13	3.268e-23	0.449275	755913	2.67332121931109e-06	9.92417315218032	0.999881199838741	44.7197222132289	0.00195005	0.449275	497	0.00406599248058975	3.09773609129803	0.846947465502727	3.1251537388787	47.8448759521076	0.0161002465946896
SNP.14	4.253e-23	0.453652	747932	2.69721584370437e-06	9.89785470788441	0.999880138108875	44.46330742998	0.00176216	0.453652	497	0.00405902221411166	3.12763978954342	0.847169742116674	3.20434885185559	47.6676562818356	0.0134854984343624
SNP.15	6.548e-23	0.456583	756035	2.6654782629463e-06	9.85459522339973	0.999881548331884	44.0302691350228	0.0033119	0.456583	497	0.00405471802520443	2.93720040909787	0.847307057775726	2.71525780631231	46.7455269413352	0.00536279651844871
SNP.16	9.308e-23	0.455307	755994	2.66683124197789e-06	9.81919919554102	0.999881488213731	43.6823740947178	0.00149066	0.455307	497	0.00405655617293327	3.17649569882546	0.847248410278899	3.33495001414284	47.0173241088606	0.0070377093800046
SNP.17	3.253e-21	0.453911	754002	2.67524382614882e-06	9.45426476485493	0.999881114409857	40.1675734620231	0.00103945	0.453911	497	0.00405863017183876	3.27962540986642	0.847182247518839	3.61686729612634	43.7844407581495	0.000277592628347944
SNP.18	3.76e-23	0.46338	755158	2.662735550228e-06	9.91017155246895	0.999881670201366	44.5789219620111	0.00172692	0.46338	497	0.0040458471884086	3.13357292637958	0.847590202727633	3.22077128426448	47.7996932462756	0.0153889832875513
SNP.19	3.17e-23	0.448864	756357	2.67220405395302e-06	9.92721037238231	0.999881249478741	44.7496586234225	0.00151002	0.448864	497	0.00406668056667152	3.17275094280921	0.846925529274694	3.32430841508933	48.0739670385119	0.020245360875071
SNP.2	7.197e-23	0.44883	756331	2.67233348976944e-06	9.84509667844671	0.999881243727404	43.9379903756886	0.00214705	0.44883	497	0.00406673774778835	3.06909959659222	0.846923706388192	3.05033544898859	46.9883258246772	0.00683655849413776
SNP.20	1.463e-22	0.472934	754206	2.6595887202199e-06	9.77350584842781	0.9998818100274	43.2334548024384	0.00327835	0.472934	497	0.00403597136885748	2.94035632550001	0.847905648044447	2.72373983985293	45.9571946422913	0.00243793965400093
SNP.21	2.735e-22	0.456215	752376	2.67878764156782e-06	9.7099392783638	0.999880956944422	42.6178358719102	0.00124824	0.456215	497	0.0040552425163224	3.22762154221029	0.847290322661154	3.47373241428632	46.0915682861966	0.0027885644305844
SNP.22	1.372e-22	0.460674	754751	2.66637511868881e-06	9.7800077787627	0.999881508481073	43.2982747201207	0.00368239	0.460674	497	0.00404919373683199	2.90416078302712	0.847483363262572	2.63366004436316	45.9319347644839	0.00237712886615793
SNP.23	1.105e-21	0.453911	754059	2.67504160205483e-06	9.56658051062364	0.999881123395458	41.2355793019034	0.00103945	0.453911	497	0.00405863017183876	3.27962540986642	0.847182247518839	3.61686729612634	44.8524465980297	0.0008076756165266
SNP.24	2.589e-23	0.446686	756545	2.67399899068345e-06	9.94738376488471	0.999881169722727	44.9504355664582	0.0019063	0.446686	497	0.00407042367486239	3.10445488135105	0.846806218648545	3.14258098216802	48.0930165486262	0.0206347218756584
SNP.25	2.584e-23	0.445559	755371	2.67947147573837e-06	9.94757618983403	0.999880926559029	44.9533595613435	0.000956076	0.445559	497	0.00407242464406432	3.30314305698332	0.846742452048914	3.68148159465158	48.634841155995	0.0354739914301051
SNP.26	3.63e-23	0.453652	756492	2.66669580169189e-06	9.91368636592723	0.999881494231873	44.6144907765796	0.00221436	0.453652	497	0.00405902221411166	3.05986605595788	0.847169742116674	3.02671837829364	47.6412091548733	0.0131335206612256
SNP.27	1.575e-22	0.456704	753577	2.67405937770439e-06	9.7660321388785	0.999881167039497	43.1631291270959	0.00219373	0.456704	497	0.00405454656674516	3.06266840550839	0.847312528701855	3.0341883331642	46.1973174602601	0.00309960937803488
SNP.28	1.427e-23	0.452514	747708	2.6991867838706e-06	10.0065085406045	0.99988005053254	45.5448812995374	0.00167745	0.452514	497	0.0040607717339926	3.14209255629018	0.847113940262677	3.24263905558124	48.7875203551186	0.0413254689429501
SNP.29	1.003e-22	0.455182	755836	2.66750906379018e-06	9.81166474268022	0.999881458095458	43.6085545524619	0.00140369	0.455182	497	0.00405673919665777	3.19389121851221	0.847242571212646	3.38188376558246	46.9904383180443	0.00685101594386772
SNP.3	4.455e-23	0.455056	756579	2.66501097266269e-06	9.89321196708415	0.999881569095422	44.4114353367689	0.00249047	0.455056	497	0.00405692421868444	3.0244969291138	0.847236668475706	2.93565060714525	47.3470859439141	0.00978689827128278
SNP.30	6.361e-23	0.456338	754065	2.67267165496196e-06	9.8575055742245	0.99988122870141	44.0602821573869	0.00140216	0.456338	497	0.00405506670321708	3.19420604837868	0.847295932315402	3.38283326766063	47.4431154250475	0.0107733345859337
SNP.31	4.744e-23	0.452381	756519	2.66788619876992e-06	9.88691981677263	0.999881441337878	44.3497457664422	0.00173269	0.452381	497	0.00406097907285155	3.13259388990164	0.847107327568269	3.21738375178359	47.5671295182258	0.012195757610637
SNP.32	9.63e-23	0.446839	754870	2.67975576589394e-06	9.81576994860592	0.99988091392692	43.6511008981659	0.001342	0.446839	497	0.00407015540241521	3.20684346008069	0.846814768646583	3.41620218898858	47.0673030871545	0.00739838492758471
SNP.33	3.215e-22	0.451567	735092	2.74651852277882e-06	9.69344421277947	0.999877947408752	42.4701668826607	0.000976644	0.451567	497	0.00406226115482199	3.29716990807172	0.847066440197071	3.66549329789602	46.1356601805567	0.00291426841795726
SNP.34	2.026e-23	0.451117	755933	2.67126962685951e-06	9.97176307248136	0.999881290998973	45.1927096946636	0.00138853	0.451117	497	0.00406297960330138	3.19702477491283	0.847043529604773	3.39000120342138	48.582710898085	0.0336720977439854
SNP.35	1.546e-23	0.44958	754422	2.67827070378606e-06	9.9985786641618	0.999880979913966	45.4617291945238	0.0019401	0.44958	497	0.0040654855953555	3.09925188667325	0.846963625763111	3.12915639913113	48.5908855936549	0.0339484850441161
SNP.36	5.64e-23	0.455182	756628	2.66471684994332e-06	9.86958047460577	0.999881582164447	44.1778963090905	0.00249992	0.455182	497	0.00405673919665777	3.02335112276147	0.847242571212646	2.93272273215266	47.1106190412431	0.0077258950291344
SNP.37	9.693e-23	0.467877	755649	2.65770127607879e-06	9.81511230394746	0.999881893893985	43.6405622422576	0.0039374	0.467877	497	0.00404082356452245	2.88313392618597	0.847750633860364	2.58232937317327	46.2228916154309	0.00317990159592862
SNP.38	2.217e-23	0.455182	747565	2.69702217297347e-06	9.96281271585192	0.9998801467144	45.1082493370053	0.00167551	0.455182	497	0.00405673919665777	3.14243134761967	0.847242571212646	3.24375512293602	48.3520044599413	0.0267347200257688
SNP.39	3.435e-21	0.453911	745526	2.70565908553674e-06	9.44856728438077	0.999879762943775	40.1193221090065	0.00103945	0.453911	497	0.00405863017183876	3.27962540986642	0.847182247518839	3.61686729612634	43.7361894051328	0.000264516417765968
SNP.4	3.215e-21	0.452381	753938	2.67701932945046e-06	9.45549408026974	0.999881035517368	40.1795232724957	0.000848244	0.452381	497	0.00406097907285155	3.33655252055265	0.847107327568269	3.77623665389441	43.9557599263901	0.000329466223907193
SNP.40	4.931e-23	0.450284	756765	2.66921817462084e-06	9.88304757449009	0.999881382152991	44.311719901678	0.0019177	0.450284	497	0.00406432775033589	3.10269062331811	0.847000541909648	3.13824499420838	47.4499648958864	0.0108473795218467
SNP.41	1.013e-22	0.456704	754929	2.66927041307506e-06	9.81066376975307	0.999881379831832	43.5990612410314	0.00219373	0.456704	497	0.00405454656674516	3.06266840550839	0.847312528701855	3.0341883331642	46.6332495741957	0.00479324775764715
SNP.42	9.996e-23	0.45493	754816	2.67135773382714e-06	9.81200732525751	0.999881287084037	43.612628078285	0.00201243	0.45493	497	0.0040571097770955	3.08839174195099	0.847230748709161	3.10109939487635	46.7137274731613	0.00519494537390652
SNP.43	9.105e-23	0.456583	755278	2.66814981838026e-06	9.82142200223593	0.999881429624229	43.7044444615532	0.00217434	0.456583	497	0.00405471802520443	3.06532442372903	0.847307057775726	3.04107600032285	46.745520461876	0.00536276177054034
SNP.44	2.292e-23	0.45098	755931	2.67142140150685e-06	9.95950544714334	0.999881284255034	45.0705972546097	0.00128294	0.45098	497	0.00406319970113174	3.21976884567504	0.8470365111565	3.45179822961588	48.5223954842256	0.0317011868558977
SNP.45	2.884e-21	0.452514	750447	2.68933522526484e-06	9.46685355203709	0.999880488274748	40.2892546527298	0.00112663	0.452514	497	0.0040607717339926	3.2568322319724	0.847113940262677	3.55361905366167	43.8428737063915	0.000294296458515199
SNP.46	1.533e-22	0.459155	754060	2.67012727798633e-06	9.76877123302306	0.999881341757983	43.1891524330529	0.00364136	0.459155	497	0.00405117942703897	2.90766687971812	0.847419982296027	2.64223436904352	45.8313868020964	0.00214973684785556
SNP.47	8.395e-23	0.453911	756172	2.6675666321999e-06	9.82960186367283	0.999881455537469	43.7846982243227	0.00220777	0.453911	497	0.00405863017183876	3.06075862175138	0.847182247518839	3.02905011038781	46.8137483347105	0.00574142232194776
SNP.48	7.787e-23	0.45339	752005	2.68287084775003e-06	9.83717057612105	0.999880775511829	43.8619426060865	0.000918202	0.45339	497	0.00405942111038685	3.31446035334471	0.847157018463806	3.71411208848158	47.5760546945681	0.0123050940958452
SNP.49	1.088e-22	0.453782	754996	2.67185005029522e-06	9.80345423488886	0.999881265208501	43.5288427056157	0.00231257	0.453782	497	0.00405882515205773	3.04684490330815	0.847176027974895	2.99304503903145	46.5218877446471	0.00428811130542295
SNP.5	2.926e-23	0.45098	748663	2.69735548766598e-06	9.93519598361968	0.999880131903964	44.8335843295841	0.00130169	0.45098	497	0.00406319970113174	3.21560690817124	0.8470365111565	3.44045487263986	48.274039202224	0.0247295241226304
SNP.50	4.495e-23	0.445906	756465	2.6751885798586e-06	9.89231738008323	0.999881116864664	44.4044699429044	0.00120338	0.445906	497	0.00407180388141396	3.23807777250433	0.846762233396505	3.50133125849154	47.9058012013959	0.0171116554674095
SNP.51	6.616e-23	0.453521	756124	2.66812456895376e-06	9.85355727407551	0.999881430746159	44.0205327049614	0.00218222	0.453521	497	0.00405922137137947	3.06424242253552	0.847163389520382	3.03806198062674	47.0585946855882	0.00733423654104526
SNP.52	9.538e-23	0.467697	755713	2.65759998833774e-06	9.81673800993237	0.9998818983946	43.6564993290469	0.00399044	0.467697	497	0.00404101179071766	2.87891647855828	0.847744621697845	2.57202354647697	46.2285228755239	0.00319785896273308
SNP.53	1.681e-23	0.451117	754891	2.67495686508488e-06	9.99028366636319	0.99988112716065	45.3782236631636	0.00138853	0.451117	497	0.00406297960330138	3.19702477491283	0.847043529604773	3.39000120342138	48.768224866585	0.0405357176522297
SNP.54	7.557e-23	0.45927	749556	2.68607031009411e-06	9.84018732261356	0.999880633347428	43.8922088343063	0.00195449	0.45927	497	0.00405102639306418	3.09706198624146	0.847424866628794	3.12411286605274	47.0163217003591	0.00703065825493483
SNP.55	1.808e-21	0.453911	753864	2.67573354796603e-06	9.51552364423217	0.999881092649619	40.7486288994819	0.00103945	0.453911	497	0.00405863017183876	3.27962540986642	0.847182247518839	3.61686729612634	44.3654961956082	0.000496314655063454
SNP.56	5.144e-22	0.44012	751770	2.69909987616321e-06	9.64534088580473	0.999880054394178	41.996484874474	0.00267329	0.44012	497	0.00408270083280326	3.00300390635209	0.846415123185483	2.87974856774613	44.8762334422201	0.000827117990208124
SNP.57	1.004e-22	0.455056	754836	2.67116477842362e-06	9.81156420185944	0.999881295657797	43.6082450626413	0.00221687	0.455056	497	0.00405692421868444	3.05952673545986	0.847236668475706	3.02593306611807	46.6341781287594	0.00479770061676912
SNP.58	1.353e-22	0.46229	755708	2.66166486750586e-06	9.78141910256928	0.999881717776006	43.3112029053964	0.00371482	0.46229	497	0.0040471658625616	2.90141461670131	0.8475481004822	2.62696450924061	45.938167414637	0.00239199094570991
SNP.59	3.364e-23	0.44958	755339	2.67501921771772e-06	9.92128412357729	0.999881124390081	44.6913723023913	0.00167371	0.44958	497	0.0040654855953555	3.14274601299943	0.846963625763111	3.24412758033797	47.9354998827292	0.017627470673577
SNP.6	4.995e-23	0.452514	756825	2.66667135968595e-06	9.88175563918051	0.999881495317927	44.2984822752858	0.00167745	0.452514	497	0.0040607717339926	3.14209255629018	0.847113940262677	3.24263905558124	47.541121330867	0.0118826572964298
SNP.60	1.104e-22	0.45339	755861	2.66918427047071e-06	9.8019800121127	0.999881383659484	43.513899669122	0.00191841	0.45339	497	0.00405942111038685	3.10258106295848	0.847157018463806	3.13819857439699	46.652098243519	0.00488445092867417
SNP.61	5.039e-22	0.476124	752853	2.66263258549397e-06	9.6474565452931	0.999881674776493	42.0101656335517	0.00330045	0.476124	497	0.00403334191124123	2.93827417890559	0.847989675603869	2.7186369977821	44.7288026313338	0.000713738427031282
SNP.62	9.177e-23	0.446927	748334	2.70305869995136e-06	9.82062805309752	0.999879878488691	43.703071768325	0.00407837	0.446927	497	0.00407000146714166	2.87203561592031	0.846819674730733	2.55446382124771	46.2575355895727	0.00329199652023856
SNP.63	7.837e-17	0.494366	749542	2.66863493692648e-06	8.33367631554511	0.999881408068518	30.2010512992453	0.0133279	0.494366	497	0.00402465587101358	2.47488522437208	0.848267367140029	1.65502528330446	31.8560765825498	1.83225193649899e-09
SNP.64	1.163e-22	0.466387	754460	2.66293733846523e-06	9.79672079897328	0.999881661235122	43.4612108024293	0.00413294	0.466387	497	0.00404241389210961	2.86783271038981	0.847699839640007	2.54498761664183	46.0061984190712	0.00256038350849458
SNP.65	2.321e-21	0.453782	754018	2.67531557678025e-06	9.48952024275833	0.999881111221699	40.5014831234931	0.00104137	0.453782	497	0.00405882515205773	3.27910467866769	0.847176027974895	3.61540750159811	44.1168906250912	0.000387069607144666
SNP.66	1.048e-22	0.448179	748627	2.7005659704501e-06	9.80723579827122	0.999879989250067	43.5712009538236	0.00308874	0.448179	497	0.00406784024297817	2.9587655437999	0.846888561291568	2.76866089938189	46.3398618532055	0.00357448278234202
SNP.67	7.314e-17	0.495798	747157	2.67700264390096e-06	8.34184545869548	0.999881036258771	30.2707077965728	0.021239	0.495798	497	0.00402442910343886	2.30370872033885	0.848274619304922	1.308086483495	31.5787942800678	1.38855477250836e-09
SNP.68	6.946e-23	0.453911	755543	2.66978741832545e-06	9.84866562486762	0.999881356859273	43.9726581335887	0.00220777	0.453911	497	0.00405863017183876	3.06075862175138	0.847182247518839	3.02905011038781	47.0017082439765	0.00692866310314561
SNP.69	3.432e-21	0.453911	754409	2.67380054506755e-06	9.44865875482752	0.999881178540436	40.1143278461751	0.00103945	0.453911	497	0.00405863017183876	3.27962540986642	0.847182247518839	3.61686729612634	43.7311951423014	0.000263198646639156
SNP.7	3.98e-23	0.458453	756574	2.66187476167906e-06	9.90448885006218	0.999881708449583	44.5224684477642	0.00117581	0.458453	497	0.00405212321115207	3.24468406191801	0.847389861107222	3.52071513246227	48.0431835802265	0.0196316334438243
SNP.70	6.408e-23	0.455182	755591	2.6683740022564e-06	9.85676620392897	0.999881419662864	44.0521996750395	0.00281547	0.455182	497	0.00405673919665777	2.98719833752009	0.847242571212646	2.84067063005249	46.892870305092	0.00621414994766106
SNP.71	7.609e-23	0.453911	755623	2.66950476018314e-06	9.83949739950388	0.999881369418876	43.8823637586668	0.00220777	0.453911	497	0.00405863017183876	3.06075862175138	0.847182247518839	3.02905011038781	46.9114138690546	0.00633045747996131
SNP.72	1.177e-22	0.453911	753712	2.67627315924898e-06	9.7955116492681	0.999881068672599	43.451836227183	0.00220777	0.453911	497	0.00405863017183876	3.06075862175138	0.847182247518839	3.02905011038781	46.4808863375708	0.00411584835208669
SNP.73	7.354e-23	0.453782	756716	2.66577698974608e-06	9.84292642724017	0.999881535058283	43.9154149488461	0.0012182	0.453782	497	0.00405882515205773	3.23458418906031	0.847176027974895	3.49257010466271	47.4079850535088	0.0104014340879673
SNP.74	2.98e-23	0.451117	753507	2.6798700779698e-06	9.93337329913546	0.999880908847593	44.812266388815	0.00138853	0.451117	497	0.00406297960330138	3.19702477491283	0.847043529604773	3.39000120342138	48.2022675922364	0.0230168424514933
SNP.75	6.588e-23	0.447143	754949	2.67912601237331e-06	9.85398338006001	0.9998809419093	44.0267643846934	0.000778089	0.447143	497	0.00406962475636865	3.3604738361883	0.846831681151493	3.84343488119145	47.8701992658849	0.0165131643482655
SNP.76	1.416e-22	0.465084	755982	2.65852997846436e-06	9.77681235282202	0.999881857071469	43.2655757787601	0.00358567	0.465084	497	0.00404386480921417	2.91248362495788	0.847653503426132	2.65433733303594	45.919913111796	0.00234872293376312
SNP.77	2.096e-17	0.498521	754696	2.65009685977018e-06	8.48834530528061	0.999882231788329	31.4983642063151	0.00767452	0.498521	497	0.00402418007984128	2.66606348046369	0.848282583373813	2.07188375193489	33.57024795825	1.0172796548225e-08
SNP.78	7.912e-23	0.456704	756247	2.66461836367264e-06	9.8355678319591	0.999881586540578	43.8428056423416	0.00170187	0.456704	497	0.00405454656674516	3.13785852264573	0.847312528701855	3.23170465601987	47.0745102983614	0.00745189926326308
SNP.79	1.431e-22	0.464888	755405	2.66070743376776e-06	9.77574542908136	0.999881760318552	43.2555511503342	0.00291221	0.464888	497	0.00404408792556406	2.97685574564403	0.847646378474007	2.8150057952513	46.0705569455855	0.00273058420768307
SNP.8	1.537e-17	0.490196	755295	2.6489904515212e-06	8.52432763551745	0.99988228095045	31.8041989865768	0.0101258	0.490196	497	0.00402569264201551	2.57150347207174	0.848234212152523	1.86182113652117	33.666020123098	1.11952470452251e-08
SNP.80	1.31e-22	0.47067	755336	2.6569708763632e-06	9.78468698005143	0.999881926348528	43.342296475638	0.00392888	0.47067	497	0.00403803974621464	2.88381619365358	0.847839562197105	2.5840748020361	45.9263712776741	0.00236394046184047
SNP.81	1.333e-22	0.462185	755869	2.66118283018949e-06	9.7829260602338	0.999881739194819	43.3258529573254	0.0036328	0.462185	497	0.00404729497922032	2.90840287580328	0.847543978307835	2.64416603686161	45.970018994187	0.00246940598642899
SNP.82	1.187e-22	0.456704	755967	2.66560530244355e-06	9.79465665602544	0.999881542687022	43.4414884406803	0.00219373	0.456704	497	0.00405454656674516	3.06266840550839	0.847312528701855	3.0341883331642	46.4756767738445	0.00409446233209275
SNP.83	8.842e-23	0.459384	755411	2.66515173613215e-06	9.82437589957311	0.99988156284075	43.732901207895	0.00363762	0.459384	497	0.00405087512704894	2.90798825434732	0.847429694589536	2.64303552231698	46.375936730212	0.00370578594226595
SNP.84	7.486e-23	0.453782	755556	2.66986973906989e-06	9.84113696118789	0.999881353201441	43.898563214402	0.00219873	0.453782	497	0.00405882515205773	3.06198700204657	0.847176027974895	3.03222715732072	46.9307903717227	0.00645431570060587
SNP.85	9.138e-23	0.452514	755318	2.67199186540546e-06	9.82105734024754	0.999881258907104	43.7015746004417	0.00117748	0.452514	497	0.0040607717339926	3.24427984708934	0.847113940262677	3.51905491541798	47.2206295158596	0.00862433753184511
SNP.86	8.626e-23	0.453911	756138	2.66768658023253e-06	9.82686771076531	0.999881450207709	43.7578517352752	0.00220777	0.453911	497	0.00405863017183876	3.06075862175138	0.847182247518839	3.02905011038781	46.786901845663	0.0055893359178327
SNP.87	5.045e-23	0.452113	755681	2.67112068627215e-06	9.88075766738798	0.999881297616983	44.2894460309708	0.00204216	0.452113	497	0.00406139869481454	3.08403145888366	0.84709394480768	3.08949537569351	47.3789414066643	0.0101036833235966
SNP.88	3.06e-23	0.453521	749913	2.69022276127443e-06	9.93073226983658	0.999880448838133	44.7879436003486	0.00127943	0.453521	497	0.00405922137137947	3.22055419392988	0.847163389520382	3.4541834241042	48.2421270244528	0.0239528103812794
SNP.89	5.542e-23	0.453782	755846	2.66884537402155e-06	9.87133864768548	0.999881398717976	44.196013266002	0.00211953	0.453782	497	0.00405882515205773	3.07295140474291	0.847176027974895	3.06072020122502	47.256733467227	0.00894139934687815
SNP.9	1.442e-22	0.454802	756073	2.66704077335708e-06	9.77497003075744	0.999881478903433	43.2491474118314	0.0017003	0.454802	497	0.00405729883025031	3.13812904897928	0.84722471753683	3.23227904160734	46.4814264534388	0.00411807198754815
SNP.90	1.914e-17	0.491573	756426	2.64476402986541e-06	8.49889738756985	0.999882468747225	31.5869805478286	0.00747639	0.491573	497	0.00402528828180075	2.67484458433528	0.84824714291371	2.09176558279347	33.6787461306221	1.13386282434016e-08
SNP.91	3.413e-21	0.45493	751850	2.68189606865261e-06	9.44923991079216	0.999880818825016	40.1213138415418	0.00151843	0.45493	497	0.0040571097770955	3.17113798055257	0.847230748709161	3.32051205398601	43.4418258955278	0.000197066219276574
SNP.92	1.561e-22	0.456583	754820	2.66976876411145e-06	9.76693705239152	0.999881357688152	43.1711721790978	0.00212346	0.456583	497	0.00405471802520443	3.07239854937396	0.847307057775726	3.05947062284335	46.2306428019411	0.00320464537923703
SNP.93	9.453e-23	0.456704	755356	2.66776148421717e-06	9.81764066523532	0.999881446879432	43.6672459697557	0.00219373	0.456704	497	0.00405454656674516	3.06266840550839	0.847312528701855	3.0341883331642	46.7014343029199	0.00513147395781712
SNP.94	7.119e-23	0.459497	755654	2.66419635424269e-06	9.84619238164501	0.999881605292111	43.9472699057489	0.00373091	0.459497	497	0.00405072561744246	2.90006019818709	0.847434466544999	2.62352935017736	46.5707992559263	0.00450306327125428
SNP.95	8.528e-23	0.456704	756265	2.6645549426092e-06	9.82801869376957	0.999881589358624	43.7685811019562	0.0033425	0.456704	497	0.00405454656674516	2.93434727656049	0.847312528701855	2.70816627200965	46.4767473739659	0.00409884821130505
SNP.96	1.436e-22	0.453911	753668	2.67642940313754e-06	9.77539224653278	0.999881061730078	43.2550110479333	0.00220777	0.453911	497	0.00405863017183876	3.06075862175138	0.847182247518839	3.02905011038781	46.2840611583211	0.00338048704249531
SNP.97	1.705e-23	0.442647	756389	2.67939616661581e-06	9.98887837535974	0.999880929905304	45.3650062256928	0.00105836	0.442647	497	0.0040777983643267	3.27453507357838	0.846571250619464	3.60145446169625	48.9664606873891	0.049423169061968
SNP.98	3.44e-17	0.485632	754305	2.65363862134098e-06	8.43056508301255	0.999882074413802	31.0102946837506	0.00887968	0.485632	497	0.00402747058404548	2.61665207434666	0.848177361226903	1.96115810480458	32.9714527885552	5.5896796773493e-09
SNP.99	2.663e-23	0.45339	750147	2.68951591069785e-06	9.94457811384148	0.999880480246204	44.9253925517425	0.00122461	0.45339	497	0.00405942111038685	3.23308527932117	0.847157018463806	3.4884264892527	48.4138190409952	0.0284394617003412
