snp	pvalues.df1	MAF.df1	N.df1	V.df1	z.df1	r.df1	lABF.df1	pvalues.df2	MAF.df2	N.df2	V.df2	z.df2	r.df2	lABF.df2	internal.sum.lABF	SNP.PP.H4
SNP.1	6.616e-71	0.0992509	728804	7.67398535925142e-06	17.8036919255873	0.999659050270399	154.439799670141	0.0200581	0.0992509	387	0.0144517602732917	2.32525928471157	0.608901980138217	1.17671644216	155.616516112301	3.36195308686269e-20
SNP.10	2.194e-88	0.076779	735313	9.59289374776479e-06	19.9309405416959	0.999573830864332	194.656212085921	0.00255601	0.076779	387	0.0182268203626619	3.01663070116407	0.552461493424806	2.11172023799985	196.767932323921	0.0250279127409426
SNP.100	7.474e-82	0.0786517	731674	9.43018969098753e-06	19.1634572043126	0.999581056045777	179.653233217658	0.0011743	0.0786517	387	0.0178290041652806	3.24505000652876	0.557911122917593	2.52937740077412	182.182610618432	1.15904393480958e-08
SNP.101	1.184e-83	0.0770677	734173	9.57479208377036e-06	19.3779818244649	0.999574634697802	183.791945033044	0.00156863	0.0770677	387	0.0181642217791161	3.16167784252068	0.553311953741982	2.36256294614683	186.154507979191	6.15280292970829e-07
SNP.102	2.776e-83	0.0749064	737636	9.78190179467513e-06	19.3340752922684	0.999565437735588	182.951426949972	0.00161049	0.0749064	387	0.0186446586878992	3.15400015554637	0.5468510547304	2.32419255664242	185.275619506614	2.55491579545183e-07
SNP.103	5.031e-82	0.0789474	731727	9.39720409588604e-06	19.1840449118188	0.999582520846263	180.046329695142	0.00117927	0.0789474	387	0.0177679275490191	3.24384717465912	0.558757337899007	2.53069432395269	182.577024019095	1.71945756485736e-08
SNP.104	3.172e-88	0.076779	735651	9.58848622560177e-06	19.9124825880447	0.999574026587315	194.288463884949	0.00255601	0.076779	387	0.0182268203626619	3.01663070116407	0.552461493424806	2.11172023799985	196.400184122949	0.0173266107043165
SNP.105	1.008e-70	0.101124	723129	7.60676852547525e-06	17.7801000294486	0.99966203565738	154.016272782448	0.0156652	0.101124	387	0.0142136302766367	2.41662375717912	0.612851407786776	1.3150743279121	155.33134711036	2.52780940287756e-20
SNP.106	1.594e-87	0.076779	729804	9.66530668556238e-06	19.831443201382	0.999570615264426	192.682055581614	0.00255601	0.076779	387	0.0182268203626619	3.01663070116407	0.552461493424806	2.11172023799985	194.793775819614	0.00347583663170893
SNP.107	4.51e-87	0.0730337	732417	1.00838026947071e-05	19.7790621941647	0.99955203175683	191.662631413725	0.000752351	0.0730337	387	0.0190841046983186	3.36975479346424	0.541072127516786	2.68257281504746	194.345204228773	0.00221945931967409
SNP.108	3.954e-88	0.0808271	734726	9.15989271715892e-06	19.9014405461686	0.999593059325145	194.049658379294	0.00174601	0.0808271	387	0.0173902101718535	3.1303451913546	0.56404816878794	2.34845945094658	196.398117830241	0.0172908458180505
SNP.109	3.903e-88	0.0805243	735990	9.17552401985607e-06	19.9020912273706	0.999592365166371	194.0633175113	0.00187258	0.0805243	387	0.0174498550991573	3.10973067932776	0.563206047785506	2.30907404343609	196.372391554736	0.016851689898597
SNP.11	3.718e-88	0.0805243	735692	9.17924066507977e-06	19.9045248898634	0.999592200116808	194.111905411953	0.00187258	0.0805243	387	0.0174498550991573	3.10973067932776	0.563206047785506	2.30907404343609	196.420979455389	0.0176906958492888
SNP.110	5.041e-87	0.0733083	733189	1.00384264656417e-05	19.773448144598	0.999554046675734	191.549796152551	0.00214563	0.0733083	387	0.0190182528731715	3.06929723470949	0.541930318424819	2.16228347231318	193.712079624865	0.00117837811313228
SNP.111	1.91e-87	0.0805243	733829	9.20254435757359e-06	19.8223444459667	0.999591165242774	192.481249149356	0.00187258	0.0805243	387	0.0174498550991573	3.10973067932776	0.563206047785506	2.30907404343609	194.790323192793	0.00346385655819059
SNP.12	3.091e-71	0.0917603	736647	8.14432833330013e-06	17.8462515136282	0.999638160826832	155.224570342216	0.0138919	0.0917603	387	0.0155025711466164	2.46004653995203	0.592065202988333	1.34321471207367	156.56778505429	8.70407252922684e-20
SNP.13	4.79e-70	0.088015	735072	8.47414197047273e-06	17.6925026076941	0.999623513263626	152.511085577419	0.00908521	0.088015	387	0.0160958772261481	2.60883099633831	0.582963819378008	1.54653448623891	154.057620063658	7.07247949762094e-21
SNP.14	1.39e-70	0.0845865	735920	8.774472767269e-06	17.7620748183853	0.999610175455004	153.759250898015	0.00134312	0.0845865	387	0.0166855555526837	3.20660345557829	0.574191170257864	2.52512218258485	156.284373080599	6.55598943415252e-20
SNP.15	5.094e-80	0.0842697	735495	8.80949974468207e-06	18.9424801916359	0.999608619916358	175.415645188148	0.00216057	0.0842697	387	0.0167424884101161	3.06722383816377	0.573358135826061	2.27113195862241	177.68677714677	1.29295744249814e-10
SNP.16	1.932e-81	0.0786517	734607	9.39253861175242e-06	19.1139690982308	0.99958272802806	178.704797308127	0.0011743	0.0786517	387	0.0178290041652806	3.24505000652876	0.557911122917593	2.52937740077412	181.234174708901	4.48951489456378e-09
SNP.17	5.827e-83	0.0730337	736607	1.00264435692972e-05	19.2957878431271	0.999554578774288	182.222547899262	0.000752351	0.0730337	387	0.0190841046983186	3.36975479346424	0.541072127516786	2.68257281504746	184.905120714309	1.76388801857757e-07
SNP.18	2.158e-83	0.0730337	737034	1.00206347580292e-05	19.3470615325201	0.999554836713808	183.21254600215	0.000752351	0.0730337	387	0.0190841046983186	3.36975479346424	0.541072127516786	2.68257281504746	185.895118817198	4.74702723530972e-07
SNP.19	3.906e-83	0.0786517	737411	9.35682355153857e-06	19.3164509204018	0.999584314042161	182.592296365323	0.0011743	0.0786517	387	0.0178290041652806	3.24505000652876	0.557911122917593	2.52937740077412	185.121673766098	2.19037667296353e-07
SNP.2	3.016e-87	0.0786517	733073	9.41219307212735e-06	19.7993432546222	0.999581855226098	192.035195937698	0.0011743	0.0786517	387	0.0178290041652806	3.24505000652876	0.557911122917593	2.52937740077412	194.564573338473	0.00276387236230913
SNP.20	2.611e-83	0.0749064	737365	9.78549688718204e-06	19.3372360409708	0.999565278092564	183.012669341474	0.00161049	0.0749064	387	0.0186446586878992	3.15400015554637	0.5468510547304	2.32419255664242	185.336861898117	2.71627554714708e-07
SNP.21	4.578e-82	0.0786517	735591	9.37997421388191e-06	19.1889495221296	0.999583285980128	180.139616354153	0.0011743	0.0786517	387	0.0178290041652806	3.24505000652876	0.557911122917593	2.52937740077412	182.668993754928	1.88509573545421e-08
SNP.22	1.545e-83	0.0749064	737057	9.78958603231091e-06	19.3642799007516	0.999565096510792	183.535935788623	0.00161049	0.0749064	387	0.0186446586878992	3.15400015554637	0.5468510547304	2.32419255664242	185.860128345265	4.5837988840759e-07
SNP.23	3.797e-83	0.0770677	735481	9.55776400548476e-06	19.3179121742578	0.999575390858155	182.629466459721	0.00133029	0.0770677	387	0.0181642217791161	3.20936392010685	0.553311953741982	2.44661379621072	185.076080255932	2.09275214528274e-07
SNP.24	6.247e-82	0.0786517	732979	9.41340012737556e-06	19.1727875305049	0.999581801624056	179.831249538278	0.0011743	0.0786517	387	0.0178290041652806	3.24505000652876	0.557911122917593	2.52937740077412	182.360626939052	1.38487764361235e-08
SNP.25	2.979e-83	0.0749064	734901	9.81830601974549e-06	19.3304342639978	0.999563821178551	182.882622758603	0.00161049	0.0749064	387	0.0186446586878992	3.15400015554637	0.5468510547304	2.32419255664242	185.206815315245	2.38503804256274e-07
SNP.26	9.996e-83	0.0786517	732741	9.41645767326191e-06	19.2678733410812	0.999581665846782	181.658203051928	0.0011743	0.0786517	387	0.0178290041652806	3.24505000652876	0.557911122917593	2.52937740077412	184.187580452703	8.60690945274858e-08
SNP.27	1.216e-82	0.0730337	731744	1.00930769753483e-05	19.2577272075661	0.999551619935962	181.49195080843	0.000752351	0.0730337	387	0.0190841046983186	3.36975479346424	0.541072127516786	2.68257281504746	184.174523623478	8.4952609795505e-08
SNP.28	3.986e-83	0.0786517	733663	9.40462393764386e-06	19.3154040909974	0.999582191350915	182.574235059986	0.0011743	0.0786517	387	0.0178290041652806	3.24505000652876	0.557911122917593	2.52937740077412	185.10361246076	2.15117073208082e-07
SNP.29	7.044e-84	0.0786517	733699	9.40416248620158e-06	19.4046915491505	0.999582211842734	184.302101626023	0.0011743	0.0786517	387	0.0178290041652806	3.24505000652876	0.557911122917593	2.52937740077412	186.831479026797	1.21081500840187e-06
SNP.3	2.293e-87	0.0786517	734810	9.38994381127585e-06	19.8131458245361	0.999582843256316	192.307469789282	0.0011743	0.0786517	387	0.0178290041652806	3.24505000652876	0.557911122917593	2.52937740077412	194.836847190056	0.00362881655715293
SNP.30	1.096e-86	0.0749064	733537	9.83656299848131e-06	19.7342318401416	0.999563010465627	190.767061922586	0.00161049	0.0749064	387	0.0186446586878992	3.15400015554637	0.5468510547304	2.32419255664242	193.091254479228	0.000633379105655264
SNP.31	1.358e-86	0.075188	733144	9.80796100641519e-06	19.7233949322207	0.999564280556129	190.552147713452	0.00194121	0.075188	387	0.01858048517852	3.09908243463908	0.547705313172997	2.23345566375848	192.78560337721	0.000466574657009171
SNP.32	2.096e-87	0.0749064	733276	9.84006419440563e-06	19.8176677193084	0.999562854992912	192.416511964553	0.00161049	0.0749064	387	0.0186446586878992	3.15400015554637	0.5468510547304	2.32419255664242	194.740704521195	0.00329617896744124
SNP.33	4.4e-87	0.0770677	733427	9.5845310146994e-06	19.7803074099679	0.999574202224768	191.666208662944	0.00198078	0.0770677	387	0.0181642217791161	3.09309906741139	0.553311953741982	2.24389276500594	193.91010142795	0.00143642992387408
SNP.34	7.065e-88	0.0786517	731634	9.43070525968395e-06	19.8723274549409	0.999581033150808	193.483112884977	0.0011743	0.0786517	387	0.0178290041652806	3.24505000652876	0.557911122917593	2.52937740077412	196.012490285751	0.0117581859368732
SNP.35	1.161e-87	0.0749064	736648	9.79502138364182e-06	19.8473794427033	0.999564855149754	193.003613777724	0.00161049	0.0749064	387	0.0186446586878992	3.15400015554637	0.5468510547304	2.32419255664242	195.327806334366	0.00592906022348955
SNP.36	1.974e-88	0.0786517	736039	9.37426496688845e-06	19.9362281245873	0.99958353951307	194.751974657804	0.0011743	0.0786517	387	0.0178290041652806	3.24505000652876	0.557911122917593	2.52937740077412	197.281352058578	0.0418215370106547
SNP.37	1.289e-88	0.076779	735817	9.58632306721667e-06	19.9575413286095	0.999574122645808	195.186234153548	0.00255601	0.076779	387	0.0182268203626619	3.01663070116407	0.552461493424806	2.11172023799985	197.297954391548	0.0425216679148298
SNP.38	2.184e-88	0.076779	735888	9.58539815889126e-06	19.9311691743431	0.999574163717841	194.660442476359	0.00255601	0.076779	387	0.0182268203626619	3.01663070116407	0.552461493424806	2.11172023799985	196.772162714359	0.0251340148521304
SNP.39	2.184e-88	0.076779	735892	9.58534605669061e-06	19.9311691743431	0.999574166031523	194.660440219275	0.00255601	0.076779	387	0.0182268203626619	3.01663070116407	0.552461493424806	2.11172023799985	196.772160457275	0.025133958122624
SNP.4	3.787e-82	0.0749064	735149	9.8149938478009e-06	19.1988056503982	0.999563968257825	180.347812071664	0.00161049	0.0749064	387	0.0186446586878992	3.15400015554637	0.5468510547304	2.32419255664242	182.672004628306	1.89078007313675e-08
SNP.40	4.678e-88	0.076779	733652	9.6146122144425e-06	19.8930111594816	0.999572866422634	193.902224423013	0.00255601	0.076779	387	0.0182268203626619	3.01663070116407	0.552461493424806	2.11172023799985	196.013944661013	0.0117752991931559
SNP.41	6.822e-88	0.076779	734918	9.59804968765246e-06	19.8740842110623	0.999573601906775	193.525333841914	0.00255601	0.076779	387	0.0182268203626619	3.01663070116407	0.552461493424806	2.11172023799985	195.637054079914	0.0080777508017801
SNP.42	3.826e-88	0.0805243	735924	9.1763469099715e-06	19.9030898757892	0.999592328623289	194.083222683194	0.00187258	0.0805243	387	0.0174498550991573	3.10973067932776	0.563206047785506	2.30907404343609	196.39229672663	0.0171904863977092
SNP.43	5.443e-88	0.0805243	735611	9.18025141463881e-06	19.8854150973051	0.999592155231239	193.731917859597	0.00187258	0.0805243	387	0.0174498550991573	3.10973067932776	0.563206047785506	2.30907404343609	196.040991903033	0.012098134785776
SNP.44	1.92e-87	0.0805243	735731	9.17875408725997e-06	19.8220816723764	0.999592221724856	192.474956341354	0.00187258	0.0805243	387	0.0174498550991573	3.10973067932776	0.563206047785506	2.30907404343609	194.78403038479	0.00344212761366302
SNP.45	5.054e-88	0.0805243	736020	9.17515002768113e-06	19.8891342741514	0.999592381774697	193.80561898334	0.00187258	0.0805243	387	0.0174498550991573	3.10973067932776	0.563206047785506	2.30907404343609	196.114693026776	0.0130234608861648
SNP.46	7.738e-89	0.0733083	736152	9.99802196002644e-06	19.9830311233394	0.99955584083347	195.712421490267	0.00149135	0.0733083	387	0.0190182528731715	3.17636146584723	0.541930318424819	2.34347425600591	198.055895746273	0.0907360855416595
SNP.47	2.342e-88	0.0719697	732971	1.0213424051559e-05	19.9276732041653	0.999546276001069	194.616979269197	0.00233327	0.0719697	387	0.0193440404147163	3.04416516870716	0.537710980512457	2.1056856200582	196.722664889255	0.0239202236034066
SNP.48	2.954e-88	0.0805243	732951	9.21356806031217e-06	19.9160490725105	0.999590675701199	194.342824885494	0.00187258	0.0805243	387	0.0174498550991573	3.10973067932776	0.563206047785506	2.30907404343609	196.65189892893	0.0222859919337364
SNP.49	3.217e-88	0.0805243	732127	9.22393781867609e-06	19.9117769035556	0.999590215200482	194.258255015873	0.00187258	0.0805243	387	0.0174498550991573	3.10973067932776	0.563206047785506	2.30907404343609	196.567329059309	0.0204787640056023
SNP.5	2.659e-86	0.0770677	730670	9.62069583877529e-06	19.6893846434204	0.999572596270334	189.874196872866	0.00306742	0.0770677	387	0.0181642217791161	2.96089951466698	0.553311953741982	2.02247505342029	191.896671926286	0.000191806412090733
SNP.50	9.028e-89	0.0861423	724847	8.76251188090716e-06	19.9753329003993	0.999610706635859	195.503706829832	0.00109587	0.0861423	387	0.0164120941843409	3.26468208739471	0.578226396487664	2.64976828610496	198.153475115937	0.100036438407226
SNP.51	4.933e-83	0.0786517	737350	9.35759762929899e-06	19.3043946099268	0.999584279667302	182.359615630308	0.0011743	0.0786517	387	0.0178290041652806	3.24505000652876	0.557911122917593	2.52937740077412	184.888993031082	1.73566875866338e-07
SNP.52	1.749e-83	0.0786517	736745	9.36528189802932e-06	19.3578912069531	0.999583938428261	183.393682389945	0.0011743	0.0786517	387	0.0178290041652806	3.24505000652876	0.557911122917593	2.52937740077412	185.923059790719	4.88153417434854e-07
SNP.53	7.946e-71	0.0883459	735612	8.43926667015124e-06	17.7934323969544	0.999625062112474	154.299389306267	0.0246949	0.0883459	387	0.016041410423161	2.24614221669355	0.583787665084486	1.03436972292222	155.333759029189	2.53391363246515e-20
SNP.54	4.073e-83	0.0789474	737366	9.32533906020945e-06	19.314289187522	0.999585712191737	182.549135263318	0.0011739	0.0789474	387	0.0177679275490191	3.24514701834566	0.558757337899007	2.5330507931027	185.08218605642	2.10556916160716e-07
SNP.55	1.136e-88	0.0861423	727563	8.72980133588419e-06	19.9638556684312	0.99961215930828	195.27302060264	0.00109587	0.0861423	387	0.0164120941843409	3.26468208739471	0.578226396487664	2.64976828610496	197.922788888745	0.0794277875758275
SNP.56	4.882e-79	0.078125	733380	9.46626971195824e-06	18.8231233962619	0.999579453835176	173.193507195493	0.00442999	0.078125	387	0.0179389480138396	2.84580078233557	0.556394295724501	1.84659285766078	175.040100053153	9.1653060845837e-12
SNP.57	4.594e-83	0.0789474	734971	9.3557269082323e-06	19.3080725268225	0.999584362741354	182.4305083933	0.00113915	0.0789474	387	0.0177679275490191	3.25369378485899	0.558757337899007	2.54856862283092	184.979077016131	1.89928362548904e-07
SNP.58	4.263e-83	0.078125	733675	9.46246346319001e-06	19.3119347226314	0.999579622859562	182.509842217305	0.00255764	0.078125	387	0.0179389480138396	3.01643742690056	0.556394295724501	2.12487698599363	184.634719203299	1.34597541123323e-07
SNP.59	1.461e-87	0.0749064	734889	9.81846634283134e-06	19.8358249315431	0.999563814059295	192.775443540036	0.00161049	0.0749064	387	0.0186446586878992	3.15400015554637	0.5468510547304	2.32419255664242	195.099636096678	0.00471946518271287
SNP.6	1.451e-82	0.0766283	736703	9.59205842080141e-06	19.2485747655748	0.999573867958339	181.294492015056	0.00169653	0.0766283	387	0.0182596853095082	3.13877959625131	0.552016038130484	2.31771478968604	183.612206804742	4.84134055941705e-08
SNP.60	3.438e-75	0.0805243	731422	9.23282854955671e-06	18.3477923837124	0.999589820380824	164.352243240451	0.00295605	0.0805243	387	0.0174498550991573	2.97227166094087	0.563206047785506	2.07364657364286	166.425889814094	1.66357735670788e-15
SNP.61	2.868e-87	0.0786517	733599	9.40544440758999e-06	19.8018779824954	0.99958215491605	192.085064382206	0.0011743	0.0786517	387	0.0178290041652806	3.24505000652876	0.557911122917593	2.52937740077412	194.61444178298	0.00290519690881628
SNP.62	2.081e-88	0.0805243	730556	9.24377313083989e-06	19.9335867896765	0.999589334354188	194.69348699424	0.00187258	0.0805243	387	0.0174498550991573	3.10973067932776	0.563206047785506	2.30907404343609	197.002561037676	0.0316462742812113
SNP.63	1.594e-86	0.0786517	732684	9.41719023748793e-06	19.7152899650868	0.999581633315608	190.375445037055	0.0011743	0.0786517	387	0.0178290041652806	3.24505000652876	0.557911122917593	2.52937740077412	192.904822437829	0.000525650795067747
SNP.64	2.715e-88	0.076779	735457	9.59101549152455e-06	19.9202742195394	0.999573914271258	194.443688395897	0.00255601	0.076779	387	0.0182268203626619	3.01663070116407	0.552461493424806	2.11172023799985	196.555408633896	0.0202360976433598
SNP.65	2.46e-88	0.0786517	736142	9.37295333232394e-06	19.9252124935529	0.999583597759398	194.532458257524	0.0011743	0.0786517	387	0.0178290041652806	3.24505000652876	0.557911122917593	2.52937740077412	197.061835658298	0.0335788043852686
SNP.66	3.866e-82	0.0786517	727536	9.48382569654781e-06	19.1977331232479	0.99957867422594	180.312785999065	0.0011743	0.0786517	387	0.0178290041652806	3.24505000652876	0.557911122917593	2.52937740077412	182.842163399839	2.24150665266476e-08
SNP.67	6.017e-83	0.0787402	731714	9.41998053718557e-06	19.2941293265946	0.999581509406047	182.1643907925	0.00205075	0.0787402	387	0.017810676069215	3.08278247102225	0.558164788934986	2.24386371978042	184.40825451228	1.07321012294154e-07
SNP.68	1.221e-82	0.0714286	734511	1.02632346622865e-05	19.2575146976609	0.999544064209499	181.494814560194	0.000567984	0.0714286	387	0.0194792215892266	3.4464593540115	0.535979447645935	2.79929071892329	184.294105279117	9.57437378457527e-08
SNP.69	9.904e-89	0.0735849	735960	9.96601334566246e-06	19.9707077894174	0.999557262177128	195.465030033486	0.00131527	0.0735849	387	0.0189524216585885	3.21262696394951	0.542790966118098	2.40975789010097	197.874787923587	0.0757052349038009
SNP.7	2.331e-83	0.0749064	737380	9.78529782773737e-06	19.3430857885458	0.99956528693196	183.12574670542	0.00161049	0.0749064	387	0.0186446586878992	3.15400015554637	0.5468510547304	2.32419255664242	185.449939262062	3.04146413183838e-07
SNP.70	2.191e-88	0.076779	735874	9.58558052105411e-06	19.9310090221621	0.999574155619757	194.657259728136	0.00255601	0.076779	387	0.0182268203626619	3.01663070116407	0.552461493424806	2.11172023799985	196.768979966136	0.0250541467784261
SNP.71	3.073e-83	0.0786517	736947	9.36271483833113e-06	19.3288313302242	0.999584052424898	182.831684851797	0.0011743	0.0786517	387	0.0178290041652806	3.24505000652876	0.557911122917593	2.52937740077412	185.361062252572	2.78281223664485e-07
SNP.72	4.192e-88	0.0814394	709881	9.41547150483534e-06	19.8985107069855	0.999581709639828	194.002885629106	0.00191511	0.0814394	387	0.0172709672540672	3.10309060319969	0.565739320752854	2.30674527209546	196.309630901202	0.0158265718316659
SNP.73	3.54e-88	0.0773585	732441	9.56436920087054e-06	19.9069832883586	0.999575097543249	194.177974488124	0.00232554	0.0773585	387	0.0181016437774026	3.04516330519651	0.554164755578755	2.16548740650569	196.34346189463	0.0163711605267851
SNP.74	3.639e-70	0.0898876	734127	8.32537857177096e-06	17.7079799432626	0.999630120036398	152.777118719296	0.0133355	0.0898876	387	0.015792984999376	2.474681612402	0.587574982738135	1.35631858401247	154.133437303308	7.62954617847781e-21
SNP.75	2.003e-88	0.0786517	735940	9.37552601022313e-06	19.9354983997802	0.999583483513375	194.73748912294	0.0011743	0.0786517	387	0.0178290041652806	3.24505000652876	0.557911122917593	2.52937740077412	197.266866523714	0.0412200962901746
SNP.76	6.017e-82	0.0749064	734531	9.82325172418452e-06	19.1747387038662	0.999563601561224	179.886599301149	0.00161049	0.0749064	387	0.0186446586878992	3.15400015554637	0.5468510547304	2.32419255664242	182.210791857792	1.19217182949367e-08
SNP.77	6.62e-65	0.0898876	731033	8.36061462992574e-06	17.01262840839	0.999628555150103	140.711954049015	0.00126381	0.0898876	387	0.015792984999376	3.22407340376266	0.587574982738135	2.61096751225052	143.322921561266	1.54010869466608e-25
SNP.78	2.517e-82	0.0789474	735825	9.34486863244712e-06	19.2200144357431	0.999584844930539	180.734367231831	0.00127642	0.0789474	387	0.0177679275490191	3.22122925489372	0.558757337899007	2.4898417366782	183.224208968509	3.28443230019328e-08
SNP.79	2.156e-81	0.0786517	734634	9.39219340782432e-06	19.1082446260757	0.999582743357656	178.595426388455	0.0011743	0.0786517	387	0.0178290041652806	3.24505000652876	0.557911122917593	2.52937740077412	181.124803789229	4.02439156289308e-09
SNP.8	6.555e-82	0.075188	735690	9.77401862752961e-06	19.1702839813037	0.999565787794251	179.799118920139	0.00194121	0.075188	387	0.01858048517852	3.09908243463908	0.547705313172997	2.23345566375848	182.032574583898	9.9756241237356e-09
SNP.80	3.11e-88	0.075188	729730	9.85384699010217e-06	19.9134713989261	0.999562242960035	194.319452848845	0.00137665	0.075188	387	0.01858048517852	3.19950248591687	0.547705313172997	2.40666862489927	196.726121473744	0.0240030489411977
SNP.81	6.564e-80	0.0849057	736044	8.74306144330712e-06	18.9291279440761	0.999611570427569	175.159653552845	0.00207215	0.0849057	387	0.0166286251084691	3.07969165686725	0.575026593385977	2.2990557217959	177.45870927464	1.029284924777e-10
SNP.82	3.963e-78	0.0842697	731522	8.85734539045297e-06	18.7118599343791	0.999606495111922	171.077752906197	0.00216057	0.0842697	387	0.0167424884101161	3.06722383816377	0.573358135826061	2.27113195862241	173.348884864819	1.68912406446337e-12
SNP.83	1.224e-87	0.0714286	733630	1.02755595532226e-05	19.8447235326915	0.999543516936253	192.970662070777	0.000291673	0.0714286	387	0.0194792215892266	3.62258550570944	0.535979447645935	3.13294962747666	196.103611698254	0.0128799403055848
SNP.84	2.769e-71	0.0842697	737006	8.79143862426485e-06	17.8523955185547	0.999609422005253	155.367831265571	0.00132105	0.0842697	387	0.0167424884101161	3.21136722840551	0.573358135826061	2.53058150395219	157.898412769524	3.29311407737714e-19
SNP.85	2.971e-70	0.0992509	734129	7.61832215559373e-06	17.719393154652	0.999661522509999	152.939783345563	0.0200581	0.0992509	387	0.0144517602732917	2.32525928471157	0.608901980138217	1.17671644216	154.116499787723	7.50140884849724e-21
SNP.86	1.946e-70	0.0955056	734426	7.88110731807295e-06	17.7431810182401	0.999649851210761	153.376543128503	0.0142272	0.0955056	387	0.0149563052278632	2.45147517473822	0.600699931910599	1.34600131359866	154.722544442102	1.37513294092315e-20
SNP.87	2.07e-82	0.0786517	736814	9.36440487282219e-06	19.230157139472	0.999583977374732	180.930163984962	0.0011743	0.0786517	387	0.0178290041652806	3.24505000652876	0.557911122917593	2.52937740077412	183.459541385736	4.15588847615742e-08
SNP.88	5.636e-82	0.0801527	734181	9.23704307429755e-06	19.1781406779236	0.99958963322228	179.925843649943	0.00118092	0.0801527	387	0.0175236731817335	3.24344887969777	0.562167292787831	2.54402970098094	182.469873350924	1.54474400435291e-08
SNP.89	1.906e-64	0.093633	732677	8.04126588938666e-06	16.9505690609604	0.999642738086607	139.641050481594	0.00822334	0.093633	387	0.0152239032765844	2.64275959511364	0.596438810560889	1.62910391426805	141.270154395862	1.97717868595121e-26
SNP.9	2.008e-82	0.0789474	734783	9.3581206444221e-06	19.231734172584	0.999584256441509	180.960195302633	0.00119795	0.0789474	387	0.0177679275490191	3.23936776595015	0.558757337899007	2.52258089655797	183.482776199191	4.25358030036971e-08
SNP.90	3.189e-88	0.0805243	736068	9.17455170361144e-06	19.9122148293561	0.999592408345204	194.264723048402	0.00187258	0.0805243	387	0.0174498550991573	3.10973067932776	0.563206047785506	2.30907404343609	196.573797091838	0.0206116506114969
SNP.91	6.514e-80	0.0842697	735932	8.80426862089832e-06	18.9295307741315	0.999608852228851	175.170275665209	0.00216057	0.0842697	387	0.0167424884101161	3.06722383816377	0.573358135826061	2.27113195862241	177.441407623831	1.01162976851562e-10
SNP.92	6.226e-87	0.0770677	730201	9.62687510496143e-06	19.7627949617636	0.999572321871065	191.321943800537	0.00306742	0.0770677	387	0.0181642217791161	2.96089951466698	0.553311953741982	2.02247505342029	193.344418853957	0.000815852452574657
SNP.93	6.081e-83	0.0786517	734621	9.39235961395551e-06	19.2935824082646	0.99958273597688	182.152603714016	0.0011743	0.0786517	387	0.0178290041652806	3.24505000652876	0.557911122917593	2.52937740077412	184.68198111479	1.41111599129235e-07
SNP.94	1.47e-82	0.0786517	734244	9.39718215193261e-06	19.2479006989948	0.999582521820736	181.272867510162	0.0011743	0.0786517	387	0.0178290041652806	3.24505000652876	0.557911122917593	2.52937740077412	183.802244910936	5.8546122163328e-08
SNP.95	6.771e-86	0.071161	731440	1.03421019090444e-05	19.6419771666286	0.999540562206375	188.972252785553	0.00134631	0.071161	387	0.0195468398458693	3.20592088178963	0.535117504251878	2.36696447616826	191.339217261721	0.000109840787225588
SNP.96	1.294e-82	0.0786517	732320	9.42187105631911e-06	19.2545071875955	0.999581425453293	181.401105404382	0.0011743	0.0786517	387	0.0178290041652806	3.24505000652876	0.557911122917593	2.52937740077412	183.930482805156	6.65566024888905e-08
SNP.97	6.636e-65	0.0955056	719312	8.046703131858e-06	17.0124869983332	0.999642496604082	140.692438926792	0.00137877	0.0955056	387	0.0149563052278632	3.19905889364602	0.600699931910599	2.61475383812823	143.30719276492	1.51607415137572e-25
SNP.98	3.243e-87	0.0805243	727805	9.27871328635262e-06	19.7956870569849	0.999587782735976	191.956865395056	0.00187258	0.0805243	387	0.0174498550991573	3.10973067932776	0.563206047785506	2.30907404343609	194.265939438492	0.00205032604376727
SNP.99	3.501e-83	0.0786517	736718	9.36562512652549e-06	19.3221019720427	0.999583923186353	182.701822162865	0.0011743	0.0786517	387	0.0178290041652806	3.24505000652876	0.557911122917593	2.52937740077412	185.231199563639	2.44391026299738e-07
