snp	pvalues.df1	MAF.df1	N.df1	V.df1	z.df1	r.df1	lABF.df1	pvalues.df2	MAF.df2	N.df2	V.df2	z.df2	r.df2	lABF.df2	internal.sum.lABF	SNP.PP.H4
SNP.1	6.616e-71	0.108033	728804	7.11957440881443e-06	17.8036919255873	0.999683674564163	154.406220518143	6.24247e-06	0.108033	532	0.00975333516436389	4.51800605357433	0.697602275403129	6.52185483420888	160.928075352352	8.94797897654089e-21
SNP.10	2.194e-88	0.0914127	735313	8.18699568486839e-06	19.9309405416959	0.999636265875771	194.589406439153	2.92555e-08	0.0914127	532	0.0113157976654655	5.54583477053533	0.665369488621533	9.68478209281937	204.274188531972	0.0598002116254676
SNP.100	7.474e-82	0.0927978	731674	8.1172814895203e-06	19.1634572043126	0.999639362040458	179.589008020169	3.9336e-07	0.0927978	532	0.0111639169484272	5.07214329542523	0.668371420784746	8.04560482866872	187.634612848837	3.54998747271089e-09
SNP.101	1.184e-83	0.0927978	734173	8.08965164418097e-06	19.3779818244649	0.999640589149529	183.720087100187	3.9336e-07	0.0927978	532	0.0111639169484272	5.07214329542523	0.668371420784746	8.04560482866872	191.765691928856	2.20969162301778e-07
SNP.102	2.776e-83	0.0872576	737636	8.51091809544469e-06	19.3340752922684	0.999621880002351	182.892412373951	2.67206e-08	0.0872576	532	0.0118006759027283	5.56166948355044	0.655963750213166	9.61168615454134	192.504098528492	4.62399739652266e-07
SNP.103	5.031e-82	0.0916667	731727	8.20661559143198e-06	19.1840449118188	0.999635394514917	179.988349826465	1.81592e-07	0.0916667	532	0.0112875981332176	5.21725722615058	0.665924813929866	8.51496652140066	188.503316347866	8.46252484134398e-09
SNP.104	3.172e-88	0.0914127	735651	8.18323411240878e-06	19.9124825880447	0.9996364329352	194.221629582959	2.92555e-08	0.0914127	532	0.0113157976654655	5.54583477053533	0.665369488621533	9.68478209281937	203.906411675778	0.0413979906092049
SNP.105	1.008e-70	0.113573	723129	6.86809276033086e-06	17.7801000294486	0.999694844581129	153.970399168175	5.55107e-05	0.113573	532	0.00933555836407011	4.03112419394488	0.706756883064244	5.12900970917907	159.099408877354	1.43729262025558e-21
SNP.106	1.594e-87	0.0914127	729804	8.24879605760948e-06	19.831443201382	0.999633521197835	192.615219269734	2.92555e-08	0.0914127	532	0.0113157976654655	5.54583477053533	0.665369488621533	9.68478209281937	202.300001362554	0.00830470341177003
SNP.107	4.51e-87	0.0842697	732417	8.84652187854042e-06	19.7790621941647	0.999606975778615	191.607953223791	5.28991e-07	0.0842697	532	0.0121792161930732	5.01548773227088	0.648803591025051	7.63716036245046	199.245113586242	0.000391384140060478
SNP.108	3.954e-88	0.0963687	734726	7.81479031547798e-06	19.9014405461686	0.999652796578065	193.982110079476	1.43828e-07	0.0963687	532	0.0107927248671614	5.26029048803775	0.675823324458284	8.78700406173221	202.769114141208	0.0132756935299413
SNP.109	3.903e-88	0.0955679	735990	7.85977438769689e-06	19.9020912273706	0.999650798678041	193.997528496448	1.76634e-07	0.0955679	532	0.0108735250969944	5.22238421573537	0.674187096946086	8.63293643979762	202.630464936246	0.0115569340110864
SNP.11	3.718e-88	0.0955679	735692	7.86295807430423e-06	19.9045248898634	0.999650657279683	194.046123924522	1.76634e-07	0.0955679	532	0.0108735250969944	5.22238421573537	0.674187096946086	8.63293643979762	202.679060364319	0.012132417861891
SNP.110	5.041e-87	0.0872576	733189	8.56253923647442e-06	19.773448144598	0.999619587469366	191.483130014662	4.18609e-08	0.0872576	532	0.0118006759027283	5.4828157238963	0.655963750213166	9.32604700778322	200.809177022445	0.00187011081844441
SNP.111	1.91e-87	0.0955679	733829	7.88292006939087e-06	19.8223444459667	0.999649770700453	192.415401445875	1.76634e-07	0.0955679	532	0.0108735250969944	5.22238421573537	0.674187096946086	8.63293643979762	201.048337885673	0.00237538268144979
SNP.12	3.091e-71	0.0941828	736647	7.95606677006967e-06	17.8462515136282	0.999646522023303	155.21421248678	5.22562e-08	0.0941828	532	0.0110165652593449	5.44345751966097	0.67130983816209	9.38954816552837	164.603760652308	3.53227736237897e-19
SNP.13	4.79e-70	0.0930556	735072	8.05966418750213e-06	17.6925026076941	0.999641920969299	152.488902060377	8.50328e-08	0.0930556	532	0.0111361531459315	5.35610989929928	0.66892310492175	9.04230169400036	161.531203754378	1.63553669309252e-20
SNP.14	1.39e-70	0.0888889	735920	8.38919962954181e-06	17.7620748183853	0.999627285650913	153.739507733427	4.53189e-08	0.0888889	532	0.011604849231903	5.46876230983629	0.659730229182559	9.32638686365037	163.065894597077	7.58871174049488e-20
SNP.15	5.094e-80	0.0941828	735495	7.9685282945112e-06	18.9424801916359	0.999645968569554	175.372199127883	9.89048e-08	0.0941828	532	0.0110165652593449	5.3287246645743	0.67130983816209	8.97470445796431	184.346903585847	1.32553997493133e-10
SNP.16	1.932e-81	0.0914127	734607	8.19486386330056e-06	19.1139690982308	0.999635916433421	178.64633593544	1.81621e-07	0.0914127	532	0.0113157976654655	5.2172276376462	0.665369488621533	8.5081363418291	187.154472277269	2.19636452112647e-09
SNP.17	5.827e-83	0.0858726	736607	8.6471466346223e-06	19.2957878431271	0.999615830015092	182.159983015047	2.54261e-08	0.0858726	532	0.011972835979491	5.57032746126556	0.65268781522315	9.59721199245535	191.757195007502	2.19099558893156e-07
SNP.18	2.158e-83	0.0858726	737034	8.64213691782093e-06	19.3470615325201	0.99961605249818	183.150035144789	2.54261e-08	0.0858726	532	0.011972835979491	5.57032746126556	0.65268781522315	9.59721199245535	192.747247137245	5.8967902478412e-07
SNP.19	3.906e-83	0.0914127	737411	8.16370295266498e-06	19.3164509204018	0.999637300356422	182.534004130627	1.81621e-07	0.0914127	532	0.0113157976654655	5.2172276376462	0.665369488621533	8.5081363418291	191.042140472456	1.07175930904816e-07
SNP.2	3.016e-87	0.0927978	733073	8.10179043091653e-06	19.7993432546222	0.999640050035923	191.971671183348	2.13507e-07	0.0927978	532	0.0111639169484272	5.18717594233178	0.668371420784746	8.43999631624717	200.411667499595	0.00125669865510785
SNP.20	2.611e-83	0.0886427	737365	8.39374618024645e-06	19.3372360409708	0.999627083732633	182.947548481109	5.23609e-08	0.0886427	532	0.0116339373161606	5.44310113000728	0.659168023647465	9.22651801298174	192.174066494091	3.32419498138621e-07
SNP.21	4.578e-82	0.0914127	735591	8.18390159480966e-06	19.1889495221296	0.999636403290883	180.081218234541	1.81621e-07	0.0914127	532	0.0113157976654655	5.2172276376462	0.665369488621533	8.5081363418291	188.58935457637	9.22286569515691e-09
SNP.22	1.545e-83	0.0875	737057	8.49626408780483e-06	19.3642799007516	0.999622530799565	183.475886426753	6.72996e-08	0.0875	532	0.0117711107514383	5.39823521279253	0.656529639882061	9.0316193128053	192.507505739558	4.63977920232493e-07
SNP.23	3.797e-83	0.0916667	735481	8.16472785411418e-06	19.3179121742578	0.999637254838285	182.562275450488	9.29113e-07	0.0916667	532	0.0112875981332176	4.90608705375698	0.665924813929866	7.46610737524197	190.02838282573	3.88891017832805e-08
SNP.24	6.247e-82	0.0927978	732979	8.10282943517246e-06	19.1727875305049	0.999640003891195	179.767015651707	3.9336e-07	0.0927978	532	0.0111639169484272	5.07214329542523	0.668371420784746	8.04560482866872	187.812620480376	4.24164729263298e-09
SNP.25	2.979e-83	0.0886427	734901	8.42188900572652e-06	19.3304342639978	0.99962583387466	182.817532559003	6.3883e-08	0.0886427	532	0.0116339373161606	5.40757722809822	0.659168023647465	9.09947707603134	191.917009635034	2.57068056433482e-07
SNP.26	9.996e-83	0.0927978	732741	8.10546129746155e-06	19.2678733410812	0.999639887003755	181.594079050584	3.9336e-07	0.0927978	532	0.0111639169484272	5.07214329542523	0.668371420784746	8.04560482866872	189.639683879253	2.63644129133666e-08
SNP.27	1.216e-82	0.0872576	731744	8.57944797668507e-06	19.2577272075661	0.999618836542017	181.423208323969	6.03798e-08	0.0872576	532	0.0118006759027283	5.41767275161815	0.655963750213166	9.09315028639893	190.516358610368	6.33509457864759e-08
SNP.28	3.986e-83	0.0930556	733663	8.07514277486471e-06	19.3154040909974	0.99964123352514	182.509072999191	4.15289e-07	0.0930556	532	0.0111361531459315	5.06181265840384	0.66892310492175	8.01685399113606	190.525926990327	6.39600209911107e-08
SNP.29	7.044e-84	0.0927978	733699	8.094877894836e-06	19.4046915491505	0.999640357038712	184.238117312717	3.9336e-07	0.0927978	532	0.0111639169484272	5.07214329542523	0.668371420784746	8.04560482866872	192.283722141386	3.70944838110921e-07
SNP.3	2.293e-87	0.0914127	734810	8.1925999347146e-06	19.8131458245361	0.999636016979225	192.249729339998	2.70108e-07	0.0914127	532	0.0113157976654655	5.14319291777089	0.665369488621533	8.25295688507085	200.502686225069	0.00137644886030474
SNP.30	1.096e-86	0.0886427	733537	8.43754936996691e-06	19.7342318401416	0.999625138379709	190.702483316758	8.07185e-08	0.0886427	532	0.0116339373161606	5.3655151595518	0.659168023647465	8.95012985465668	199.652613171415	0.000588271818982287
SNP.31	1.358e-86	0.0891365	733144	8.39985603913915e-06	19.7233949322207	0.999626812385915	190.486851899726	3.16246e-06	0.0891365	532	0.0115757595036816	4.65997616628247	0.660293426403864	6.62942410341334	197.116276003139	4.65651287064601e-05
SNP.32	2.096e-87	0.0875	733276	8.5400734781517e-06	19.8176677193084	0.999620585188987	192.35703100716	2.85772e-07	0.0875	532	0.0117711107514383	5.13259658166528	0.656529639882061	8.11333270308608	200.470363710246	0.00133266990598595
SNP.33	4.4e-87	0.0882353	733427	8.47399044376753e-06	19.7803074099679	0.999623519993076	191.614306919717	3.30817e-07	0.0882353	532	0.0116824311827088	5.10498714674887	0.658232876407622	8.0402556839757	199.654562603692	0.000589419733581749
SNP.34	7.065e-88	0.0914127	731634	8.22816375131231e-06	19.8723274549409	0.999634437518073	193.425480536176	2.70108e-07	0.0914127	532	0.0113157976654655	5.14319291777089	0.665369488621533	8.25295688507085	201.678437421247	0.00446048760759203
SNP.35	1.161e-87	0.0900277	736648	8.28525086622824e-06	19.8473794427033	0.999631902174071	192.933154193087	6.52067e-08	0.0900277	532	0.0114723937595964	5.40390166903536	0.66230246120482	9.1275266646366	202.060680857724	0.0065371515356835
SNP.36	1.974e-88	0.0927978	736039	8.06914282607753e-06	19.9362281245873	0.999641499998295	194.688561486232	2.13507e-07	0.0927978	532	0.0111639169484272	5.18717594233178	0.668371420784746	8.43999631624717	203.128557802479	0.0190178587201307
SNP.37	1.289e-88	0.0914127	735817	8.18138797829845e-06	19.9575413286095	0.999636514925961	195.119453099191	2.92555e-08	0.0914127	532	0.0113157976654655	5.54583477053533	0.665369488621533	9.68478209281937	204.80423519201	0.101601252200427
SNP.38	2.184e-88	0.0914127	735888	8.18059862102335e-06	19.9311691743431	0.999636549983008	194.593627407443	2.92555e-08	0.0914127	532	0.0113157976654655	5.54583477053533	0.665369488621533	9.68478209281937	204.278409500263	0.0600531598902537
SNP.39	2.184e-88	0.0914127	735892	8.18055415472329e-06	19.9311691743431	0.999636551957852	194.593625082888	2.92555e-08	0.0914127	532	0.0113157976654655	5.54583477053533	0.665369488621533	9.68478209281937	204.278407175708	0.0600530202935378
SNP.4	3.787e-82	0.0886427	735149	8.41904791028407e-06	19.1988056503982	0.99962596005111	180.282560759017	5.23609e-08	0.0886427	532	0.0116339373161606	5.44310113000728	0.659168023647465	9.22651801298174	189.509078771999	2.31364662379511e-08
SNP.40	4.678e-88	0.0927978	733652	8.09539647757149e-06	19.8930111594816	0.999640334007166	193.829613466101	5.96914e-08	0.0927978	532	0.0111639169484272	5.41972315050706	0.668371420784746	9.26430038404694	203.093913850148	0.0183702869193423
SNP.41	6.822e-88	0.0914127	734918	8.19139598979428e-06	19.8740842110623	0.999636070448945	193.458464183447	2.92555e-08	0.0914127	532	0.0113157976654655	5.54583477053533	0.665369488621533	9.68478209281937	203.143246276266	0.0192992636847093
SNP.42	3.826e-88	0.0958333	735924	7.84101142293416e-06	19.9030898757892	0.999651632005977	194.016367683511	1.55984e-07	0.0958333	532	0.0108465949067884	5.24535227352186	0.674731559935665	8.72063553323124	202.737003216742	0.0128561704224872
SNP.43	5.443e-88	0.0955679	735611	7.86382388463608e-06	19.8854150973051	0.999650618826106	193.666115422329	1.76634e-07	0.0955679	532	0.0108735250969944	5.22238421573537	0.674187096946086	8.63293643979762	202.299051862126	0.00829682183470487
SNP.44	1.92e-87	0.0955679	735731	7.86254127065603e-06	19.8220816723764	0.999650675791349	192.40907851493	1.76634e-07	0.0955679	532	0.0108735250969944	5.22238421573537	0.674187096946086	8.63293643979762	201.042014954728	0.0023604106841207
SNP.45	5.054e-88	0.0955679	736020	7.85945402516376e-06	19.8891342741514	0.999650812906433	193.739814433202	1.76634e-07	0.0955679	532	0.0108735250969944	5.22238421573537	0.674187096946086	8.63293643979762	202.372750873	0.00893138556105148
SNP.46	7.738e-89	0.0877437	736152	8.48534867587065e-06	19.9830311233394	0.999623015563045	195.643844110229	2.51858e-08	0.0877437	532	0.0117415533805254	5.57198161855358	0.657096357456629	9.6652755588059	205.309119669035	0.168332356378884
SNP.47	2.342e-88	0.0865922	732971	8.62461510362887e-06	19.9276732041653	0.999616830648202	194.546482314305	9.31096e-07	0.0865922	532	0.0118826931524849	4.90566864222075	0.654398999526129	7.3430121434043	201.889494457709	0.00550862543975867
SNP.48	2.954e-88	0.0944444	732951	7.9763413251009e-06	19.9160490725105	0.999645621569699	194.281650800602	8.03799e-08	0.0944444	532	0.0109892243431843	5.36627378740728	0.671857901796379	9.11655624286453	203.398207043466	0.0249039820241074
SNP.49	3.217e-88	0.0955679	732127	7.90124575599729e-06	19.9117769035556	0.999648956796561	194.192538496348	1.76634e-07	0.0955679	532	0.0108735250969944	5.22238421573537	0.674187096946086	8.63293643979762	202.825474936146	0.0140454093257943
SNP.5	2.659e-86	0.0930556	730670	8.10822050123252e-06	19.6893846434204	0.999639764460798	189.801730993694	2.10411e-06	0.0930556	532	0.0111361531459315	4.74315899089175	0.66892310492175	6.97186560241101	196.773596596105	3.30549901551403e-05
SNP.50	9.028e-89	0.099723	724847	7.68337744596596e-06	19.9753329003993	0.999658633129091	195.44758077784	2.28736e-06	0.099723	532	0.0104685584428122	4.72622162297185	0.68246842029896	7.04861784397513	202.496198621816	0.010104888227451
SNP.51	4.933e-83	0.0914127	737350	8.16437832512054e-06	19.3043946099268	0.999637270361639	182.301311878068	1.81621e-07	0.0914127	532	0.0113157976654655	5.2172276376462	0.665369488621533	8.5081363418291	190.809448219897	8.49259283780483e-08
SNP.52	1.749e-83	0.0914127	736745	8.1710827464423e-06	19.3578912069531	0.999636972603576	183.335441606577	1.81621e-07	0.0914127	532	0.0113157976654655	5.2172276376462	0.665369488621533	8.5081363418291	191.843577948407	2.38867540450569e-07
SNP.53	7.946e-71	0.0930556	735612	8.05374772792663e-06	17.7934323969544	0.999642183734845	154.278729337399	1.50113e-07	0.0930556	532	0.0111361531459315	5.25242082446093	0.66892310492175	8.67439775362119	162.953127091021	6.7794388957241e-20
SNP.54	4.073e-83	0.0910364	737366	8.1945541343983e-06	19.314289187522	0.999635930189128	182.493894326565	2.80452e-07	0.0910364	532	0.0113578676764375	5.1361311352668	0.664542735384908	8.21913617152675	190.713030498092	7.71199285575696e-08
SNP.55	1.136e-88	0.099723	727563	7.65469532064727e-06	19.9638556684312	0.999659907021666	195.216847849801	2.28736e-06	0.099723	532	0.0104685584428122	4.72622162297185	0.68246842029896	7.04861784397513	202.265465693776	0.00802279096241382
SNP.56	4.882e-79	0.0893372	733380	8.3801348884752e-06	18.8231233962619	0.999627688228195	173.14114082906	9.49756e-08	0.0893372	532	0.0115522994821615	5.33608364781439	0.660748329544874	8.86649763034668	182.007638459406	1.27780002816039e-11
SNP.57	4.594e-83	0.0930556	734971	8.06077174968205e-06	19.3080725268225	0.999641871779563	182.36676721312	3.95e-07	0.0930556	532	0.0111361531459315	5.07135170586522	0.66892310492175	8.04918329089534	190.415950504016	5.72989173911747e-08
SNP.58	4.263e-83	0.0864553	733675	8.62868985283645e-06	19.3119347226314	0.999616649687027	182.470645292507	4.01685e-06	0.0864553	532	0.0118997256161274	4.61050861148661	0.654074984524047	6.42100055998882	188.891645852496	1.24781245889197e-08
SNP.59	1.461e-87	0.0886427	734889	8.42202652672366e-06	19.8358249315431	0.999625827767189	192.710967287764	3.37859e-08	0.0886427	532	0.0116339373161606	5.52059222971059	0.659168023647465	9.50652885038044	202.217496138145	0.00764702593827074
SNP.6	1.451e-82	0.0898876	736703	8.29626755253949e-06	19.2485747655748	0.999631412904205	181.232616326193	2.02832e-06	0.0898876	532	0.0114885060051851	4.75058202230052	0.661988496833826	6.92755030383205	188.160166630025	6.00443195580981e-09
SNP.60	3.438e-75	0.0900277	731422	8.34444886823927e-06	18.3477923837124	0.999629273095265	164.308319213846	1.45744e-08	0.0900277	532	0.0114723937595964	5.66649980157875	0.66230246120482	10.0902053972329	174.398524611079	6.33675238359623e-15
SNP.61	2.868e-87	0.0914127	733599	8.20612399693515e-06	19.8018779824954	0.999635416347632	192.027329304993	2.70108e-07	0.0914127	532	0.0113157976654655	5.14319291777089	0.665369488621533	8.25295688507085	200.280286190064	0.00110197812243016
SNP.62	2.081e-88	0.0941828	730556	8.02240036078208e-06	19.9335867896765	0.999643575956249	194.633434280381	4.09173e-07	0.0941828	532	0.0110165652593449	5.06463992710746	0.67130983816209	8.05342268113324	202.686856961515	0.0122273791433623
SNP.63	1.594e-86	0.0914127	732684	8.21637207585758e-06	19.7152899650868	0.999634961209718	190.317631787175	2.70108e-07	0.0914127	532	0.0113157976654655	5.14319291777089	0.665369488621533	8.25295688507085	198.570588672246	0.000199370443447077
SNP.64	2.715e-88	0.0888889	735457	8.39448097084182e-06	19.9202742195394	0.999627051099627	194.387631626311	4.70694e-08	0.0888889	532	0.011604849231903	5.4620399936142	0.659730229182559	9.30214827288912	203.689779899201	0.0333347556885505
SNP.65	2.46e-88	0.0927978	736142	8.06801380245017e-06	19.9252124935529	0.999641550141154	194.469030748109	2.13507e-07	0.0927978	532	0.0111639169484272	5.18717594233178	0.668371420784746	8.43999631624717	202.909027064356	0.0152693527640866
SNP.66	3.866e-82	0.0914127	727536	8.27451061944375e-06	19.1977331232479	0.999632379167246	180.254505414857	1.81621e-07	0.0914127	532	0.0113157976654655	5.2172276376462	0.665369488621533	8.5081363418291	188.762641756686	1.09679017299646e-08
SNP.67	6.017e-83	0.091716	731714	8.20279523154106e-06	19.2941293265946	0.999635564184925	182.105300116879	7.81505e-06	0.091716	532	0.0112821430640072	4.47018901714031	0.666032346064284	6.10617003117268	188.211470148052	6.32051930870435e-09
SNP.68	1.221e-82	0.0847222	734511	8.7785249299158e-06	19.2575146976609	0.999609995499303	181.428943076334	1.24545e-08	0.0847222	532	0.0121201562496191	5.6933851555277	0.64991041166221	10.0085211400842	191.437464216418	1.59141770330668e-07
SNP.69	9.904e-89	0.0877437	735960	8.48756236539966e-06	19.9707077894174	0.99962291725102	195.397866054681	1.58516e-07	0.0877437	532	0.0117415533805254	5.24238289056389	0.657096357456629	8.49419817223489	203.892064226916	0.0408082756247408
SNP.7	2.331e-83	0.0886427	737380	8.39357543220242e-06	19.3430857885458	0.999627091315776	183.060632601795	5.23609e-08	0.0886427	532	0.0116339373161606	5.44310113000728	0.659168023647465	9.22651801298174	192.287150614777	3.72218795234016e-07
SNP.70	2.191e-88	0.0914127	735874	8.18075425688043e-06	19.9310090221621	0.999636543070886	194.590444696235	2.92555e-08	0.0914127	532	0.0113157976654655	5.54583477053533	0.665369488621533	9.68478209281937	204.275226789054	0.0598623318615018
SNP.71	3.073e-83	0.0891365	736947	8.35650875294782e-06	19.3288313302242	0.999628737498018	182.78320717358	8.11402e-07	0.0891365	532	0.0115757595036816	4.93260484602896	0.660293426403864	7.49282797956857	190.276035153148	4.98175025433543e-08
SNP.72	4.192e-88	0.0955056	709881	8.15360620045197e-06	19.8985107069855	0.999637748775706	193.942061061418	6.29624e-05	0.0955056	532	0.0108798686525997	4.00142407050546	0.674058973513895	4.835792694447	198.777853755865	0.000245287183765132
SNP.73	3.54e-88	0.091922	732441	8.17814371752635e-06	19.9069832883586	0.999636659010547	194.111913587581	3.17166e-08	0.091922	532	0.0112594130876104	5.53168671802914	0.666480780978312	9.64798124534256	203.759894832923	0.0357559075194809
SNP.74	3.639e-70	0.0941828	734127	7.98337715132601e-06	17.7079799432626	0.999645309088	152.758534258893	1.39602e-07	0.0941828	532	0.0110165652593449	5.26577128406035	0.67130983816209	8.750836276409	161.509370535302	1.60021466211106e-20
SNP.75	2.003e-88	0.0927978	735940	8.07022830198559e-06	19.9354983997802	0.999641451789508	194.674076660222	2.13507e-07	0.0927978	532	0.0111639169484272	5.18717594233178	0.668371420784746	8.43999631624717	203.114072976469	0.0187443738177451
SNP.76	6.017e-82	0.0875	734531	8.52548213726196e-06	19.1747387038662	0.999621233201436	179.826376547162	3.57661e-08	0.0875	532	0.0117711107514383	5.5105761659008	0.656529639882061	9.43390990706274	189.260286454224	1.80404720303488e-08
SNP.77	6.62e-65	0.0969529	731033	7.81199246853211e-06	17.01262840839	0.9996529208405	140.681556363444	2.58067e-07	0.0969529	532	0.0107346321245271	5.15174993385199	0.677004635276074	8.41897137650414	149.100527739949	6.53260339895668e-26
SNP.78	2.517e-82	0.0921788	735825	8.12015080104453e-06	19.2200144357431	0.999639234607482	180.674201125219	2.63696e-07	0.0921788	532	0.0112312217352981	5.14770269156749	0.667037801849164	8.28800183613424	188.962202961353	1.33903485124954e-08
SNP.79	2.156e-81	0.0914127	734634	8.19456267750694e-06	19.1082446260757	0.99963592980971	178.536958839325	1.81621e-07	0.0914127	532	0.0113157976654655	5.2172276376462	0.665369488621533	8.5081363418291	187.045095181155	1.9688043055531e-09
SNP.8	6.555e-82	0.0888889	735690	8.39182235910833e-06	19.1702839813037	0.999627169172043	179.734193444035	2.24265e-06	0.0888889	532	0.011604849231903	4.73023055410756	0.659730229182559	6.84175042319495	186.57594386723	1.23155191433826e-09
SNP.80	3.11e-88	0.0888889	729730	8.4603617658208e-06	19.9134713989261	0.999624125256466	194.25551840092	2.28883e-08	0.0888889	532	0.011604849231903	5.58861862510775	0.659730229182559	9.76355608911859	204.019074490039	0.0463348861488158
SNP.81	6.564e-80	0.0935754	736044	8.00889964294123e-06	18.9291279440761	0.999644175560857	175.121657750279	1.09552e-07	0.0935754	532	0.0110806438511072	5.31012179351005	0.670028844585663	8.89215846271695	184.013816212996	9.50024535214182e-11
SNP.82	3.963e-78	0.0930556	731522	8.09877689753085e-06	18.7118599343791	0.999640183874355	171.038900516271	1.14377e-07	0.0930556	532	0.0111361531459315	5.30226124924475	0.66892310492175	8.85034119911438	179.889241715385	1.53622517178791e-12
SNP.83	1.224e-87	0.0847222	733630	8.78906686585525e-06	19.8447235326915	0.999609527334423	192.905563133557	9.22117e-08	0.0847222	532	0.0121201562496191	5.34143889364653	0.64991041166221	8.74650395638087	201.652067089938	0.00434440042739962
SNP.84	2.769e-71	0.0886427	737006	8.39783482386496e-06	17.8523955185547	0.999626902150678	155.347723314922	3.27285e-08	0.0886427	532	0.0116339373161606	5.52617643859005	0.659168023647465	9.52686005214157	164.874583367064	4.63096617222117e-19
SNP.85	2.971e-70	0.110803	734129	6.91270647270295e-06	17.719393154652	0.999692862963354	152.896121649933	1.78649e-05	0.110803	532	0.00953913212424613	4.29002998011636	0.702266213477511	5.85660136902696	158.75272301896	1.01620526447932e-21
SNP.86	1.946e-70	0.110803	734426	6.90991099184797e-06	17.7431810182401	0.999692987130656	153.317598908916	4.22331e-05	0.110803	532	0.00953913212424613	4.09491077610396	0.702266213477511	5.28212549693942	158.599724405855	8.72037150334055e-22
SNP.87	2.07e-82	0.0914127	736814	8.17031755372133e-06	19.230157139472	0.999637006587455	180.871791578584	1.81621e-07	0.0914127	532	0.0113157976654655	5.2172276376462	0.665369488621533	8.5081363418291	189.379927920413	2.03332839383859e-08
SNP.88	5.636e-82	0.0910364	734181	8.23010348110988e-06	19.1781406779236	0.999634351370886	179.87637809308	2.50015e-07	0.0910364	532	0.0113578676764375	5.15769007484464	0.664542735384908	8.29287511916708	188.169253212247	6.05924035387226e-09
SNP.89	1.906e-64	0.102493	732677	7.41865877772322e-06	16.9505690609604	0.999670390510338	139.604742766216	8.44068e-07	0.102493	532	0.0102170689046728	4.9248923700942	0.687714417986462	7.75818838564626	147.362931151863	1.14936424444597e-26
SNP.9	2.008e-82	0.0916667	734783	8.17248385832518e-06	19.231734172584	0.999636910377145	180.902223121633	1.72257e-07	0.0916667	532	0.0112875981332176	5.22702737990564	0.665924813929866	8.54894276005425	189.451165881687	2.18346270740305e-08
SNP.90	3.189e-88	0.0955679	736068	7.85894149942809e-06	19.9122148293561	0.99965083566945	194.198944580037	1.76634e-07	0.0955679	532	0.0108735250969944	5.22238421573537	0.674187096946086	8.63293643979762	202.831881019835	0.0141356742068808
SNP.91	6.514e-80	0.0941828	735932	7.96379654366369e-06	18.9295307741315	0.999646178720756	175.126816465087	9.89048e-08	0.0941828	532	0.0110165652593449	5.3287246645743	0.67130983816209	8.97470445796431	184.101520923051	1.03710921494584e-10
SNP.92	6.226e-87	0.0938375	730201	8.05276575921003e-06	19.7627949617636	0.999642227346674	191.246358654015	2.15352e-05	0.0938375	532	0.0110528902446258	4.24834871402229	0.670583065600551	5.49628257034105	196.742641224356	3.20474357127727e-05
SNP.93	6.081e-83	0.0927978	734621	8.08471826501458e-06	19.2935824082646	0.999640808253292	182.088480787969	3.9336e-07	0.0927978	532	0.0111639169484272	5.07214329542523	0.668371420784746	8.04560482866872	190.134085616637	4.32249053761658e-08
SNP.94	1.47e-82	0.0916667	734244	8.17848318388949e-06	19.2479006989948	0.999636643934115	181.213468622725	2.04559e-07	0.0916667	532	0.0112875981332176	5.19514621602515	0.665924813929866	8.43830900000439	189.651777622729	2.6685193167355e-08
SNP.95	6.771e-86	0.0844875	731440	8.83760445207835e-06	19.6419771666286	0.999607371797363	188.906570378698	9.65114e-08	0.0844875	532	0.0121507093993011	5.33317277897718	0.649337355282366	8.71049882943901	197.617069208137	7.68338389917848e-05
SNP.96	1.294e-82	0.0914127	732320	8.22045602745744e-06	19.2545071875955	0.999634779833283	181.342818283257	1.81621e-07	0.0914127	532	0.0113157976654655	5.2172276376462	0.665369488621533	8.5081363418291	189.850954625086	3.25665553062745e-08
SNP.97	6.636e-65	0.103878	719312	7.46727215222517e-06	17.0124869983332	0.99966823134465	140.658809583569	9.48096e-07	0.103878	532	0.0100964256886492	4.90211645657393	0.690259730159156	7.70771745382035	148.366527037389	3.13555077392851e-26
SNP.98	3.243e-87	0.0941828	727805	8.05272389990658e-06	19.7956870569849	0.999642229205756	191.896704338842	4.09173e-07	0.0941828	532	0.0110165652593449	5.06463992710746	0.67130983816209	8.05342268113324	199.950127019975	0.000792112135344288
SNP.99	3.501e-83	0.0902778	736718	8.2637841198189e-06	19.3221019720427	0.99963285555034	182.648399193438	7.81185e-08	0.0902778	532	0.0114437565962119	5.37142120883822	0.662861222688327	9.01886063496833	191.667259828406	2.0025489983449e-07
