snp	pvalues.df1	MAF.df1	N.df1	V.df1	z.df1	r.df1	lABF.df1	pvalues.df2	MAF.df2	N.df2	V.df2	z.df2	r.df2	lABF.df2	internal.sum.lABF	SNP.PP.H4
SNP.1	6.616e-71	0.109903	728804	7.01313779484787e-06	17.8036919255873	0.999688402110404	154.399440765371	0.00782793	0.109903	605	0.00844826921890299	2.65940285856761	0.727019654664796	1.92171772787946	156.32115849325	5.24397016232158e-20
SNP.10	2.194e-88	0.0833333	735313	8.90159282594051e-06	19.9309405416959	0.999604530110489	194.62492878291	0.00143246	0.0833333	605	0.0108189370671418	3.18802934151441	0.675291650350661	2.86925989637831	197.494188679289	0.0398914685868624
SNP.100	7.474e-82	0.0881642	731674	8.50048041990981e-06	19.1634572043126	0.999622343548505	179.608938276374	0.000849793	0.0881642	605	0.0102802983648878	3.33604535063064	0.686387895239557	3.23967439907361	182.848612675447	1.73935080369841e-08
SNP.101	1.184e-83	0.0871671	734173	8.55909237636734e-06	19.3779818244649	0.999619740546641	183.74436652424	0.0010166	0.0871671	605	0.0103865364086525	3.28589194417695	0.684170559052252	3.11724766002562	186.861614184266	9.62080901281697e-07
SNP.102	2.776e-83	0.0833333	737636	8.87355948682114e-06	19.3340752922684	0.999605775052964	182.910257346132	0.000727761	0.0833333	605	0.0108189370671418	3.3789014170743	0.675291650350661	3.29247993010931	186.202737276242	4.97811572062361e-07
SNP.103	5.031e-82	0.0871671	731727	8.58770351132969e-06	19.1840449118188	0.999618469909154	180.00792237385	0.000851347	0.0871671	605	0.0103865364086525	3.33553740442229	0.684170559052252	3.22969926980736	183.237621643658	2.56644304351918e-08
SNP.104	3.172e-88	0.0833333	735651	8.89750292682372e-06	19.9124825880447	0.999604711740072	194.257166492277	0.00143246	0.0833333	605	0.0108189370671418	3.18802934151441	0.675291650350661	2.86925989637831	197.126426388655	0.0276161346454631
SNP.105	1.008e-70	0.118357	723129	6.62624536568884e-06	17.7801000294486	0.999705586910564	153.954178480177	0.00573375	0.118357	605	0.0079200498926367	2.76263127141905	0.739643757305152	2.14967701413332	156.10385549431	4.2197499683028e-20
SNP.106	1.594e-87	0.0833333	729804	8.96878740815451e-06	19.831443201382	0.999601546055136	192.650757199135	0.00143246	0.0833333	605	0.0108189370671418	3.18802934151441	0.675291650350661	2.86925989637831	195.520017095513	0.00553998003731314
SNP.107	4.51e-87	0.0806846	732417	9.20357175600302e-06	19.7790621941647	0.999591119617953	191.624627372589	0.0155681	0.0806846	605	0.0111419048178785	2.418886428827	0.668808740819061	1.40407421140649	193.028701583996	0.000458715716817915
SNP.108	3.954e-88	0.086165	734726	8.64262989992758e-06	19.9014405461686	0.999616030604687	194.025155184496	0.00272682	0.086165	605	0.0104958097452135	2.99696502038475	0.68190476832483	2.4896636616156	196.514818846112	0.0149811485589664
SNP.109	3.903e-88	0.0869565	735990	8.55666581350407e-06	19.9020912273706	0.999619848311887	194.033859752456	0.00183239	0.0869565	605	0.0104092900364973	3.11613397801086	0.683697520519188	2.74392277464057	196.777782527097	0.0194871705583994
SNP.11	3.718e-88	0.0869565	735692	8.56013178351927e-06	19.9045248898634	0.999619694385896	194.082451193427	0.00183239	0.0869565	605	0.0104092900364973	3.11613397801086	0.683697520519188	2.74392277464057	196.826373968068	0.0204574633098058
SNP.110	5.041e-87	0.0823245	733189	9.0268416669021e-06	19.773448144598	0.999598967928272	191.50549157153	0.00172015	0.0823245	605	0.0109394727519244	3.13472548261648	0.6728574988882	2.74723869222525	194.252730263755	0.00156002846146099
SNP.111	1.91e-87	0.0869565	733829	8.5818637204047e-06	19.8223444459667	0.999618729257473	192.451763786884	0.00183239	0.0869565	605	0.0104092900364973	3.11613397801086	0.683697520519188	2.74392277464057	195.195686561524	0.00400546774270713
SNP.12	3.091e-71	0.0966184	736647	7.77641622768545e-06	17.8462515136282	0.999654500911868	155.204067490302	0.00041657	0.0966184	605	0.00946855154524927	3.52935748691046	0.70381668584993	3.77511015337656	158.979177643679	7.48209575168522e-19
SNP.13	4.79e-70	0.0956416	735072	7.86416676646838e-06	17.6925026076941	0.99965060359756	152.477987690241	0.000396242	0.0956416	605	0.00955492362539082	3.54257415466231	0.701920249848222	3.79929337544014	156.277281065681	5.01885313503436e-20
SNP.14	1.39e-70	0.0910194	735920	8.21203545650667e-06	17.7620748183853	0.999635153807705	153.730080684785	0.00108211	0.0910194	605	0.00998909278207006	3.26825976150414	0.692540113413607	3.10898585799307	156.839066542778	8.80207003915357e-20
SNP.15	5.094e-80	0.0917874	735495	8.1549196974884e-06	18.9424801916359	0.99963769044035	175.382270602737	0.0015476	0.0917874	605	0.00991388869901526	3.16560649369326	0.694146888974897	2.88572020323947	178.267990805976	1.78257733632132e-10
SNP.16	1.932e-81	0.0869565	734607	8.57277492874538e-06	19.1139690982308	0.999619132895965	178.665803597725	0.000958019	0.0869565	605	0.0104092900364973	3.3025737264503	0.683697520519188	3.15301395510927	181.818817552835	6.2108757755788e-09
SNP.17	5.827e-83	0.0821256	736607	9.00476430502898e-06	19.2957878431271	0.999599948358476	182.17728068632	0.00185047	0.0821256	605	0.0109635907775777	3.1132375648959	0.672372554085743	2.70046174095466	184.877742427275	1.32320470508304e-07
SNP.18	2.158e-83	0.0821256	737034	8.99954740274463e-06	19.3470615325201	0.999600180035377	183.167318807674	0.00185047	0.0821256	605	0.0109635907775777	3.1132375648959	0.672372554085743	2.70046174095466	185.867780548629	3.56118987108601e-07
SNP.19	3.906e-83	0.0869565	737411	8.5401770140137e-06	19.3164509204018	0.999620580590885	182.553418422054	0.000958019	0.0869565	605	0.0104092900364973	3.3025737264503	0.683697520519188	3.15301395510927	185.706432377163	3.03055736365525e-07
SNP.2	3.016e-87	0.0869565	733073	8.59071398357443e-06	19.7993432546222	0.999618336212483	191.996702647306	0.00183239	0.0869565	605	0.0104092900364973	3.11613397801086	0.683697520519188	2.74392277464057	194.740625421946	0.00254110550317535
SNP.20	2.611e-83	0.0845411	737365	8.76154587846478e-06	19.3372360409708	0.999610749535882	182.965929115091	0.00104074	0.0845411	605	0.0106784417796268	3.27927544559234	0.678151196775496	3.07946274384511	186.045391858936	4.2533462784995e-07
SNP.21	4.578e-82	0.0869565	735591	8.5613071286637e-06	19.1889495221296	0.999619642188061	180.100665937545	0.000958019	0.0869565	605	0.0104092900364973	3.3025737264503	0.683697520519188	3.15301395510927	183.253679892654	2.6079883042583e-08
SNP.22	1.545e-83	0.0835351	737057	8.86102773556391e-06	19.3642799007516	0.999606331580943	183.493859273963	0.00173646	0.0835351	605	0.0107951777184984	3.13195582557938	0.675773536643394	2.75122455576585	186.245083829729	5.19344889561815e-07
SNP.23	3.797e-83	0.0871671	735481	8.54387064687564e-06	19.3179121742578	0.999620416553999	182.581820531873	0.000452654	0.0871671	605	0.0103865364086525	3.50731439691247	0.684170559052252	3.63180153100885	186.213622062882	5.03259742104675e-07
SNP.24	6.247e-82	0.0881642	732979	8.48534611599662e-06	19.1727875305049	0.999623015676732	179.786948444332	0.000849793	0.0881642	605	0.0102802983648878	3.33604535063064	0.686387895239557	3.23967439907361	183.026622843406	2.07824151413415e-08
SNP.25	2.979e-83	0.0845411	734901	8.79092187474801e-06	19.3304342639978	0.999609444953962	182.83590508939	0.000640515	0.0845411	605	0.0106784417796268	3.41385140174976	0.678151196775496	3.38487964528974	186.22078473468	5.06877366929644e-07
SNP.26	9.996e-83	0.0881642	732741	8.48810222269136e-06	19.2678733410812	0.999622893275455	181.613979769609	0.000849793	0.0881642	605	0.0102802983648878	3.33604535063064	0.686387895239557	3.23967439907361	184.853654168682	1.2917118349572e-07
SNP.27	1.216e-82	0.0833333	731744	8.94500935521275e-06	19.2577272075661	0.999602602016598	181.441052929918	0.0016326	0.0833333	605	0.0108189370671418	3.15001872209487	0.675291650350661	2.78791658285559	184.228969512774	6.91621586410214e-08
SNP.28	3.986e-83	0.0883777	733663	8.45893624488009e-06	19.3154040909974	0.999624188565337	182.529101303713	0.000871499	0.0883777	605	0.0102578653590537	3.32902717692307	0.686857942463013	3.22547560048983	185.754576904203	3.18003142254187e-07
SNP.29	7.044e-84	0.0881642	733699	8.47701920100353e-06	19.4046915491505	0.999623385482999	184.25797725944	0.000849793	0.0881642	605	0.0102802983648878	3.33604535063064	0.686387895239557	3.23967439907361	187.497651658514	1.81735244123258e-06
SNP.3	2.293e-87	0.0869565	734810	8.57040659773392e-06	19.8131458245361	0.999619238074968	192.268969515802	0.00183239	0.0869565	605	0.0104092900364973	3.11613397801086	0.683697520519188	2.74392277464057	195.012892290443	0.00333631229027907
SNP.30	1.096e-86	0.0845411	733537	8.8072684495454e-06	19.7342318401416	0.999608719007431	190.720720641178	0.0019973	0.0845411	605	0.0106784417796268	3.09063349444005	0.678151196775496	2.67201863707305	193.392739278251	0.00066015084312684
SNP.31	1.358e-86	0.0859564	733144	8.68031707327667e-06	19.7233949322207	0.999614356908046	190.500844747369	0.00237373	0.0859564	605	0.0105188799675543	3.03898966182301	0.681428322890099	2.57469749242641	193.075542239795	0.000480713433706732
SNP.32	2.096e-87	0.0835351	733276	8.90671796116541e-06	19.8176677193084	0.99960430250688	192.37484353642	0.00326403	0.0835351	605	0.0107951777184984	2.94171231858623	0.675773536643394	2.3608045285606	194.735648064981	0.00252848893861906
SNP.33	4.4e-87	0.0841463	733427	8.84610279834842e-06	19.7803074099679	0.999606994389764	191.632553483207	0.00274621	0.0841463	605	0.0107239184084038	2.99480427251265	0.677222948943577	2.47155969434038	194.104113177548	0.00134458710314457
SNP.34	7.065e-88	0.0869565	731634	8.60761046107871e-06	19.8723274549409	0.999617585831605	193.444686600477	0.00183239	0.0869565	605	0.0104092900364973	3.11613397801086	0.683697520519188	2.74392277464057	196.188609375118	0.0108112058723038
SNP.35	1.161e-87	0.0845411	736648	8.77007373491028e-06	19.8473794427033	0.99961037081519	192.95733676534	0.0019973	0.0845411	605	0.0106784417796268	3.09063349444005	0.678151196775496	2.67201863707305	195.629355402413	0.00618006756513466
SNP.36	1.974e-88	0.0869565	736039	8.55609617436149e-06	19.9362281245873	0.999619873609937	194.713551316718	0.00183239	0.0869565	605	0.0104092900364973	3.11613397801086	0.683697520519188	2.74392277464057	197.457474091358	0.0384534297881093
SNP.37	1.289e-88	0.0833333	735817	8.89549565397483e-06	19.9575413286095	0.999604800881692	195.154962942739	0.00143246	0.0833333	605	0.0108189370671418	3.18802934151441	0.675291650350661	2.86925989637831	198.024222839118	0.0677752199708501
SNP.38	2.184e-88	0.0833333	735888	8.89463739811058e-06	19.9311691743431	0.999604838996255	194.629154540637	0.00143246	0.0833333	605	0.0108189370671418	3.18802934151441	0.675291650350661	2.86925989637831	197.498414437015	0.040060396942237
SNP.39	2.184e-88	0.0833333	735892	8.89458905059546e-06	19.9311691743431	0.999604841143335	194.629152250379	0.00143246	0.0833333	605	0.0108189370671418	3.18802934151441	0.675291650350661	2.86925989637831	197.498412146757	0.0400603051937017
SNP.4	3.787e-82	0.0845411	735149	8.78795628732976e-06	19.1988056503982	0.999609576654932	180.30097586894	0.00104074	0.0845411	605	0.0106784417796268	3.27927544559234	0.678151196775496	3.07946274384511	183.380438612785	2.96043992209456e-08
SNP.40	4.678e-88	0.0857488	733652	8.69333285426008e-06	19.8930111594816	0.999613778875313	193.859976241918	0.00388343	0.0857488	605	0.010541952124287	2.88747861784111	0.680952502908015	2.2675242566025	196.12750049852	0.0101703263638517
SNP.41	6.822e-88	0.0833333	734918	8.90637720891419e-06	19.8740842110623	0.999604317639442	193.494019064298	0.00143246	0.0833333	605	0.0108189370671418	3.18802934151441	0.675291650350661	2.86925989637831	196.363278960676	0.0128745534511486
SNP.42	3.826e-88	0.0871671	735924	8.53872754147812e-06	19.9030898757892	0.999620644963014	194.052836770814	0.00192376	0.0871671	605	0.0103865364086525	3.10175669782854	0.684170559052252	2.71488994534395	196.767726716158	0.019292193226127
SNP.43	5.443e-88	0.0869565	735611	8.56107436142317e-06	19.8854150973051	0.999619652525404	193.702453787676	0.00183239	0.0869565	605	0.0104092900364973	3.11613397801086	0.683697520519188	2.74392277464057	196.446376562316	0.0139901059817189
SNP.44	1.92e-87	0.0869565	735731	8.55967802373538e-06	19.8220816723764	0.999619714537661	192.445456811534	0.00183239	0.0869565	605	0.0104092900364973	3.11613397801086	0.683697520519188	2.74392277464057	195.189379586175	0.00398028485379835
SNP.45	5.054e-88	0.0869565	736020	8.55631704584231e-06	19.8891342741514	0.999619863800889	193.776153917762	0.00183239	0.0869565	605	0.0104092900364973	3.11613397801086	0.683697520519188	2.74392277464057	196.520076692403	0.0150601245752895
SNP.46	7.738e-89	0.0800971	736152	9.21814908643856e-06	19.9830311233394	0.999590472266723	195.678746850954	0.00281891	0.0800971	605	0.0112164609690577	2.98682503759366	0.667329825056334	2.42636412137802	198.105110972332	0.0734852550257116
SNP.47	2.342e-88	0.080292	732971	9.23763869746592e-06	19.9276732041653	0.999589606771862	194.575396213062	0.00483101	0.080292	605	0.0111916054111079	2.81809110480619	0.667822139237743	2.10075829963466	196.676154512697	0.0176040381235153
SNP.48	2.954e-88	0.0847458	732951	8.79498591659464e-06	19.9160490725105	0.999609264470972	194.323273087221	0.00235262	0.0847458	605	0.0106550309463702	3.04167981493365	0.678630040683564	2.57169901787778	196.894972105099	0.021910060326152
SNP.49	3.217e-88	0.0869565	732127	8.60181426457549e-06	19.9117769035556	0.999617843243416	194.228831353001	0.00183239	0.0869565	605	0.0104092900364973	3.11613397801086	0.683697520519188	2.74392277464057	196.972754127642	0.0236822999012591
SNP.5	2.659e-86	0.0869565	730670	8.6189668004446e-06	19.6893846434204	0.999617081491621	189.827866269991	0.00183239	0.0869565	605	0.0104092900364973	3.11613397801086	0.683697520519188	2.74392277464057	192.571789044632	0.000290475177599841
SNP.50	9.028e-89	0.0881642	724847	8.58054252932976e-06	19.9753329003993	0.999618787932313	195.494830414502	0.00656707	0.0881642	605	0.0102802983648878	2.71803596222016	0.686387895239557	1.95562142039673	197.450451834899	0.0381843458363982
SNP.51	4.933e-83	0.0871671	737350	8.52221404656505e-06	19.3043946099268	0.999621378339923	182.319790565062	0.00100159	0.0871671	605	0.0103865364086525	3.29007972507316	0.684170559052252	3.12666825367277	185.446458818735	2.33677784837634e-07
SNP.52	1.749e-83	0.0869565	736745	8.54789713141027e-06	19.3578912069531	0.999620237734994	183.354839662499	0.000958019	0.0869565	605	0.0104092900364973	3.3025737264503	0.683697520519188	3.15301395510927	186.507853617609	6.75422200416892e-07
SNP.53	7.946e-71	0.0978261	735612	7.70151561572184e-06	17.7934323969544	0.999657827539148	154.258853426714	0.00101559	0.0978261	605	0.00936417736382211	3.28617193157631	0.706122105180911	3.20038470682444	157.459238133539	1.63652227021776e-19
SNP.54	4.073e-83	0.0867971	737366	8.55488939299603e-06	19.314289187522	0.999619927203899	182.512418018474	0.000857494	0.0867971	605	0.0104265860696792	3.33353656461871	0.683338380492455	3.2218265085159	185.73424452699	3.11602671303401e-07
SNP.55	1.136e-88	0.0881642	727563	8.54851127772727e-06	19.9638556684312	0.999620210460331	195.264136312919	0.00656707	0.0881642	605	0.0102802983648878	2.71803596222016	0.686387895239557	1.95562142039673	197.219757733316	0.030317694991665
SNP.56	4.882e-79	0.0848101	733380	8.78379412651168e-06	18.8231233962619	0.999609761495474	173.161478270331	0.00387513	0.0848101	605	0.0106477007214895	2.88815164443529	0.678780111750356	2.26318028303234	175.424658553363	1.03801797254219e-11
SNP.57	4.594e-83	0.0883777	734971	8.44388219702201e-06	19.3080725268225	0.999624857131785	182.386803596311	0.000803213	0.0883777	605	0.0102578653590537	3.35168518329357	0.686857942463013	3.27746100132497	185.664264597636	2.90542236301389e-07
SNP.58	4.263e-83	0.081864	733675	9.06705616910598e-06	19.3119347226314	0.999597182053504	182.491782801433	0.00548232	0.081864	605	0.0109954916278824	2.77723692731881	0.671732191602482	2.03358753688807	184.525370338321	9.30237370936557e-08
SNP.59	1.461e-87	0.0833333	734889	8.90672867007235e-06	19.8358249315431	0.999604302031305	192.734700034265	0.00143246	0.0833333	605	0.0108189370671418	3.18802934151441	0.675291650350661	2.86925989637831	195.603959930644	0.00602509792592455
SNP.6	1.451e-82	0.0886699	736703	8.39896231410831e-06	19.2485747655748	0.999626852077388	181.237920355859	0.00149809	0.0886699	605	0.0102273400556868	3.17505326344389	0.687498585638655	2.88375083784417	184.121671193703	6.2125439170453e-08
SNP.60	3.438e-75	0.0881642	731422	8.50340912736709e-06	18.3477923837124	0.999622213482043	164.316562726034	0.00120762	0.0881642	605	0.0102802983648878	3.23707421809466	0.686387895239557	3.0164098894386	167.332972615473	3.1770958768898e-15
SNP.61	2.868e-87	0.0869565	733599	8.58455433020064e-06	19.8018779824954	0.999618609765999	192.046567785449	0.00183239	0.0869565	605	0.0104092900364973	3.11613397801086	0.683697520519188	2.74392277464057	194.790490560089	0.00267103052390265
SNP.62	2.081e-88	0.0845411	730556	8.84320610148187e-06	19.9335867896765	0.99960712303069	194.674879709753	0.00305669	0.0845411	605	0.0106784417796268	2.96197862824201	0.678151196775496	2.40798114581291	197.082860855566	0.0264388536512068
SNP.63	1.594e-86	0.0869565	732684	8.59527500543325e-06	19.7152899650868	0.999618133655147	190.336894934774	0.00183239	0.0869565	605	0.0104092900364973	3.11613397801086	0.683697520519188	2.74392277464057	193.080817709415	0.000483256123867409
SNP.64	2.715e-88	0.0821256	735457	9.01884463732684e-06	19.9202742195394	0.999599323066919	194.417987162173	0.00125395	0.0821256	605	0.0109635907775777	3.22631560947761	0.672372554085743	2.9414616732095	197.359448835382	0.0348628794557965
SNP.65	2.46e-88	0.0869565	736142	8.55489901687563e-06	19.9252124935529	0.999619926776496	194.494025928395	0.00183239	0.0869565	605	0.0104092900364973	3.11613397801086	0.683697520519188	2.74392277464057	197.237948703036	0.0308742500539356
SNP.66	3.866e-82	0.0869565	727536	8.65609464285047e-06	19.1977331232479	0.999615432631497	180.27391602845	0.000958019	0.0869565	605	0.0104092900364973	3.3025737264503	0.683697520519188	3.15301395510927	183.426929983559	3.10132441343834e-08
SNP.67	6.017e-83	0.0850515	731714	8.78112203802558e-06	19.2941293265946	0.999609880162306	182.134571266972	0.000978464	0.0850515	605	0.0106202808775733	3.29664698707377	0.679342064856563	3.12281430765136	185.257385574623	1.93421149723775e-07
SNP.68	1.221e-82	0.0811138	734511	9.13303713139547e-06	19.2575146976609	0.999594251936921	181.445810888238	0.00185006	0.0811138	605	0.011088126010609	3.11330295814919	0.669879587592749	2.69230706811275	184.138117956351	6.31556501181228e-08
SNP.69	9.904e-89	0.0823245	735960	8.99285425147329e-06	19.9707077894174	0.999600477271031	195.422294195613	0.00107474	0.0823245	605	0.0109394727519244	3.27019334186544	0.6728574988882	3.03914467689324	198.461438872507	0.104942509787056
SNP.7	2.331e-83	0.0845411	737380	8.76136764853154e-06	19.3430857885458	0.999610757451046	183.079011450086	0.00104074	0.0845411	605	0.0106784417796268	3.27927544559234	0.678151196775496	3.07946274384511	186.158474193931	4.76257442569638e-07
SNP.70	2.191e-88	0.0833333	735874	8.89480661855263e-06	19.9310090221621	0.999604831481289	194.62597181061	0.00143246	0.0833333	605	0.0108189370671418	3.18802934151441	0.675291650350661	2.86925989637831	197.495231706989	0.0399330982002337
SNP.71	3.073e-83	0.0849515	736947	8.72807730136533e-06	19.3288313302242	0.999612235872618	182.801868574619	0.000890585	0.0849515	605	0.0106316204677839	3.32298876901087	0.67910955402493	3.18112246462478	185.982991039244	3.99604536404761e-07
SNP.72	4.192e-88	0.0873786	709881	8.83260322299085e-06	19.8985107069855	0.999607593899751	193.976070795208	0.0101867	0.0873786	605	0.010363797038909	2.5694264953095	0.684643955577049	1.68296695277726	195.659037747985	0.00636625605198258
SNP.73	3.54e-88	0.0815085	732441	9.11841417944364e-06	19.9069832883586	0.999594901319027	194.158034019857	0.000880578	0.0815085	605	0.0110391742148858	3.32613964449504	0.670857304233024	3.15528397107244	197.31331799093	0.0332911565549431
SNP.74	3.639e-70	0.0978261	734127	7.71709432443211e-06	17.7079799432626	0.999657135626324	152.743432606378	0.00101559	0.0978261	605	0.00936417736382211	3.28617193157631	0.706122105180911	3.20038470682444	155.943817313203	3.59569643618672e-20
SNP.75	2.003e-88	0.0869565	735940	8.55724715612802e-06	19.9354983997802	0.999619822494078	194.699066226197	0.00183239	0.0869565	605	0.0104092900364973	3.11613397801086	0.683697520519188	2.74392277464057	197.442989000838	0.0379004430769293
SNP.76	6.017e-82	0.0835351	734531	8.89150018132867e-06	19.1747387038662	0.999604978317957	179.844398298825	0.00195702	0.0835351	605	0.0107951777184984	3.09667849635512	0.675773536643394	2.67698083686114	182.521379135686	1.25392471249126e-08
SNP.77	6.62e-65	0.0954106	731033	7.92473778012923e-06	17.01262840839	0.999647913440601	140.687993805486	0.00665535	0.0954106	605	0.00957561129524168	2.7136148193127	0.701467535346327	1.97826183824857	142.666255643735	6.15759687949135e-26
SNP.78	2.517e-82	0.0873786	735825	8.5211799117181e-06	19.2200144357431	0.999621424266676	180.695005613556	0.000959837	0.0873786	605	0.010363797038909	3.30204199060855	0.684643955577049	3.15547479669201	183.850480410248	4.73688467034427e-08
SNP.79	2.156e-81	0.0869565	734634	8.57245985358812e-06	19.1082446260757	0.999619146888641	178.556428450584	0.000958019	0.0869565	605	0.0104092900364973	3.3025737264503	0.683697520519188	3.15301395510927	181.709442405693	5.56739224416576e-09
SNP.8	6.555e-82	0.0869565	735690	8.5601550545486e-06	19.1702839813037	0.999619693352414	179.74274632408	0.000958019	0.0869565	605	0.0104092900364973	3.3025737264503	0.683697520519188	3.15301395510927	182.89576027919	1.82332096800322e-08
SNP.80	3.11e-88	0.0823245	729730	9.06962988353813e-06	19.9134713989261	0.999597067758345	194.284909851937	0.00352978	0.0823245	605	0.0109394727519244	2.91738657639817	0.6728574988882	2.30471396909431	196.589623821031	0.0161447936470249
SNP.81	6.564e-80	0.0924574	736044	8.09575825063904e-06	18.9291279440761	0.999640317939927	175.126358141579	0.00173824	0.0924574	605	0.00984931286914605	3.13165500702713	0.695532547816802	2.81603979616397	177.942397937743	1.28719752068959e-10
SNP.82	3.963e-78	0.090799	731522	8.27945294702004e-06	18.7118599343791	0.999632159669764	171.048523653999	0.00176319	0.090799	605	0.0100109123615041	3.12746802117748	0.692075317659865	2.79566376457489	173.844187418574	2.13705146182315e-12
SNP.83	1.224e-87	0.0811138	733630	9.14400479317697e-06	19.8447235326915	0.999593764881009	192.922246470858	0.00265287	0.0811138	605	0.011088126010609	3.00533670499124	0.669879587592749	2.47104363011245	195.39329010097	0.00488057920727121
SNP.84	2.769e-71	0.089372	737006	8.3359769318585e-06	17.8523955185547	0.999629649346784	155.344465867832	0.00133097	0.089372	605	0.0101548182060187	3.2092169981575	0.689025425223558	2.96413977035362	158.308605638186	3.82646319188431e-19
SNP.85	2.971e-70	0.114734	734129	6.70550830302091e-06	17.719393154652	0.999702066199758	152.882355098502	0.00577844	0.114734	605	0.00813670761155114	2.76009587891438	0.734413119232064	2.13452040791922	155.016875506421	1.42304065580209e-20
SNP.86	1.946e-70	0.115942	734426	6.64202360765233e-06	17.7431810182401	0.999704886068713	153.299707835135	0.00612869	0.115942	605	0.00806293360342756	2.74081555847625	0.736185874430479	2.09888463666412	155.398592471799	2.08446630688467e-20
SNP.87	2.07e-82	0.0869565	736814	8.54709665136772e-06	19.230157139472	0.99962027328487	180.891231167995	0.000958019	0.0869565	605	0.0104092900364973	3.3025737264503	0.683697520519188	3.15301395510927	184.044245123104	5.749681085849e-08
SNP.88	5.636e-82	0.0867971	734181	8.59200193434032e-06	19.1781406779236	0.999618279013916	179.894930926094	0.000815187	0.0867971	605	0.0104265860696792	3.34758596705604	0.683338380492455	3.25389755328038	183.148828479375	2.34838473780562e-08
SNP.89	1.906e-64	0.102657	732677	7.40816075822846e-06	16.9505690609604	0.999670856781673	139.604101941693	0.00560688	0.102657	605	0.0089715520658786	2.76992733414064	0.714931375259197	2.11514190237893	141.719243844071	2.38852204823299e-26
SNP.9	2.008e-82	0.0871671	734783	8.55198681411347e-06	19.231734172584	0.999620056109379	180.921793208696	0.00101875	0.0871671	605	0.0103865364086525	3.28529678778234	0.684170559052252	3.11590980383923	184.037703012535	5.71218880947704e-08
SNP.90	3.189e-88	0.0869565	736068	8.5557590767169e-06	19.9122148293561	0.999619888580667	194.235270249926	0.00183239	0.0869565	605	0.0104092900364973	3.11613397801086	0.683697520519188	2.74392277464057	196.979193024566	0.0238352797715276
SNP.91	6.514e-80	0.0917874	735932	8.1500772665195e-06	18.9295307741315	0.999637905503627	175.136890852345	0.0015476	0.0917874	605	0.00991388869901526	3.16560649369326	0.694146888974897	2.88572020323947	178.022611055585	1.39470163183762e-10
SNP.92	6.226e-87	0.0839416	730201	8.90486165190901e-06	19.7627949617636	0.999604384944241	191.289240596555	0.00886255	0.0839416	605	0.0107476675753481	2.61731120317623	0.676739201299128	1.75329141612497	193.04253201268	0.0004651040265269
SNP.93	6.081e-83	0.0881642	734621	8.46637995749793e-06	19.2935824082646	0.999623857982389	182.108381193466	0.000849793	0.0881642	605	0.0102802983648878	3.33604535063064	0.686387895239557	3.23967439907361	185.348055592539	2.11778295679272e-07
SNP.94	1.47e-82	0.0871671	734244	8.55826472839375e-06	19.2479006989948	0.999619777303027	181.233031171041	0.000911153	0.0871671	605	0.0103865364086525	3.31661432588383	0.684170559052252	3.18663785203204	184.419669023073	8.36928360392389e-08
SNP.95	6.771e-86	0.0809179	731440	9.19162687651176e-06	19.6419771666286	0.99959165006772	188.923168284502	0.00258654	0.0809179	605	0.0111126009298442	3.01302923375861	0.669391816686894	2.48507431025343	191.408242594755	9.07375864722303e-05
SNP.96	1.294e-82	0.0869565	732320	8.59954729091225e-06	19.2545071875955	0.999617943920818	181.362230960316	0.000958019	0.0869565	605	0.0104092900364973	3.3025737264503	0.683697520519188	3.15301395510927	184.515244915425	9.20865849538144e-08
SNP.97	6.636e-65	0.101695	719312	7.60902973333207e-06	17.0124869983332	0.999661935227181	140.667298261516	0.00818967	0.101695	605	0.00904672131494638	2.64414857220635	0.713227843089349	1.86874033254569	142.536038594062	5.4057842342883e-26
SNP.98	3.243e-87	0.0845411	727805	8.8766321702574e-06	19.7956870569849	0.999605638596927	191.938222578926	0.00305669	0.0845411	605	0.0106784417796268	2.96197862824201	0.678151196775496	2.40798114581291	194.346203724739	0.00171288233338396
SNP.99	3.501e-83	0.0859564	736718	8.63820672274921e-06	19.3221019720427	0.999616227039441	182.667443000556	0.000832819	0.0859564	605	0.0105188799675543	3.34165034485945	0.681428322890099	3.23267407206691	185.900117072623	3.67822848549937e-07
