snp	pvalues.df1	MAF.df1	N.df1	V.df1	z.df1	r.df1	lABF.df1	pvalues.df2	MAF.df2	N.df2	V.df2	z.df2	r.df2	lABF.df2	internal.sum.lABF	SNP.PP.H4
SNP.1	6.616e-71	0.100639	728804	7.57982001258543e-06	17.8036919255873	0.999663232561066	154.434291280529	4.08285e-05	0.100639	469	0.0117786847429687	4.10274055440515	0.656384577433802	4.9901740522869	159.424465332816	5.65022473769261e-20
SNP.10	2.194e-88	0.0830671	735313	8.92752665650921e-06	19.9309405416959	0.999603378408592	194.626154032643	2.73132e-06	0.0830671	469	0.0139968580135986	4.69005471695185	0.616491424867767	6.30116507264483	200.927319105287	0.0597758965826284
SNP.100	7.474e-82	0.086262	731674	8.66984178324406e-06	19.1634572043126	0.999614822117691	179.617417366261	2.5367e-05	0.086262	469	0.0135255816991755	4.21150939663844	0.62455618865177	5.04899443484514	184.666411801106	5.18207609390861e-09
SNP.101	1.184e-83	0.086262	734173	8.64033111666231e-06	19.3779818244649	0.999616132694398	183.748410710236	2.5367e-05	0.086262	469	0.0135255816991755	4.21150939663844	0.62455618865177	5.04899443484514	188.797405145081	3.22530953114929e-07
SNP.102	2.776e-83	0.0814696	737636	9.05813484910683e-06	19.3340752922684	0.999597578237399	182.919014845493	4.41025e-07	0.0814696	469	0.0142464954318886	5.05033973110671	0.612303288668842	7.33491687984172	190.253931725335	1.3839896952684e-06
SNP.103	5.031e-82	0.0849359	731727	8.79180634854572e-06	19.1840449118188	0.999609405674717	180.017994313437	5.9591e-06	0.0849359	469	0.0137168487931819	4.52783529385996	0.621257805406742	5.882844211871	185.900838525308	1.78077274680112e-08
SNP.104	3.172e-88	0.0830671	735651	8.92342484191248e-06	19.9124825880447	0.999603560566914	194.258392270595	2.73132e-06	0.0830671	469	0.0139968580135986	4.69005471695185	0.616491424867767	6.30116507264483	200.55955734324	0.0413817826125737
SNP.105	1.008e-70	0.107029	723129	7.2346146416077e-06	17.7801000294486	0.999678564925213	153.993813089292	0.000144491	0.107029	469	0.0111547114097466	3.80035147628816	0.668554239733695	4.2757090289056	158.269522118197	1.78024697794171e-20
SNP.106	1.594e-87	0.0830671	729804	8.99491700289086e-06	19.831443201382	0.999600385666439	192.651983014532	2.73132e-06	0.0830671	469	0.0139968580135986	4.69005471695185	0.616491424867767	6.30116507264483	198.953148087177	0.00830146075929305
SNP.107	4.51e-87	0.0822581	732417	9.04299632214434e-06	19.7790621941647	0.999598250519864	191.617225248189	6.34817e-06	0.0822581	469	0.0141220559430192	4.51444865260873	0.614383857504016	5.78419084597291	197.401416094162	0.00175891915055305
SNP.108	3.954e-88	0.0868167	734726	8.58387453582466e-06	19.9014405461686	0.999618639956042	194.022262462144	2.51455e-05	0.0868167	469	0.0134473258042821	4.21348975334342	0.625915822570583	5.06445977857874	199.086722240723	0.00948778942284639
SNP.109	3.903e-88	0.086262	735990	8.61900000939322e-06	19.9020912273706	0.999617080016798	194.036939347925	2.5367e-05	0.086262	469	0.0135255816991755	4.21150939663844	0.62455618865177	5.04899443484514	199.08593378277	0.00948031164816935
SNP.11	3.718e-88	0.086262	735692	8.62249122854852e-06	19.9045248898634	0.999616924970335	194.085530432285	2.5367e-05	0.086262	469	0.0135255816991755	4.21150939663844	0.62455618865177	5.04899443484514	199.13452486713	0.00995234572225201
SNP.110	5.041e-87	0.0830671	733189	8.95338911028092e-06	19.773448144598	0.999602229879128	191.502045689985	2.73132e-06	0.0830671	469	0.0139968580135986	4.69005471695185	0.616491424867767	6.30116507264483	197.80321076263	0.00262871246653156
SNP.111	1.91e-87	0.086262	733829	8.64438147976343e-06	19.8223444459667	0.999615952816471	192.454846162744	2.5367e-05	0.086262	469	0.0135255816991755	4.21150939663844	0.62455618865177	5.04899443484514	197.503840597589	0.00194862501787706
SNP.12	3.091e-71	0.0894569	736647	8.33290110962932e-06	17.8462515136282	0.999629785948776	155.23467744778	1.09018e-05	0.0894569	469	0.0130882870015034	4.39846739619869	0.632230486368998	5.61557900229666	160.850256450077	2.35114241768824e-19
SNP.13	4.79e-70	0.0878594	735072	8.48770162776287e-06	17.6925026076941	0.999622911066249	152.511790446261	5.09912e-06	0.0878594	469	0.0133029249699849	4.56066778325024	0.6284402746106	6.04065881563875	158.5524492619	2.36240283154344e-20
SNP.14	1.39e-70	0.0854839	735920	8.69087923695894e-06	17.7620748183853	0.999613887840764	153.755052081701	5.96793e-06	0.0854839	469	0.0136370828316905	4.52752231717724	0.622629117706994	5.89420511174044	159.649257193442	7.0744321694696e-20
SNP.15	5.094e-80	0.0894569	735495	8.34595286671576e-06	18.9424801916359	0.999629206300445	175.392321902813	4.73081e-05	0.0894569	469	0.0130882870015034	4.06854266208412	0.632230486368998	4.73251864387882	180.124840546691	5.52235664641627e-11
SNP.16	1.932e-81	0.0846645	734607	8.78280595851428e-06	19.1139690982308	0.999609805379783	178.676197289992	5.26111e-06	0.0846645	469	0.0137567393108023	4.55409690985704	0.620574282952586	5.95074462220536	184.626941912198	4.98152404523415e-09
SNP.17	5.827e-83	0.0798722	736607	9.23613694371117e-06	19.2957878431271	0.999589673461706	182.18804769087	9.41519e-07	0.0798722	469	0.0145061900334675	4.9034834056403	0.608006389732408	6.84124339886401	189.029291089734	4.06703758747081e-07
SNP.18	2.158e-83	0.0798722	737034	9.23078599589199e-06	19.3470615325201	0.999589911086538	183.178076749239	9.41519e-07	0.0798722	469	0.0145061900334675	4.9034834056403	0.608006389732408	6.84124339886401	190.019320148103	1.09456698144401e-06
SNP.19	3.906e-83	0.0846645	737411	8.7494094023093e-06	19.3164509204018	0.999611288515272	182.563782453087	5.26111e-06	0.0846645	469	0.0137567393108023	4.55409690985704	0.620574282952586	5.95074462220536	188.514527075292	2.43063090296546e-07
SNP.2	3.016e-87	0.086262	733073	8.65329621594754e-06	19.7993432546222	0.999615556910399	191.999785726092	2.5367e-05	0.086262	469	0.0135255816991755	4.21150939663844	0.62455618865177	5.04899443484514	197.048780160937	0.00123622646723846
SNP.20	2.611e-83	0.0830671	737365	8.90268240068047e-06	19.3372360409708	0.999604481723241	182.972744255015	1.21477e-06	0.0830671	469	0.0139968580135986	4.85321315550927	0.616491424867767	6.7811235857185	189.753867840733	8.39378557829112e-07
SNP.21	4.578e-82	0.0846645	735591	8.77105719994712e-06	19.1889495221296	0.999610327139689	180.111048537304	5.26111e-06	0.0846645	469	0.0137567393108023	4.55409690985704	0.620574282952586	5.95074462220536	186.061793159509	2.0917520823824e-08
SNP.22	1.545e-83	0.0830671	737057	8.90640263694362e-06	19.3642799007516	0.999604316510201	183.496034295303	1.21477e-06	0.0830671	469	0.0139968580135986	4.85321315550927	0.616491424867767	6.7811235857185	190.277157881021	1.41651066196532e-06
SNP.23	3.797e-83	0.086262	735481	8.6249649099206e-06	19.3179121742578	0.999616815113168	182.585870110522	2.5367e-05	0.086262	469	0.0135255816991755	4.21150939663844	0.62455618865177	5.04899443484514	187.634864545367	1.0085244525557e-07
SNP.24	6.247e-82	0.086262	732979	8.65440594739183e-06	19.1727875305049	0.99961550762692	179.795428655146	2.5367e-05	0.086262	469	0.0135255816991755	4.21150939663844	0.62455618865177	5.04899443484514	184.844423089991	6.19174563107432e-09
SNP.25	2.979e-83	0.0830671	734901	8.93253160409056e-06	19.3304342639978	0.999603156142942	182.842717119865	2.73132e-06	0.0830671	469	0.0139968580135986	4.69005471695185	0.616491424867767	6.30116507264483	189.14388219251	4.56083614442078e-07
SNP.26	9.996e-83	0.086262	732741	8.65721696604027e-06	19.2678733410812	0.999615382788827	181.622445805301	2.5367e-05	0.086262	469	0.0135255816991755	4.21150939663844	0.62455618865177	5.04899443484514	186.671440240146	3.84836780768058e-08
SNP.27	1.216e-82	0.0814696	731744	9.13107091763754e-06	19.2577272075661	0.999594339253307	181.44981024318	5.47058e-06	0.0814696	469	0.0142464954318886	4.54588153902698	0.612303288668842	5.85286970151576	187.302679944696	7.23469944132375e-08
SNP.28	3.986e-83	0.086262	733663	8.64633737412588e-06	19.3154040909974	0.999615865954597	182.538500810889	2.5367e-05	0.086262	469	0.0135255816991755	4.21150939663844	0.62455618865177	5.04899443484514	187.587495245734	9.61865188285059e-08
SNP.29	7.044e-84	0.086262	733699	8.64591312910787e-06	19.4046915491505	0.999615884795448	184.266425275509	2.5367e-05	0.086262	469	0.0135255816991755	4.21150939663844	0.62455618865177	5.04899443484514	189.315419710354	5.41429939367216e-07
SNP.3	2.293e-87	0.086262	734810	8.63284089344635e-06	19.8131458245361	0.99961646533779	192.272053126638	2.5367e-05	0.086262	469	0.0135255816991755	4.21150939663844	0.62455618865177	5.04899443484514	197.321047561483	0.0016230887483685
SNP.30	1.096e-86	0.0846645	733537	8.79561731278218e-06	19.7342318401416	0.999609236430846	190.720159764675	6.78463e-06	0.0846645	469	0.0137567393108023	4.50033547654732	0.620574282952586	5.7997032761905	196.519863040866	0.000728437425592787
SNP.31	1.358e-86	0.0836013	733144	8.9019105182092e-06	19.7233949322207	0.999604516001998	190.511529638949	0.000238033	0.0836013	469	0.0139155272600468	3.67480300738373	0.617868302148292	3.69090651614268	194.202436155092	7.17705942485771e-05
SNP.32	2.096e-87	0.0846645	733276	8.7987479977066e-06	19.8176677193084	0.999609097398035	192.369689317113	6.78463e-06	0.0846645	469	0.0137567393108023	4.50033547654732	0.620574282952586	5.7997032761905	198.169392593304	0.00379117501178399
SNP.33	4.4e-87	0.085209	733427	8.745925201534e-06	19.7803074099679	0.9996114432483	191.627731490143	1.38809e-05	0.085209	469	0.013676967340694	4.34573669304352	0.621942679387906	5.38647193439406	197.014203424537	0.00119421233213913
SNP.34	7.065e-88	0.086262	731634	8.67031578208956e-06	19.8723274549409	0.999614801067302	193.447764574386	2.5367e-05	0.086262	469	0.0135255816991755	4.21150939663844	0.62455618865177	5.04899443484514	198.496759009231	0.00525953393056334
SNP.35	1.161e-87	0.0846645	736648	8.75847180304067e-06	19.8473794427033	0.999610886055132	192.956776616348	6.78463e-06	0.0846645	469	0.0137567393108023	4.50033547654732	0.620574282952586	5.7997032761905	198.756479892538	0.00681934413794311
SNP.36	1.974e-88	0.086262	736039	8.61842622050369e-06	19.9362281245873	0.999617105499	194.716629066494	2.5367e-05	0.086262	469	0.0135255816991755	4.21150939663844	0.62455618865177	5.04899443484514	199.765623501339	0.0187071706686368
SNP.37	1.289e-88	0.0830671	735817	8.92141172109065e-06	19.9575413286095	0.999603649968033	195.156187738829	2.73132e-06	0.0830671	469	0.0139968580135986	4.69005471695185	0.616491424867767	6.30116507264483	201.457352811474	0.101558625077175
SNP.38	2.184e-88	0.0830671	735888	8.92055096479051e-06	19.9311691743431	0.99960368819355	194.630379964174	2.73132e-06	0.0830671	469	0.0139968580135986	4.69005471695185	0.616491424867767	6.30116507264483	200.931545036818	0.0600290399352994
SNP.39	2.184e-88	0.0830671	735892	8.92050247642012e-06	19.9311691743431	0.999603690346881	194.63037767516	2.73132e-06	0.0830671	469	0.0139968580135986	4.69005471695185	0.616491424867767	6.30116507264483	200.931542747805	0.0600289025281819
SNP.4	3.787e-82	0.0830671	735149	8.92951824511461e-06	19.1988056503982	0.999603289963751	180.307804238167	1.21477e-06	0.0830671	469	0.0139968580135986	4.85321315550927	0.616491424867767	6.7811235857185	187.088927823886	5.8423709327758e-08
SNP.40	4.678e-88	0.086262	733652	8.64646701285257e-06	19.8930111594816	0.999615860197301	193.857686308929	6.02631e-06	0.086262	469	0.0135255816991755	4.52546413903967	0.62455618865177	5.90557770558823	199.763264014517	0.0186630833781011
SNP.41	6.822e-88	0.0830671	734918	8.93232497826663e-06	19.8740842110623	0.999603165319025	193.495245494816	2.73132e-06	0.0830671	469	0.0139968580135986	4.69005471695185	0.616491424867767	6.30116507264483	199.796410567461	0.0192920669913963
SNP.42	3.826e-88	0.0868167	735924	8.56990097103548e-06	19.9030898757892	0.999619260530156	194.054383958756	2.85952e-05	0.0868167	469	0.0134473258042821	4.18437479287774	0.625915822570583	4.98794047571339	199.04232443447	0.00907576652097561
SNP.43	5.443e-88	0.086262	735611	8.62344067300967e-06	19.8854150973051	0.999616882805128	193.705534019035	2.5367e-05	0.086262	469	0.0135255816991755	4.21150939663844	0.62455618865177	5.04899443484514	198.75452845388	0.00680604958214404
SNP.44	1.92e-87	0.086262	735731	8.62203416318371e-06	19.8220816723764	0.999616945268791	192.448540614464	2.5367e-05	0.086262	469	0.0135255816991755	4.21150939663844	0.62455618865177	5.04899443484514	197.497535049309	0.00193637652605881
SNP.45	5.054e-88	0.086262	736020	8.61864870100448e-06	19.8891342741514	0.999617095618549	193.779234249217	2.5367e-05	0.086262	469	0.0135255816991755	4.21150939663844	0.62455618865177	5.04899443484514	198.828228684062	0.00732660388466062
SNP.46	7.738e-89	0.0801282	736152	9.21488280042491e-06	19.9830311233394	0.999590617316135	195.678598686746	4.17933e-06	0.0801282	469	0.0144638686637493	4.6022590149331	0.608702519876279	5.97725593184796	201.655854618594	0.123858282113296
SNP.47	2.342e-88	0.0774194	732971	9.55056562191666e-06	19.9276732041653	0.999575710514785	194.589287115402	0.000278059	0.0774194	469	0.014925986427424	3.63492733317723	0.601186559067232	3.51201706877996	198.101304184182	0.00354163183551967
SNP.48	2.954e-88	0.086262	732951	8.65473656071595e-06	19.9160490725105	0.999615492944291	194.316473948285	2.5367e-05	0.086262	469	0.0135255816991755	4.21150939663844	0.62455618865177	5.04899443484514	199.36546838313	0.0125378465046471
SNP.49	3.217e-88	0.086262	732127	8.66447736104981e-06	19.9117769035556	0.99961506035288	194.231907514013	2.5367e-05	0.086262	469	0.0135255816991755	4.21150939663844	0.62455618865177	5.04899443484514	199.280901948858	0.0115211601319271
SNP.5	2.659e-86	0.0833333	730670	8.958157479602e-06	19.6893846434204	0.999602018120211	189.844238588025	0.000240644	0.0833333	469	0.013956198135652	3.67201664983118	0.617179002491659	3.68083631061152	193.525074898636	3.6456274547243e-05
SNP.50	9.028e-89	0.0878594	724847	8.6074327560477e-06	19.9753329003993	0.999617593723567	195.496156044506	7.22328e-05	0.0878594	469	0.0133029249699849	3.96880882912236	0.6284402746106	4.45439791650819	199.950553961014	0.0225072474953875
SNP.51	4.933e-83	0.0849359	737350	8.72476040415314e-06	19.3043946099268	0.99961238317599	182.329854416012	6.01485e-06	0.0849359	469	0.0137168487931819	4.52586664998304	0.621257805406742	5.87730771299676	188.207162129009	1.78744264475513e-07
SNP.52	1.749e-83	0.0846645	736745	8.75731866082064e-06	19.3578912069531	0.999610937266023	183.365194670627	5.26111e-06	0.0846645	469	0.0137567393108023	4.55409690985704	0.620574282952586	5.95074462220536	189.315939292832	5.41711329973524e-07
SNP.53	7.946e-71	0.088141	735612	8.45698454045724e-06	17.7934323969544	0.999624275242578	154.300312976411	1.14497e-05	0.088141	469	0.0132645187884325	4.38781138820279	0.629115133160335	5.56021004553225	159.860523021943	8.7386263583445e-20
SNP.54	4.073e-83	0.0849359	737366	8.72457108681756e-06	19.314289187522	0.999612391583572	182.52082886338	4.5079e-06	0.0849359	469	0.0137168487931819	4.58647609072556	0.621257805406742	6.04886619136902	188.569695054749	2.56849168586988e-07
SNP.55	1.136e-88	0.0878594	727563	8.5753011229583e-06	19.9638556684312	0.999619020706187	195.265463106563	7.22328e-05	0.0878594	469	0.0133029249699849	3.96880882912236	0.6284402746106	4.45439791650819	199.719861023071	0.0178703770812625
SNP.56	4.882e-79	0.0889262	733380	8.41506839409135e-06	18.8231233962619	0.999626136786241	173.142945179574	4.12361e-05	0.0889262	469	0.0131587267779504	4.10044243758414	0.630981586642429	4.80609052661516	177.949035706189	6.26880001004934e-12
SNP.57	4.594e-83	0.0865385	734971	8.60597718002126e-06	19.3080725268225	0.999617658366371	182.394965541687	2.1027e-05	0.0865385	469	0.013486447023406	4.25369676768276	0.625235383347674	5.16575599593851	187.560721537626	9.36454181861693e-08
SNP.58	4.263e-83	0.0833333	733675	8.92146648805097e-06	19.3119347226314	0.999603647535874	182.484898035966	2.78164e-05	0.0833333	469	0.013956198135652	4.19064384482717	0.617179002491659	4.93919935636147	187.424097392328	8.16867130381293e-08
SNP.59	1.461e-87	0.0830671	734889	8.93267746336897e-06	19.8358249315431	0.999603149665452	192.735927331167	2.73132e-06	0.0830671	469	0.0139968580135986	4.69005471695185	0.616491424867767	6.30116507264483	199.037092403812	0.00902840583660931
SNP.6	1.451e-82	0.0819672	736703	9.0194336460723e-06	19.2485747655748	0.999599296909727	181.268438562621	0.000131575	0.0819672	469	0.0141676840626064	3.82349174289189	0.613619337441206	4.00981177469404	185.278250337315	9.5548062726476e-09
SNP.60	3.438e-75	0.086262	731422	8.6728288415078e-06	18.3477923837124	0.999614689461815	164.325156443904	5.98577e-06	0.086262	469	0.0135255816991755	4.52689133368716	0.62455618865177	5.90961217408313	170.234768617987	2.79847084482432e-15
SNP.61	2.868e-87	0.086262	733599	8.64709169030126e-06	19.8018779824954	0.999615832455186	192.049651116143	2.5367e-05	0.086262	469	0.0135255816991755	4.21150939663844	0.62455618865177	5.04899443484514	197.098645550988	0.00129943422503492
SNP.62	2.081e-88	0.0846645	730556	8.83150742279346e-06	19.9335867896765	0.99960764256377	194.674321299328	8.85625e-05	0.0846645	469	0.0137567393108023	3.91996317507143	0.620574282952586	4.28335852884014	198.957679828168	0.00833916620042194
SNP.63	1.594e-86	0.086262	732684	8.65789046425651e-06	19.7152899650868	0.999615352878595	190.339982341762	2.5367e-05	0.086262	469	0.0135255816991755	4.21150939663844	0.62455618865177	5.04899443484514	195.388976776607	0.000235101059663561
SNP.64	2.715e-88	0.0801282	735457	9.22359077865654e-06	19.9202742195394	0.999590230611844	194.427402682379	1.58499e-06	0.0801282	469	0.0144638686637493	4.80021042915471	0.608702519876279	6.5437242737129	200.971126956092	0.0624527557767066
SNP.65	2.46e-88	0.086262	736142	8.61722034188148e-06	19.9252124935529	0.999617159052574	194.497104362928	2.5367e-05	0.086262	469	0.0135255816991755	4.21150939663844	0.62455618865177	5.04899443484514	199.546098797773	0.0150199933712625
SNP.66	3.866e-82	0.0846645	727536	8.86816698660452e-06	19.1977331232479	0.99960601453077	180.284278016124	5.26111e-06	0.0846645	469	0.0137567393108023	4.55409690985704	0.620574282952586	5.95074462220536	186.23502263833	2.48738388741638e-08
SNP.67	6.017e-83	0.087931	731714	8.52037938016832e-06	19.2941293265946	0.999621459818924	182.121660737248	0.000660587	0.087931	469	0.0132931361999584	3.4054351534169	0.628612141565459	3.14974975381796	185.271410491065	9.48967586171322e-09
SNP.68	1.221e-82	0.0785256	734511	9.40756358568551e-06	19.2575146976609	0.999582060809059	181.458352093453	1.65536e-06	0.0785256	469	0.0147333879251289	4.79150366042863	0.60429633868517	6.47332612102391	187.931678214477	1.35703475706325e-07
SNP.69	9.904e-89	0.0803858	735960	9.19032324239301e-06	19.9707077894174	0.999591707959708	195.431401490164	7.71059e-06	0.0803858	469	0.0144215571289372	4.473066181348	0.609400083572468	5.62650052663352	201.057902016797	0.0681141806369822
SNP.7	2.331e-83	0.0830671	737380	8.90250129970674e-06	19.3430857885458	0.999604489765807	183.085825904798	1.21477e-06	0.0830671	469	0.0139968580135986	4.85321315550927	0.616491424867767	6.7811235857185	189.866949490517	9.39871774371986e-07
SNP.70	2.191e-88	0.0830671	735874	8.92072067823807e-06	19.9310090221621	0.999603680656708	194.627197233464	2.73132e-06	0.0830671	469	0.0139968580135986	4.69005471695185	0.616491424867767	6.30116507264483	200.928362306109	0.0598382873844607
SNP.71	3.073e-83	0.0819936	736947	9.01380347859397e-06	19.3288313302242	0.99959954693896	182.815597919754	1.42581e-05	0.0819936	469	0.0141635297060541	4.33984847008122	0.613688866849191	5.3036393361228	188.119237255876	1.63699302099157e-07
SNP.72	4.192e-88	0.0870968	709881	8.85844562042908e-06	19.8985107069855	0.999606446251291	193.977303777259	0.000218985	0.0870968	469	0.0134081923997352	3.69604404273758	0.626597957076946	3.78734659028517	197.764650367544	0.0025292777173822
SNP.73	3.54e-88	0.0833333	732441	8.93649717263342e-06	19.9069832883586	0.99960298003534	194.149562706001	2.82042e-06	0.0833333	469	0.013956198135652	4.68348216875334	0.617179002491659	6.28881843797555	200.438381143976	0.036659204809239
SNP.74	3.639e-70	0.0894569	734127	8.36150503074415e-06	17.7079799432626	0.999628515606128	152.779031328922	5.56434e-06	0.0894569	469	0.0130882870015034	4.54230143325807	0.632230486368998	6.02209905606847	158.801130384991	3.0293872553851e-20
SNP.75	2.003e-88	0.086262	735940	8.61958558702247e-06	19.9354983997802	0.999617054011054	194.702143942119	2.5367e-05	0.086262	469	0.0135255816991755	4.21150939663844	0.62455618865177	5.04899443484514	199.751138376964	0.0184381480913501
SNP.76	6.017e-82	0.0830671	734531	8.93703112377525e-06	19.1747387038662	0.999602956323019	179.846579403563	1.21477e-06	0.0830671	469	0.0139968580135986	4.85321315550927	0.616491424867767	6.7811235857185	186.627702989282	3.68367855958437e-08
SNP.77	6.62e-65	0.0910543	731033	8.26408209434657e-06	17.01262840839	0.999632842316751	140.706769970205	8.90871e-06	0.0910543	469	0.0128812723361971	4.44209526251388	0.635929646232116	5.76894468926485	146.47571465947	1.34429553840494e-25
SNP.78	2.517e-82	0.0849359	735825	8.74284250195674e-06	19.2200144357431	0.999611580150738	180.706022710972	6.31218e-06	0.0849359	469	0.0137168487931819	4.51565351321987	0.621257805406742	5.84862353127414	186.554646242246	3.42415633030438e-08
SNP.79	2.156e-81	0.0846645	734634	8.78248316408756e-06	19.1082446260757	0.999609819715009	178.566823225999	5.26111e-06	0.0846645	469	0.0137567393108023	4.55409690985704	0.620574282952586	5.95074462220536	184.517567848204	4.46541347401491e-09
SNP.8	6.555e-82	0.0817308	735690	9.05564489357796e-06	19.1702839813037	0.999597688813052	179.766826988015	5.55111e-05	0.0817308	469	0.0142050050996938	4.03112250057075	0.612995419531701	4.50591265909655	184.272739647111	3.49569989707592e-09
SNP.80	3.11e-88	0.0801282	729730	9.29597851712058e-06	19.9134713989261	0.999587016025468	194.295237051311	2.83597e-06	0.0801282	469	0.0144638686637493	4.68235556802901	0.608702519876279	6.20359150176482	200.498828553076	0.0389435032142715
SNP.81	6.564e-80	0.0892857	736044	8.3541479792393e-06	18.9291279440761	0.999628842343411	175.140005444247	5.66096e-05	0.0892857	469	0.0131109179002798	4.02651512352467	0.631828701046295	4.62226029531855	179.762265739565	3.84290999480702e-11
SNP.82	3.963e-78	0.0894569	731522	8.39128092347887e-06	18.7118599343791	0.999627193217909	171.054359850994	4.73081e-05	0.0894569	469	0.0130882870015034	4.06854266208412	0.632230486368998	4.73251864387882	175.786878494873	7.21392244679538e-13
SNP.83	1.224e-87	0.0801282	733630	9.24656080489947e-06	19.8447235326915	0.999589210559317	192.926924030519	7.1246e-06	0.0801282	469	0.0144638686637493	4.48993174396492	0.608702519876279	5.66642169330962	198.593345723829	0.00579287741533543
SNP.84	2.769e-71	0.0846645	737006	8.75421738325916e-06	17.8523955185547	0.999611074993369	155.365974105972	5.73089e-06	0.0846645	469	0.0137567393108023	4.5360820202582	0.620574282952586	5.89993244367135	161.265906549644	3.56281671743899e-19
SNP.85	2.971e-70	0.103834	734129	7.31930047687718e-06	17.719393154652	0.99967480354372	152.921854259261	3.37106e-05	0.103834	469	0.0114569525368643	4.14683283418948	0.662603629568159	5.15389130661122	158.075745565872	1.46664217610528e-20
SNP.86	1.946e-70	0.105431	734426	7.21838083090482e-06	17.7431810182401	0.999679285964673	153.337272307144	8.25495e-05	0.105431	469	0.0113035534330876	3.93687522851311	0.665610496971496	4.61041968063757	157.947691987781	1.29036093771437e-20
SNP.87	2.07e-82	0.0846645	736814	8.75649856919969e-06	19.230157139472	0.999610973686185	180.901609258518	5.26111e-06	0.0846645	469	0.0137567393108023	4.55409690985704	0.620574282952586	5.95074462220536	186.852353880723	4.61154412873994e-08
SNP.88	5.636e-82	0.0841424	734181	8.83738986091103e-06	19.1781406779236	0.999607381327261	179.907001287455	1.67633e-06	0.0841424	469	0.0138342083698796	4.7889778272058	0.619251141264773	6.61824075414666	186.525242041601	3.32493762258603e-08
SNP.89	1.906e-64	0.0958466	732677	7.87478335161481e-06	16.9505690609604	0.999650132079221	139.631655984351	8.34294e-06	0.0958466	469	0.0123020738629234	4.45618922088372	0.646513195984292	5.89915289035928	145.53080887471	5.22549442834593e-26
SNP.9	2.008e-82	0.0846645	734783	8.78070224374584e-06	19.231734172584	0.999609898805275	180.933106117264	5.26111e-06	0.0846645	469	0.0137567393108023	4.55409690985704	0.620574282952586	5.95074462220536	186.883850739469	4.75910493489987e-08
SNP.90	3.189e-88	0.086262	736068	8.61808666714667e-06	19.9122148293561	0.999617120578706	194.238349345753	2.5367e-05	0.086262	469	0.0135255816991755	4.21150939663844	0.62455618865177	5.04899443484514	199.287343780598	0.0115956170689992
SNP.91	6.514e-80	0.0894569	735932	8.34099699932209e-06	18.9295307741315	0.999629426397955	175.146945137289	4.73081e-05	0.0894569	469	0.0130882870015034	4.06854266208412	0.632230486368998	4.73251864387882	179.879463781168	4.32074539433255e-11
SNP.92	6.226e-87	0.0854839	730201	8.75894698591597e-06	19.7627949617636	0.999610864952326	191.282248434947	7.29739e-05	0.0854839	469	0.0136370828316905	3.96637538814307	0.622629117706994	4.41037886753198	195.692627302479	0.000318513859410093
SNP.93	6.081e-83	0.086262	734621	8.6350619120789e-06	19.2935824082646	0.999616366701565	182.116847090505	2.5367e-05	0.086262	469	0.0135255816991755	4.21150939663844	0.62455618865177	5.04899443484514	187.165841525351	6.30946191247486e-08
SNP.94	1.47e-82	0.0849359	734244	8.76166789786817e-06	19.2479006989948	0.999610744117018	181.243097755323	5.33573e-06	0.0849359	469	0.0137168487931819	4.55113498856705	0.621257805406742	5.94855379131941	187.191651546642	6.47442900310106e-08
SNP.95	6.771e-86	0.0798722	731440	9.30138237681321e-06	19.6419771666286	0.999586776052317	188.92816067334	6.77592e-06	0.0798722	469	0.0145061900334675	4.50060852026188	0.608006389732408	5.68947486771468	194.617635541055	0.000108708960852255
SNP.96	1.294e-82	0.0846645	732320	8.81023423744579e-06	19.2545071875955	0.999608587297784	181.372594094471	5.26111e-06	0.0846645	469	0.0137567393108023	4.55409690985704	0.620574282952586	5.95074462220536	187.323338716677	7.38571396387123e-08
SNP.97	6.636e-65	0.0977564	719312	7.88104285231796e-06	17.0124869983332	0.999649854073899	140.683106212664	6.81799e-06	0.0977564	469	0.0120872680089265	4.49929278946295	0.650528396582033	6.05886342077225	146.741969633436	1.75439678667709e-25
SNP.98	3.243e-87	0.0846645	727805	8.86488927221756e-06	19.7956870569849	0.99960616009222	191.937663130777	8.85625e-05	0.0846645	469	0.0137567393108023	3.91996317507143	0.620574282952586	4.28335852884014	196.221021659617	0.000540265316546778
SNP.99	3.501e-83	0.0846645	736718	8.75763960805397e-06	19.3221019720427	0.999610923012799	182.673315940986	5.26111e-06	0.0846645	469	0.0137567393108023	4.55409690985704	0.620574282952586	5.95074462220536	188.624060563192	2.71199450095154e-07
