snp	pvalues.df1	MAF.df1	N.df1	V.df1	z.df1	r.df1	lABF.df1	pvalues.df2	MAF.df2	N.df2	V.df2	z.df2	r.df2	lABF.df2	internal.sum.lABF	SNP.PP.H4
SNP.1	6.616e-71	0.109903	728804	7.01313779484787e-06	17.8036919255873	0.999688402110404	154.399440765371	0.00846522	0.109903	605	0.00844826921890299	2.63292836324535	0.727019654664796	1.87078571231737	156.270226477688	3.39128696729253e-20
SNP.10	2.194e-88	0.0833333	735313	8.90159282594051e-06	19.9309405416959	0.999604530110489	194.62492878291	0.00131777	0.0833333	605	0.0108189370671418	3.21208146996563	0.675291650350661	2.92123584114157	197.546164624052	0.0285941185388537
SNP.100	7.474e-82	0.0881642	731674	8.50048041990981e-06	19.1634572043126	0.999622343548505	179.608938276374	0.00138774	0.0881642	605	0.0102802983648878	3.19718893057261	0.686387895239557	2.9283351907513	182.537273467125	8.66958091471311e-09
SNP.101	1.184e-83	0.0871671	734173	8.55909237636734e-06	19.3779818244649	0.999619740546641	183.74436652424	0.00128424	0.0871671	605	0.0103865364086525	3.21947847919539	0.684170559052252	2.96945170224655	186.713818226486	5.6473986634909e-07
SNP.102	2.776e-83	0.0833333	737636	8.87355948682114e-06	19.3340752922684	0.999605775052964	182.910257346132	0.00275625	0.0833333	605	0.0108189370671418	2.99369092404	0.675291650350661	2.46363052480997	185.373887870942	1.47884986888932e-07
SNP.103	5.031e-82	0.0871671	731727	8.58770351132969e-06	19.1840449118188	0.999618469909154	180.00792237385	0.00223532	0.0871671	605	0.0103865364086525	3.05704327759812	0.684170559052252	2.62068615507739	182.628608528928	9.49870538468008e-09
SNP.104	3.172e-88	0.0833333	735651	8.89750292682372e-06	19.9124825880447	0.999604711740072	194.257166492277	0.00131777	0.0833333	605	0.0108189370671418	3.21208146996563	0.675291650350661	2.92123584114157	197.178402333418	0.0197951856778063
SNP.105	1.008e-70	0.118357	723129	6.62624536568884e-06	17.7801000294486	0.999705586910564	153.954178480177	0.0080516	0.118357	605	0.0079200498926367	2.64989831520673	0.739643757305152	1.92402262798978	155.878201108167	2.29144842173342e-20
SNP.106	1.594e-87	0.0833333	729804	8.96878740815451e-06	19.831443201382	0.999601546055136	192.650757199135	0.00131777	0.0833333	605	0.0108189370671418	3.21208146996563	0.675291650350661	2.92123584114157	195.571993040277	0.00397104572735599
SNP.107	4.51e-87	0.0806846	732417	9.20357175600302e-06	19.7790621941647	0.999591119617953	191.624627372589	0.000406275	0.0806846	605	0.0111419048178785	3.53597378975768	0.668808740819061	3.62856521825905	195.253192590848	0.00288703209582012
SNP.108	3.954e-88	0.086165	734726	8.64262989992758e-06	19.9014405461686	0.999616030604687	194.025155184496	0.0016728	0.086165	605	0.0104958097452135	3.14290521233178	0.68190476832483	2.79517535480121	196.820330539297	0.0138372878505278
SNP.109	3.903e-88	0.0869565	735990	8.55666581350407e-06	19.9020912273706	0.999619848311887	194.033859752456	0.000971343	0.0869565	605	0.0104092900364973	3.29869814542863	0.683697520519188	3.14426817710803	197.178127929564	0.0197897545477606
SNP.11	3.718e-88	0.0869565	735692	8.56013178351927e-06	19.9045248898634	0.999619694385896	194.082451193427	0.000971343	0.0869565	605	0.0104092900364973	3.29869814542863	0.683697520519188	3.14426817710803	197.226719370535	0.0207751133679269
SNP.110	5.041e-87	0.0823245	733189	9.0268416669021e-06	19.773448144598	0.999598967928272	191.50549157153	0.00121398	0.0823245	605	0.0109394727519244	3.23557497255668	0.6728574988882	2.96337450004453	194.468866071574	0.00131771937841862
SNP.111	1.91e-87	0.0869565	733829	8.5818637204047e-06	19.8223444459667	0.999618729257473	192.451763786884	0.000971343	0.0869565	605	0.0104092900364973	3.29869814542863	0.683697520519188	3.14426817710803	195.596031963992	0.00406766201586821
SNP.12	3.091e-71	0.0966184	736647	7.77641622768545e-06	17.8462515136282	0.999654500911868	155.204067490302	0.0051175	0.0966184	605	0.00946855154524927	2.7995430008896	0.70381668584993	2.14967252405558	157.353740014358	1.00214021639429e-19
SNP.13	4.79e-70	0.0956416	735072	7.86416676646838e-06	17.6925026076941	0.99965060359756	152.477987690241	0.00503679	0.0956416	605	0.00955492362539082	2.80467139939879	0.701920249848222	2.15551899241945	154.633506682661	6.60003388879277e-21
SNP.14	1.39e-70	0.0910194	735920	8.21203545650667e-06	17.7620748183853	0.999635153807705	153.730080684785	0.00271908	0.0910194	605	0.00998909278207006	2.99783145867873	0.692540113413607	2.52222140797796	156.252302092763	3.33104177627123e-20
SNP.15	5.094e-80	0.0917874	735495	8.1549196974884e-06	18.9424801916359	0.99963769044035	175.382270602737	0.00275971	0.0917874	605	0.00991388869901526	2.99330809843158	0.694146888974897	2.51741589410231	177.899686496839	8.3930473603379e-11
SNP.16	1.932e-81	0.0869565	734607	8.57277492874538e-06	19.1139690982308	0.999619132895965	178.665803597725	0.00202201	0.0869565	605	0.0104092900364973	3.08698029493375	0.683697520519188	2.6821016047431	181.347905202469	2.63913757476931e-09
SNP.17	5.827e-83	0.0821256	736607	9.00476430502898e-06	19.2957878431271	0.999599948358476	182.17728068632	0.0017211	0.0821256	605	0.0109635907775777	3.13456349885535	0.672372554085743	2.74525526535058	184.922535951671	9.41682368946363e-08
SNP.18	2.158e-83	0.0821256	737034	8.99954740274463e-06	19.3470615325201	0.999600180035377	183.167318807674	0.0017211	0.0821256	605	0.0109635907775777	3.13456349885535	0.672372554085743	2.74525526535058	185.912574073025	2.53438466564523e-07
SNP.19	3.906e-83	0.0869565	737411	8.5401770140137e-06	19.3164509204018	0.999620580590885	182.553418422054	0.00202201	0.0869565	605	0.0104092900364973	3.08698029493375	0.683697520519188	2.6821016047431	185.235520026797	1.28775040749725e-07
SNP.2	3.016e-87	0.0869565	733073	8.59071398357443e-06	19.7993432546222	0.999618336212483	191.996702647306	0.000971343	0.0869565	605	0.0104092900364973	3.29869814542863	0.683697520519188	3.14426817710803	195.140970824414	0.00258056212096571
SNP.20	2.611e-83	0.0845411	737365	8.76154587846478e-06	19.3372360409708	0.999610749535882	182.965929115091	0.00160625	0.0845411	605	0.0106784417796268	3.1547694132936	0.678151196775496	2.80783694609837	185.773766061189	2.20591604005815e-07
SNP.21	4.578e-82	0.0869565	735591	8.5613071286637e-06	19.1889495221296	0.999619642188061	180.100665937545	0.00202201	0.0869565	605	0.0104092900364973	3.08698029493375	0.683697520519188	2.6821016047431	182.782767542288	1.10819152999169e-08
SNP.22	1.545e-83	0.0835351	737057	8.86102773556391e-06	19.3642799007516	0.999606331580943	183.493859273963	0.00155962	0.0835351	605	0.0107951777184984	3.16335504164373	0.675773536643394	2.81801389873208	186.311873172695	3.77820856164576e-07
SNP.23	3.797e-83	0.0871671	735481	8.54387064687564e-06	19.3179121742578	0.999620416553999	182.581820531873	0.000629976	0.0871671	605	0.0103865364086525	3.41836915307458	0.684170559052252	3.42107473691947	186.002895268792	2.77394936388655e-07
SNP.24	6.247e-82	0.0881642	732979	8.48534611599662e-06	19.1727875305049	0.999623015676732	179.786948444332	0.00138774	0.0881642	605	0.0102802983648878	3.19718893057261	0.686387895239557	2.9283351907513	182.715283635083	1.03587401280932e-08
SNP.25	2.979e-83	0.0845411	734901	8.79092187474801e-06	19.3304342639978	0.999609444953962	182.83590508939	0.00188317	0.0845411	605	0.0106784417796268	3.10806444322154	0.678151196775496	2.7086554795606	185.544560568951	1.75406748488394e-07
SNP.26	9.996e-83	0.0881642	732741	8.48810222269136e-06	19.2678733410812	0.999622893275455	181.613979769609	0.00138774	0.0881642	605	0.0102802983648878	3.19718893057261	0.686387895239557	2.9283351907513	184.54231496036	6.43837933546368e-08
SNP.27	1.216e-82	0.0833333	731744	8.94500935521275e-06	19.2577272075661	0.999602602016598	181.441052929918	0.00115557	0.0833333	605	0.0108189370671418	3.24962568877096	0.675291650350661	3.00314863304773	184.444201562966	5.83668766374907e-08
SNP.28	3.986e-83	0.0883777	733663	8.45893624488009e-06	19.3154040909974	0.999624188565337	182.529101303713	0.0015528	0.0883777	605	0.0102578653590537	3.16463051847097	0.686857942463013	2.85885293861225	185.387954242326	1.49979891346735e-07
SNP.29	7.044e-84	0.0881642	733699	8.47701920100353e-06	19.4046915491505	0.999623385482999	184.25797725944	0.00138774	0.0881642	605	0.0102802983648878	3.19718893057261	0.686387895239557	2.9283351907513	187.186312450191	9.05837051750326e-07
SNP.3	2.293e-87	0.0869565	734810	8.57040659773392e-06	19.8131458245361	0.999619238074968	192.268969515802	0.000971343	0.0869565	605	0.0104092900364973	3.29869814542863	0.683697520519188	3.14426817710803	195.41323769291	0.00338811635693522
SNP.30	1.096e-86	0.0845411	733537	8.8072684495454e-06	19.7342318401416	0.999608719007431	190.720720641178	0.000747314	0.0845411	605	0.0106784417796268	3.37160553733459	0.678151196775496	3.28768108403241	194.00840172521	0.000831468513928264
SNP.31	1.358e-86	0.0859564	733144	8.68031707327667e-06	19.7233949322207	0.999614356908046	190.500844747369	0.000896784	0.0859564	605	0.0105188799675543	3.32105332953136	0.681428322890099	3.18591725109867	193.686761998467	0.000602780854067162
SNP.32	2.096e-87	0.0835351	733276	8.90671796116541e-06	19.8176677193084	0.99960430250688	192.37484353642	0.000612605	0.0835351	605	0.0107951777184984	3.4259713482307	0.675773536643394	3.40271497640462	195.777558512825	0.00487731537276153
SNP.33	4.4e-87	0.0841463	733427	8.84610279834842e-06	19.7803074099679	0.999606994389764	191.632553483207	0.00150855	0.0841463	605	0.0107239184084038	3.17303372490014	0.677222948943577	2.84379203372859	194.476345516936	0.00132761213857279
SNP.34	7.065e-88	0.0869565	731634	8.60761046107871e-06	19.8723274549409	0.999617585831605	193.444686600477	0.000971343	0.0869565	605	0.0104092900364973	3.29869814542863	0.683697520519188	3.14426817710803	196.588954777585	0.0109790751785657
SNP.35	1.161e-87	0.0845411	736648	8.77007373491028e-06	19.8473794427033	0.99961037081519	192.95733676534	0.000747314	0.0845411	605	0.0106784417796268	3.37160553733459	0.678151196775496	3.28768108403241	196.245017849373	0.00778387492473667
SNP.36	1.974e-88	0.0869565	736039	8.55609617436149e-06	19.9362281245873	0.999619873609937	194.713551316718	0.000971343	0.0869565	605	0.0104092900364973	3.29869814542863	0.683697520519188	3.14426817710803	197.857819493826	0.0390505093977445
SNP.37	1.289e-88	0.0833333	735817	8.89549565397483e-06	19.9575413286095	0.999604800881692	195.154962942739	0.00131777	0.0833333	605	0.0108189370671418	3.21208146996563	0.675291650350661	2.92123584114157	198.076198783881	0.0485811313169257
SNP.38	2.184e-88	0.0833333	735888	8.89463739811058e-06	19.9311691743431	0.999604838996255	194.629154540637	0.00131777	0.0833333	605	0.0108189370671418	3.21208146996563	0.675291650350661	2.92123584114157	197.550390381778	0.0287152060191915
SNP.39	2.184e-88	0.0833333	735892	8.89458905059546e-06	19.9311691743431	0.999604841143335	194.629152250379	0.00131777	0.0833333	605	0.0108189370671418	3.21208146996563	0.675291650350661	2.92123584114157	197.55038809152	0.0287151402540395
SNP.4	3.787e-82	0.0845411	735149	8.78795628732976e-06	19.1988056503982	0.999609576654932	180.30097586894	0.00160625	0.0845411	605	0.0106784417796268	3.1547694132936	0.678151196775496	2.80783694609837	183.108812815039	1.5353750863851e-08
SNP.40	4.678e-88	0.0857488	733652	8.69333285426008e-06	19.8930111594816	0.999613778875313	193.859976241918	0.00266215	0.0857488	605	0.010541952124287	3.00427452262107	0.680952502908015	2.50181707795762	196.361793319875	0.0087480406274865
SNP.41	6.822e-88	0.0833333	734918	8.90637720891419e-06	19.8740842110623	0.999604317639442	193.494019064298	0.00131777	0.0833333	605	0.0108189370671418	3.21208146996563	0.675291650350661	2.92123584114157	196.415254905439	0.00922845211164252
SNP.42	3.826e-88	0.0871671	735924	8.53872754147812e-06	19.9030898757892	0.999620644963014	194.052836770814	0.00103091	0.0871671	605	0.0103865364086525	3.28195241671021	0.684170559052252	3.10839647597193	197.161233246786	0.0194582213820164
SNP.43	5.443e-88	0.0869565	735611	8.56107436142317e-06	19.8854150973051	0.999619652525404	193.702453787676	0.000971343	0.0869565	605	0.0104092900364973	3.29869814542863	0.683697520519188	3.14426817710803	196.846721964784	0.0142073351616477
SNP.44	1.92e-87	0.0869565	735731	8.55967802373538e-06	19.8220816723764	0.999619714537661	192.445456811534	0.000971343	0.0869565	605	0.0104092900364973	3.29869814542863	0.683697520519188	3.14426817710803	195.589724988643	0.00404208810359527
SNP.45	5.054e-88	0.0869565	736020	8.55631704584231e-06	19.8891342741514	0.999619863800889	193.776153917762	0.000971343	0.0869565	605	0.0104092900364973	3.29869814542863	0.683697520519188	3.14426817710803	196.92042209487	0.0152939683013763
SNP.46	7.738e-89	0.0800971	736152	9.21814908643856e-06	19.9830311233394	0.999590472266723	195.678746850954	0.00286978	0.0800971	605	0.0112164609690577	2.98135277118958	0.667329825056334	2.41546680587541	198.09421365683	0.0494642449317238
SNP.47	2.342e-88	0.080292	732971	9.23763869746592e-06	19.9276732041653	0.999589606771862	194.575396213062	0.00113768	0.080292	605	0.0111916054111079	3.25406061984725	0.667822139237743	2.9847120728801	197.560108285942	0.0289956179406375
SNP.48	2.954e-88	0.0847458	732951	8.79498591659464e-06	19.9160490725105	0.999609264470972	194.323273087221	0.00139649	0.0847458	605	0.0106550309463702	3.19537553957041	0.678630040683564	2.89696936277454	197.220242449996	0.0206409894333552
SNP.49	3.217e-88	0.0869565	732127	8.60181426457549e-06	19.9117769035556	0.999617843243416	194.228831353001	0.000971343	0.0869565	605	0.0104092900364973	3.29869814542863	0.683697520519188	3.14426817710803	197.373099530109	0.0240500231045787
SNP.5	2.659e-86	0.0869565	730670	8.6189668004446e-06	19.6893846434204	0.999617081491621	189.827866269991	0.000971343	0.0869565	605	0.0104092900364973	3.29869814542863	0.683697520519188	3.14426817710803	192.9721344471	0.000294985485434687
SNP.50	9.028e-89	0.0881642	724847	8.58054252932976e-06	19.9753329003993	0.999618787932313	195.494830414502	0.000775518	0.0881642	605	0.0102802983648878	3.36138800408352	0.686387895239557	3.29792495920374	198.792755373706	0.0994636052467049
SNP.51	4.933e-83	0.0871671	737350	8.52221404656505e-06	19.3043946099268	0.999621378339923	182.319790565062	0.00211861	0.0871671	605	0.0103865364086525	3.07308096213558	0.684170559052252	2.65431758472978	184.974108149792	9.91521099266742e-08
SNP.52	1.749e-83	0.0869565	736745	8.54789713141027e-06	19.3578912069531	0.999620237734994	183.354839662499	0.00202201	0.0869565	605	0.0104092900364973	3.08698029493375	0.683697520519188	2.6821016047431	186.036941267242	2.87001732503251e-07
SNP.53	7.946e-71	0.0978261	735612	7.70151561572184e-06	17.7934323969544	0.999657827539148	154.258853426714	0.00485461	0.0978261	605	0.00936417736382211	2.81652608897021	0.706122105180911	2.18847403940994	156.447327466124	4.04835438621342e-20
SNP.54	4.073e-83	0.0867971	737366	8.55488939299603e-06	19.314289187522	0.999619927203899	182.512418018474	0.00370718	0.0867971	605	0.0104265860696792	2.90205960227714	0.683338380492455	2.3025600538535	184.814978072328	8.45653879848742e-08
SNP.55	1.136e-88	0.0881642	727563	8.54851127772727e-06	19.9638556684312	0.999620210460331	195.264136312919	0.000775518	0.0881642	605	0.0102802983648878	3.36138800408352	0.686387895239557	3.29792495920374	198.562061272123	0.0789723427385921
SNP.56	4.882e-79	0.0848101	733380	8.78379412651168e-06	18.8231233962619	0.999609761495474	173.161478270331	0.00151207	0.0848101	605	0.0106477007214895	3.17235700996298	0.678780111750356	2.84775558385452	176.009233854185	1.26737904670727e-11
SNP.57	4.594e-83	0.0883777	734971	8.44388219702201e-06	19.3080725268225	0.999624857131785	182.386803596311	0.00140271	0.0883777	605	0.0102578653590537	3.19409283779244	0.686857942463013	2.92319186239098	185.309995458702	1.38731782096126e-07
SNP.58	4.263e-83	0.081864	733675	9.06705616910598e-06	19.3119347226314	0.999597182053504	182.491782801433	0.00458452	0.081864	605	0.0109954916278824	2.83486398369065	0.671732191602482	2.14220960655361	184.633992407987	7.05653614501336e-08
SNP.59	1.461e-87	0.0833333	734889	8.90672867007235e-06	19.8358249315431	0.999604302031305	192.734700034265	0.00131777	0.0833333	605	0.0108189370671418	3.21208146996563	0.675291650350661	2.92123584114157	195.655935875407	0.0043187771823178
SNP.6	1.451e-82	0.0886699	736703	8.39896231410831e-06	19.2485747655748	0.999626852077388	181.237920355859	0.00240925	0.0886699	605	0.0102273400556868	3.03451221377012	0.687498585638655	2.58376122524862	183.821681581108	3.1319113502477e-08
SNP.60	3.438e-75	0.0881642	731422	8.50340912736709e-06	18.3477923837124	0.999622213482043	164.316562726034	0.0037261	0.0881642	605	0.0102802983648878	2.90046453542798	0.686387895239557	2.30738664693223	166.623949372966	1.063969703145e-15
SNP.61	2.868e-87	0.0869565	733599	8.58455433020064e-06	19.8018779824954	0.999618609765999	192.046567785449	0.000971343	0.0869565	605	0.0104092900364973	3.29869814542863	0.683697520519188	3.14426817710803	195.190835962557	0.00271250453210747
SNP.62	2.081e-88	0.0845411	730556	8.84320610148187e-06	19.9335867896765	0.99960712303069	194.674879709753	0.00127342	0.0845411	605	0.0106784417796268	3.22190353693705	0.678151196775496	2.95299261593297	197.627872325686	0.0310285811657503
SNP.63	1.594e-86	0.0869565	732684	8.59527500543325e-06	19.7152899650868	0.999618133655147	190.336894934774	0.000971343	0.0869565	605	0.0104092900364973	3.29869814542863	0.683697520519188	3.14426817710803	193.481163111883	0.000490759807657971
SNP.64	2.715e-88	0.0821256	735457	9.01884463732684e-06	19.9202742195394	0.999599323066919	194.417987162173	0.00177588	0.0821256	605	0.0109635907775777	3.12535930371701	0.672372554085743	2.72588503537889	197.143872197552	0.0191233217586964
SNP.65	2.46e-88	0.0869565	736142	8.55489901687563e-06	19.9252124935529	0.999619926776496	194.494025928395	0.000971343	0.0869565	605	0.0104092900364973	3.29869814542863	0.683697520519188	3.14426817710803	197.638294105503	0.0313536451370677
SNP.66	3.866e-82	0.0869565	727536	8.65609464285047e-06	19.1977331232479	0.999615432631497	180.27391602845	0.00202201	0.0869565	605	0.0104092900364973	3.08698029493375	0.683697520519188	2.6821016047431	182.956017633193	1.31782088175669e-08
SNP.67	6.017e-83	0.0850515	731714	8.78112203802558e-06	19.2941293265946	0.999609880162306	182.134571266972	0.00133253	0.0850515	605	0.0106202808775733	3.20888020344227	0.679342064856563	2.92887261090653	185.063443877878	1.08417646134288e-07
SNP.68	1.221e-82	0.0811138	734511	9.13303713139547e-06	19.2575146976609	0.999594251936921	181.445810888238	0.00156163	0.0811138	605	0.011088126010609	3.16298011117945	0.669879587592749	2.79673723450475	184.242548122743	4.77078096035868e-08
SNP.69	9.904e-89	0.0823245	735960	8.99285425147329e-06	19.9707077894174	0.999600477271031	195.422294195613	0.00137989	0.0823245	605	0.0109394727519244	3.19882479689833	0.6728574988882	2.88382076755001	198.306114963163	0.0611390874209044
SNP.7	2.331e-83	0.0845411	737380	8.76136764853154e-06	19.3430857885458	0.999610757451046	183.079011450086	0.00160625	0.0845411	605	0.0106784417796268	3.1547694132936	0.678151196775496	2.80783694609837	185.886848396184	2.47001740035158e-07
SNP.70	2.191e-88	0.0833333	735874	8.89480661855263e-06	19.9310090221621	0.999604831481289	194.62597181061	0.00131777	0.0833333	605	0.0108189370671418	3.21208146996563	0.675291650350661	2.92123584114157	197.547207651752	0.0286239585558207
SNP.71	3.073e-83	0.0849515	736947	8.72807730136533e-06	19.3288313302242	0.999612235872618	182.801868574619	0.00251904	0.0849515	605	0.0106316204677839	3.02104490328465	0.67910955402493	2.53069101053412	185.332559585153	1.41897727643321e-07
SNP.72	4.192e-88	0.0873786	709881	8.83260322299085e-06	19.8985107069855	0.999607593899751	193.976070795208	0.000283935	0.0873786	605	0.010363797038909	3.62953248422539	0.684643955577049	3.93255415747612	197.908624952684	0.0410857513871145
SNP.73	3.54e-88	0.0815085	732441	9.11841417944364e-06	19.9069832883586	0.999594901319027	194.158034019857	0.00160015	0.0815085	605	0.0110391742148858	3.15587941378986	0.670857304233024	2.7850948275111	196.943128847368	0.0156452174260047
SNP.74	3.639e-70	0.0978261	734127	7.71709432443211e-06	17.7079799432626	0.999657135626324	152.743432606378	0.00485461	0.0978261	605	0.00936417736382211	2.81652608897021	0.706122105180911	2.18847403940994	154.931906645788	8.89487036249834e-21
SNP.75	2.003e-88	0.0869565	735940	8.55724715612802e-06	19.9354983997802	0.999619822494078	194.699066226197	0.000971343	0.0869565	605	0.0104092900364973	3.29869814542863	0.683697520519188	3.14426817710803	197.843334403305	0.0384889362719985
SNP.76	6.017e-82	0.0835351	734531	8.89150018132867e-06	19.1747387038662	0.999604978317957	179.844398298825	0.00117045	0.0835351	605	0.0107951777184984	3.24598501548752	0.675773536643394	2.996959948059	182.841358246884	1.17506109147068e-08
SNP.77	6.62e-65	0.0954106	731033	7.92473778012923e-06	17.01262840839	0.999647913440601	140.687993805486	0.0132746	0.0954106	605	0.00957561129524168	2.47631607807258	0.701467535346327	1.54631073217179	142.234304537658	2.72045216507666e-26
SNP.78	2.517e-82	0.0873786	735825	8.5211799117181e-06	19.2200144357431	0.999621424266676	180.695005613556	0.00181921	0.0873786	605	0.010363797038909	3.11826200790977	0.684643955577049	2.75156109922178	183.446566712778	2.15228184992831e-08
SNP.79	2.156e-81	0.0869565	734634	8.57245985358812e-06	19.1082446260757	0.999619146888641	178.556428450584	0.00202201	0.0869565	605	0.0104092900364973	3.08698029493375	0.683697520519188	2.6821016047431	181.238530055327	2.36570728444296e-09
SNP.8	6.555e-82	0.0869565	735690	8.5601550545486e-06	19.1702839813037	0.999619693352414	179.74274632408	0.00202201	0.0869565	605	0.0104092900364973	3.08698029493375	0.683697520519188	2.6821016047431	182.424847928823	7.74769139070989e-09
SNP.80	3.11e-88	0.0823245	729730	9.06962988353813e-06	19.9134713989261	0.999597067758345	194.284909851937	0.00083611	0.0823245	605	0.0109394727519244	3.34055539209505	0.6728574988882	3.19563310829455	197.480542960231	0.0267779660585747
SNP.81	6.564e-80	0.0924574	736044	8.09575825063904e-06	18.9291279440761	0.999640317939927	175.126358141579	0.00268009	0.0924574	605	0.00984931286914605	3.00223068213072	0.695532547816802	2.53995718825432	177.666315329833	6.6461151827206e-11
SNP.82	3.963e-78	0.090799	731522	8.27945294702004e-06	18.7118599343791	0.999632159669764	171.048523653999	0.00439817	0.090799	605	0.0100109123615041	2.84809567631856	0.692075317659865	2.2179859909114	173.266509644911	8.16124721263782e-13
SNP.83	1.224e-87	0.0811138	733630	9.14400479317697e-06	19.8447235326915	0.999593764881009	192.922246470858	0.000823806	0.0811138	605	0.011088126010609	3.34466974969699	0.669879587592749	3.19276085286734	196.115007323725	0.00683491306400443
SNP.84	2.769e-71	0.089372	737006	8.3359769318585e-06	17.8523955185547	0.999629649346784	155.344465867832	0.00288239	0.089372	605	0.0101548182060187	2.98000997204265	0.689025425223558	2.47540910702722	157.81987497486	1.59723321202498e-19
SNP.85	2.971e-70	0.114734	734129	6.70550830302091e-06	17.719393154652	0.999702066199758	152.882355098502	0.0151003	0.114734	605	0.00813670761155114	2.42996454286172	0.734413119232064	1.50534810803326	154.387703206535	5.16172748592136e-21
SNP.86	1.946e-70	0.115942	734426	6.64202360765233e-06	17.7431810182401	0.999704886068713	153.299707835135	0.00973307	0.115942	605	0.00806293360342756	2.58517104346393	0.736185874430479	1.79375009397771	155.093457929113	1.04544322802307e-20
SNP.87	2.07e-82	0.0869565	736814	8.54709665136772e-06	19.230157139472	0.99962027328487	180.891231167995	0.00202201	0.0869565	605	0.0104092900364973	3.08698029493375	0.683697520519188	2.6821016047431	183.573332772738	2.44316581830046e-08
SNP.88	5.636e-82	0.0867971	734181	8.59200193434032e-06	19.1781406779236	0.999618279013916	179.894930926094	0.00249167	0.0867971	605	0.0104265860696792	3.02435120963754	0.683338380492455	2.55018490337481	182.445115829469	7.90632296424677e-09
SNP.89	1.906e-64	0.102657	732677	7.40816075822846e-06	16.9505690609604	0.999670856781673	139.604101941693	0.0194277	0.102657	605	0.0089715520658786	2.33722091894195	0.714931375259197	1.32517997618114	140.929281917874	7.37695223378471e-27
SNP.9	2.008e-82	0.0871671	734783	8.55198681411347e-06	19.231734172584	0.999620056109379	180.921793208696	0.00223351	0.0871671	605	0.0103865364086525	3.05728607955369	0.684170559052252	2.62119400500563	183.542987213701	2.37014019120045e-08
SNP.90	3.189e-88	0.0869565	736068	8.5557590767169e-06	19.9122148293561	0.999619888580667	194.235270249926	0.000971343	0.0869565	605	0.0104092900364973	3.29869814542863	0.683697520519188	3.14426817710803	197.379538427034	0.0242053783458278
SNP.91	6.514e-80	0.0917874	735932	8.1500772665195e-06	18.9295307741315	0.999637905503627	175.136890852345	0.00275971	0.0917874	605	0.00991388869901526	2.99330809843158	0.694146888974897	2.51741589410231	177.654306746448	6.5667820470055e-11
SNP.92	6.226e-87	0.0839416	730201	8.90486165190901e-06	19.7627949617636	0.999604384944241	191.289240596555	0.0029585	0.0839416	605	0.0107476675753481	2.97201731360863	0.676739201299128	2.42413248951084	193.713373086066	0.000619036843663688
SNP.93	6.081e-83	0.0881642	734621	8.46637995749793e-06	19.2935824082646	0.999623857982389	182.108381193466	0.00138774	0.0881642	605	0.0102802983648878	3.19718893057261	0.686387895239557	2.9283351907513	185.036716384217	1.05558296030192e-07
SNP.94	1.47e-82	0.0871671	734244	8.55826472839375e-06	19.2479006989948	0.999619777303027	181.233031171041	0.00187134	0.0871671	605	0.0103865364086525	3.10992634734031	0.684170559052252	2.73224984053554	183.965281011576	3.6155460800034e-08
SNP.95	6.771e-86	0.0809179	731440	9.19162687651176e-06	19.6419771666286	0.99959165006772	188.923168284502	0.000361162	0.0809179	605	0.0111126009298442	3.56694880818808	0.669391816686894	3.7049668067914	192.628135091293	0.000209123878695633
SNP.96	1.294e-82	0.0869565	732320	8.59954729091225e-06	19.2545071875955	0.999617943920818	181.362230960316	0.00202201	0.0869565	605	0.0104092900364973	3.08698029493375	0.683697520519188	2.6821016047431	184.044332565059	3.91296131600941e-08
SNP.97	6.636e-65	0.101695	719312	7.60902973333207e-06	17.0124869983332	0.999661935227181	140.667298261516	0.010609	0.101695	605	0.00904672131494638	2.55532070841709	0.713227843089349	1.70403542946628	142.371333690983	3.11998207613715e-26
SNP.98	3.243e-87	0.0845411	727805	8.8766321702574e-06	19.7956870569849	0.999605638596927	191.938222578926	0.00127342	0.0845411	605	0.0106784417796268	3.22190353693705	0.678151196775496	2.95299261593297	194.891215194859	0.00201023498257301
SNP.99	3.501e-83	0.0859564	736718	8.63820672274921e-06	19.3221019720427	0.999616227039441	182.667443000556	0.00181068	0.0859564	605	0.0105188799675543	3.11964681805766	0.681428322890099	2.74394319924415	185.4113861998	1.53535710996195e-07
