snp	pvalues.df1	MAF.df1	N.df1	V.df1	z.df1	r.df1	lABF.df1	pvalues.df2	MAF.df2	N.df2	V.df2	z.df2	r.df2	lABF.df2	internal.sum.lABF	SNP.PP.H4
SNP.1	6.616e-71	0.100639	728804	7.57982001258543e-06	17.8036919255873	0.999663232561066	154.434291280529	0.185356	0.100639	469	0.0117786847429687	1.32444288461557	0.656384577433802	0.0415820578404543	154.475873338369	4.19970815677437e-20
SNP.10	2.194e-88	0.0830671	735313	8.92752665650921e-06	19.9309405416959	0.999603378408592	194.626154032643	0.02603	0.0830671	469	0.0139968580135986	2.22576390083524	0.616491424867767	1.04786029862434	195.674014331267	0.0327600389649902
SNP.100	7.474e-82	0.086262	731674	8.66984178324406e-06	19.1634572043126	0.999614822117691	179.617417366261	0.0301218	0.086262	469	0.0135255816991755	2.16848506156172	0.62455618865177	0.978610630865425	180.596027997127	9.26953922420536e-09
SNP.101	1.184e-83	0.086262	734173	8.64033111666231e-06	19.3779818244649	0.999616132694398	183.748410710236	0.0301218	0.086262	469	0.0135255816991755	2.16848506156172	0.62455618865177	0.978610630865425	184.727021341101	5.76933504398652e-07
SNP.102	2.776e-83	0.0814696	737636	9.05813484910683e-06	19.3340752922684	0.999597578237399	182.919014845493	0.0149045	0.0814696	469	0.0142464954318886	2.43469127819271	0.612303288668842	1.34101576272741	184.26003060822	3.61671479036415e-07
SNP.103	5.031e-82	0.0849359	731727	8.79180634854572e-06	19.1840449118188	0.999609405674717	180.017994313437	0.0183675	0.0849359	469	0.0137168487931819	2.35812514007571	0.621257805406742	1.24188120262115	181.259875516059	1.80037701933148e-08
SNP.104	3.172e-88	0.0830671	735651	8.92342484191248e-06	19.9124825880447	0.999603560566914	194.258392270595	0.02603	0.0830671	469	0.0139968580135986	2.22576390083524	0.616491424867767	1.04786029862434	195.306252569219	0.0226791882402755
SNP.105	1.008e-70	0.107029	723129	7.2346146416077e-06	17.7801000294486	0.999678564925213	153.993813089292	0.253874	0.107029	469	0.0111547114097466	1.14099020287692	0.668554239733695	-0.116963993248497	153.876849096043	2.307098776031e-20
SNP.106	1.594e-87	0.0830671	729804	8.99491700289086e-06	19.831443201382	0.999600385666439	192.651983014532	0.02603	0.0830671	469	0.0139968580135986	2.22576390083524	0.616491424867767	1.04786029862434	193.699843313157	0.00454959596573933
SNP.107	4.51e-87	0.0822581	732417	9.04299632214434e-06	19.7790621941647	0.999598250519864	191.617225248189	0.0327115	0.0822581	469	0.0141220559430192	2.13560651437118	0.614383857504016	0.924589186222147	192.541814434411	0.00142904951940684
SNP.108	3.954e-88	0.0868167	734726	8.58387453582466e-06	19.9014405461686	0.999618639956042	194.022262462144	0.0303089	0.0868167	469	0.0134473258042821	2.16602992863898	0.625915822570583	0.976662925205853	194.99892538735	0.0166785006612241
SNP.109	3.903e-88	0.086262	735990	8.61900000939322e-06	19.9020912273706	0.999617080016798	194.036939347925	0.0301218	0.086262	469	0.0135255816991755	2.16848506156172	0.62455618865177	0.978610630865425	195.015549978791	0.0169580915231436
SNP.11	3.718e-88	0.086262	735692	8.62249122854852e-06	19.9045248898634	0.999616924970335	194.085530432285	0.0301218	0.086262	469	0.0135255816991755	2.16848506156172	0.62455618865177	0.978610630865425	195.06414106315	0.0178024516378116
SNP.110	5.041e-87	0.0830671	733189	8.95338911028092e-06	19.773448144598	0.999602229879128	191.502045689985	0.02603	0.0830671	469	0.0139968580135986	2.22576390083524	0.616491424867767	1.04786029862434	192.54990598861	0.00144065965973911
SNP.111	1.91e-87	0.086262	733829	8.64438147976343e-06	19.8223444459667	0.999615952816471	192.454846162744	0.0301218	0.086262	469	0.0135255816991755	2.16848506156172	0.62455618865177	0.978610630865425	193.43345679361	0.00348564083374068
SNP.12	3.091e-71	0.0894569	736647	8.33290110962932e-06	17.8462515136282	0.999629785948776	155.23467744778	0.0327523	0.0894569	469	0.0130882870015034	2.13510664477441	0.632230486368998	0.940918929020819	156.175596376801	2.2982615328053e-19
SNP.13	4.79e-70	0.0878594	735072	8.48770162776287e-06	17.6925026076941	0.999622911066249	152.511790446261	0.03177	0.0878594	469	0.0133029249699849	2.14729253195053	0.6284402746106	0.953803872055178	153.465594318317	1.52918668607806e-20
SNP.14	1.39e-70	0.0854839	735920	8.69087923695894e-06	17.7620748183853	0.999613887840764	153.755052081701	0.0156502	0.0854839	469	0.0136370828316905	2.41697248722346	0.622629117706994	1.3313602920831	155.086412373784	7.73344223338309e-20
SNP.15	5.094e-80	0.0894569	735495	8.34595286671576e-06	18.9424801916359	0.999629206300445	175.392321902813	0.0605346	0.0894569	469	0.0130882870015034	1.87687958126884	0.632230486368998	0.613422455342921	176.005744358156	9.40856287938093e-11
SNP.16	1.932e-81	0.0846645	734607	8.78280595851428e-06	19.1139690982308	0.999609805379783	178.676197289992	0.0177095	0.0846645	469	0.0137567393108023	2.37163658114802	0.620574282952586	1.2607114756836	179.936908765676	4.7951953159772e-09
SNP.17	5.827e-83	0.0798722	736607	9.23613694371117e-06	19.2957878431271	0.999589673461706	182.18804769087	0.0183314	0.0798722	469	0.0145061900334675	2.358855342819	0.608006389732408	1.22327925965579	183.411326950525	1.54784314053023e-07
SNP.18	2.158e-83	0.0798722	737034	9.23078599589199e-06	19.3470615325201	0.999589911086538	183.178076749239	0.0183314	0.0798722	469	0.0145061900334675	2.358855342819	0.608006389732408	1.22327925965579	184.401356008895	4.16572986514388e-07
SNP.19	3.906e-83	0.0846645	737411	8.7494094023093e-06	19.3164509204018	0.999611288515272	182.563782453087	0.0177095	0.0846645	469	0.0137567393108023	2.37163658114802	0.620574282952586	1.2607114756836	183.824493928771	2.33971568036897e-07
SNP.2	3.016e-87	0.086262	733073	8.65329621594754e-06	19.7993432546222	0.999615556910399	191.999785726092	0.0301218	0.086262	469	0.0135255816991755	2.16848506156172	0.62455618865177	0.978610630865425	192.978396356957	0.00221132409490046
SNP.20	2.611e-83	0.0830671	737365	8.90268240068047e-06	19.3372360409708	0.999604481723241	182.972744255015	0.0121309	0.0830671	469	0.0139968580135986	2.50831346128176	0.616491424867767	1.46017330155422	184.432917556569	4.29930355517824e-07
SNP.21	4.578e-82	0.0846645	735591	8.77105719994712e-06	19.1889495221296	0.999610327139689	180.111048537304	0.0177095	0.0846645	469	0.0137567393108023	2.37163658114802	0.620574282952586	1.2607114756836	181.371760012987	2.01351226984877e-08
SNP.22	1.545e-83	0.0830671	737057	8.90640263694362e-06	19.3642799007516	0.999604316510201	183.496034295303	0.0121309	0.0830671	469	0.0139968580135986	2.50831346128176	0.616491424867767	1.46017330155422	184.956207596857	7.25537871813882e-07
SNP.23	3.797e-83	0.086262	735481	8.6249649099206e-06	19.3179121742578	0.999616815113168	182.585870110522	0.0301218	0.086262	469	0.0135255816991755	2.16848506156172	0.62455618865177	0.978610630865425	183.564480741387	1.80401769524849e-07
SNP.24	6.247e-82	0.086262	732979	8.65440594739183e-06	19.1727875305049	0.99961550762692	179.795428655146	0.0301218	0.086262	469	0.0135255816991755	2.16848506156172	0.62455618865177	0.978610630865425	180.774039286011	1.10756052117821e-08
SNP.25	2.979e-83	0.0830671	734901	8.93253160409056e-06	19.3304342639978	0.999603156142942	182.842717119865	0.02603	0.0830671	469	0.0139968580135986	2.22576390083524	0.616491424867767	1.04786029862434	183.890577418489	2.49955547881454e-07
SNP.26	9.996e-83	0.086262	732741	8.65721696604027e-06	19.2678733410812	0.999615382788827	181.622445805301	0.0301218	0.086262	469	0.0135255816991755	2.16848506156172	0.62455618865177	0.978610630865425	182.601056436167	6.88384263295487e-08
SNP.27	1.216e-82	0.0814696	731744	9.13107091763754e-06	19.2577272075661	0.999594339253307	181.44981024318	0.0315142	0.0814696	469	0.0142464954318886	2.15051880682396	0.612303288668842	0.942103084232214	182.391913327412	5.58471783609575e-08
SNP.28	3.986e-83	0.086262	733663	8.64633737412588e-06	19.3154040909974	0.999615865954597	182.538500810889	0.0301218	0.086262	469	0.0135255816991755	2.16848506156172	0.62455618865177	0.978610630865425	183.517111441754	1.72055503038379e-07
SNP.29	7.044e-84	0.086262	733699	8.64591312910787e-06	19.4046915491505	0.999615884795448	184.266425275509	0.0301218	0.086262	469	0.0135255816991755	2.16848506156172	0.62455618865177	0.978610630865425	185.245035906374	9.68493316032739e-07
SNP.3	2.293e-87	0.086262	734810	8.63284089344635e-06	19.8131458245361	0.99961646533779	192.272053126638	0.0301218	0.086262	469	0.0135255816991755	2.16848506156172	0.62455618865177	0.978610630865425	193.250663757503	0.00290333151129399
SNP.30	1.096e-86	0.0846645	733537	8.79561731278218e-06	19.7342318401416	0.999609236430846	190.720159764675	0.0214063	0.0846645	469	0.0137567393108023	2.30074056028501	0.620574282952586	1.15792794556062	191.878087710236	0.000735858692450828
SNP.31	1.358e-86	0.0836013	733144	8.9019105182092e-06	19.7233949322207	0.999604516001998	190.511529638949	0.0687929	0.0836013	469	0.0139155272600468	1.81977747052696	0.617868302148292	0.542068272895686	191.053597911845	0.000322643599839378
SNP.32	2.096e-87	0.0846645	733276	8.7987479977066e-06	19.8176677193084	0.999609097398035	192.369689317113	0.0214063	0.0846645	469	0.0137567393108023	2.30074056028501	0.620574282952586	1.15792794556062	193.527617262674	0.00382979922366477
SNP.33	4.4e-87	0.085209	733427	8.745925201534e-06	19.7803074099679	0.9996114432483	191.627731490143	0.0324855	0.085209	469	0.013676967340694	2.13838510956977	0.621942679387906	0.935621081460014	192.563352571603	0.00146016243842632
SNP.34	7.065e-88	0.086262	731634	8.67031578208956e-06	19.8723274549409	0.999614801067302	193.447764574386	0.0301218	0.086262	469	0.0135255816991755	2.16848506156172	0.62455618865177	0.978610630865425	194.426375205252	0.00940809343338363
SNP.35	1.161e-87	0.0846645	736648	8.75847180304067e-06	19.8473794427033	0.999610886055132	192.956776616348	0.0214063	0.0846645	469	0.0137567393108023	2.30074056028501	0.620574282952586	1.15792794556062	194.114704561908	0.00688881911392104
SNP.36	1.974e-88	0.086262	736039	8.61842622050369e-06	19.9362281245873	0.999617105499	194.716629066494	0.0301218	0.086262	469	0.0135255816991755	2.16848506156172	0.62455618865177	0.978610630865425	195.69523969736	0.0334628147376431
SNP.37	1.289e-88	0.0830671	735817	8.92141172109065e-06	19.9575413286095	0.999603649968033	195.156187738829	0.02603	0.0830671	469	0.0139968580135986	2.22576390083524	0.616491424867767	1.04786029862434	196.204048037454	0.0556589646490718
SNP.38	2.184e-88	0.0830671	735888	8.92055096479051e-06	19.9311691743431	0.99960368819355	194.630379964174	0.02603	0.0830671	469	0.0139968580135986	2.22576390083524	0.616491424867767	1.04786029862434	195.678240262798	0.032898773581639
SNP.39	2.184e-88	0.0830671	735892	8.92050247642012e-06	19.9311691743431	0.999603690346881	194.63037767516	0.02603	0.0830671	469	0.0139968580135986	2.22576390083524	0.616491424867767	1.04786029862434	195.678237973785	0.0328986982759928
SNP.4	3.787e-82	0.0830671	735149	8.92951824511461e-06	19.1988056503982	0.999603289963751	180.307804238167	0.0121309	0.0830671	469	0.0139968580135986	2.50831346128176	0.616491424867767	1.46017330155422	181.767977539721	2.99246697305636e-08
SNP.40	4.678e-88	0.086262	733652	8.64646701285257e-06	19.8930111594816	0.999615860197301	193.857686308929	0.0613413	0.086262	469	0.0135255816991755	1.87102727937034	0.62455618865177	0.603382149861377	194.46106845879	0.00974021874591257
SNP.41	6.822e-88	0.0830671	734918	8.93232497826663e-06	19.8740842110623	0.999603165319025	193.495245494816	0.02603	0.0830671	469	0.0139968580135986	2.22576390083524	0.616491424867767	1.04786029862434	194.543105793441	0.0105729717575999
SNP.42	3.826e-88	0.0868167	735924	8.56990097103548e-06	19.9030898757892	0.999619260530156	194.054383958756	0.0285456	0.0868167	469	0.0134473258042821	2.18970552688208	0.625915822570583	1.00893659798671	195.063320556743	0.0177878506031148
SNP.43	5.443e-88	0.086262	735611	8.62344067300967e-06	19.8854150973051	0.999616882805128	193.705534019035	0.0301218	0.086262	469	0.0135255816991755	2.16848506156172	0.62455618865177	0.978610630865425	194.684144649901	0.0121744533311138
SNP.44	1.92e-87	0.086262	735731	8.62203416318371e-06	19.8220816723764	0.999616945268791	192.448540614464	0.0301218	0.086262	469	0.0135255816991755	2.16848506156172	0.62455618865177	0.978610630865425	193.42715124533	0.00346373110619345
SNP.45	5.054e-88	0.086262	736020	8.61864870100448e-06	19.8891342741514	0.999617095618549	193.779234249217	0.0301218	0.086262	469	0.0135255816991755	2.16848506156172	0.62455618865177	0.978610630865425	194.757844880083	0.0131056049464245
SNP.46	7.738e-89	0.0801282	736152	9.21488280042491e-06	19.9830311233394	0.999590617316135	195.678598686746	0.0479991	0.0801282	469	0.0144638686637493	1.97737639616717	0.608702519876279	0.720875130987554	196.399473817733	0.0676717584016811
SNP.47	2.342e-88	0.0774194	732971	9.55056562191666e-06	19.9276732041653	0.999575710514785	194.589287115402	0.073798	0.0774194	469	0.014925986427424	1.78786370412304	0.601186559067232	0.501202610641512	195.090489726043	0.0182777567638049
SNP.48	2.954e-88	0.086262	732951	8.65473656071595e-06	19.9160490725105	0.999615492944291	194.316473948285	0.0301218	0.086262	469	0.0135255816991755	2.16848506156172	0.62455618865177	0.978610630865425	195.29508457915	0.0224273163604266
SNP.49	3.217e-88	0.086262	732127	8.66447736104981e-06	19.9117769035556	0.99961506035288	194.231907514013	0.0301218	0.086262	469	0.0135255816991755	2.16848506156172	0.62455618865177	0.978610630865425	195.210518144878	0.0206086988720187
SNP.5	2.659e-86	0.0833333	730670	8.958157479602e-06	19.6893846434204	0.999602018120211	189.844238588025	0.0672489	0.0833333	469	0.013956198135652	1.83000694729031	0.617179002491659	0.553349343026497	190.397587931051	0.000167425475045986
SNP.50	9.028e-89	0.0878594	724847	8.6074327560477e-06	19.9753329003993	0.999617593723567	195.496156044506	0.0170479	0.0878594	469	0.0133029249699849	2.38567304264119	0.6284402746106	1.29334092963087	196.789496974137	0.0999522019542692
SNP.51	4.933e-83	0.0849359	737350	8.72476040415314e-06	19.3043946099268	0.99961238317599	182.329854416012	0.0188176	0.0849359	469	0.0137168487931819	2.34912476955196	0.621257805406742	1.2287207899708	183.558575205983	1.79339540091826e-07
SNP.52	1.749e-83	0.0846645	736745	8.75731866082064e-06	19.3578912069531	0.999610937266023	183.365194670627	0.0177095	0.0846645	469	0.0137567393108023	2.37163658114802	0.620574282952586	1.2607114756836	184.625906146311	5.21449180715281e-07
SNP.53	7.946e-71	0.088141	735612	8.45698454045724e-06	17.7934323969544	0.999624275242578	154.300312976411	0.0842303	0.088141	469	0.0132645187884325	1.72665133788782	0.629115133160335	0.44186648942953	154.742179465841	5.48118415263733e-20
SNP.54	4.073e-83	0.0849359	737366	8.72457108681756e-06	19.314289187522	0.999612391583572	182.52082886338	0.0174474	0.0849359	469	0.0137168487931819	2.37714136677666	0.621257805406742	1.26985237278982	183.79068123617	2.26192614142405e-07
SNP.55	1.136e-88	0.0878594	727563	8.5753011229583e-06	19.9638556684312	0.999619020706187	195.265463106563	0.0170479	0.0878594	469	0.0133029249699849	2.38567304264119	0.6284402746106	1.29334092963087	196.558804036193	0.0793603722263839
SNP.56	4.882e-79	0.0889262	733380	8.41506839409135e-06	18.8231233962619	0.999626136786241	173.142945179574	0.051763	0.0889262	469	0.0131587267779504	1.94509953388456	0.630981586642429	0.695177347659407	173.838122527233	1.0768050700194e-11
SNP.57	4.594e-83	0.0865385	734971	8.60597718002126e-06	19.3080725268225	0.999617658366371	182.394965541687	0.0307208	0.0865385	469	0.013486447023406	2.16067051612692	0.625235383347674	0.968726210995346	183.363691752683	1.47583988571874e-07
SNP.58	4.263e-83	0.0833333	733675	8.92146648805097e-06	19.3119347226314	0.999603647535874	182.484898035966	0.0402736	0.0833333	469	0.013956198135652	2.05093168510109	0.617179002491659	0.817932546398187	183.302830582365	1.3886972416868e-07
SNP.59	1.461e-87	0.0830671	734889	8.93267746336897e-06	19.8358249315431	0.999603149665452	192.735927331167	0.02603	0.0830671	469	0.0139968580135986	2.22576390083524	0.616491424867767	1.04786029862434	193.783787629791	0.00494799649872622
SNP.6	1.451e-82	0.0819672	736703	9.0194336460723e-06	19.2485747655748	0.999599296909727	181.268438562621	0.0285487	0.0819672	469	0.0141676840626064	2.18966281180955	0.613619337441206	0.995570653142101	182.264009215763	4.91420405199007e-08
SNP.60	3.438e-75	0.086262	731422	8.6728288415078e-06	18.3477923837124	0.999614689461815	164.325156443904	0.0543947	0.086262	469	0.0135255816991755	1.9236800514886	0.62455618865177	0.665775894053368	164.990932337957	1.54828609039823e-15
SNP.61	2.868e-87	0.086262	733599	8.64709169030126e-06	19.8018779824954	0.999615832455186	192.049651116143	0.0301218	0.086262	469	0.0135255816991755	2.16848506156172	0.62455618865177	0.978610630865425	193.028261747009	0.00232438819885236
SNP.62	2.081e-88	0.0846645	730556	8.83150742279346e-06	19.9335867896765	0.99960764256377	194.674321299328	0.0299991	0.0846645	469	0.0137567393108023	2.17010226035934	0.620574282952586	0.97670061211048	195.651021911439	0.0320153997287497
SNP.63	1.594e-86	0.086262	732684	8.65789046425651e-06	19.7152899650868	0.999615352878595	190.339982341762	0.0301218	0.086262	469	0.0135255816991755	2.16848506156172	0.62455618865177	0.978610630865425	191.318592972627	0.000420541585015571
SNP.64	2.715e-88	0.0801282	735457	9.22359077865654e-06	19.9202742195394	0.999590230611844	194.427402682379	0.0309083	0.0801282	469	0.0144638686637493	2.15825128513817	0.608702519876279	0.948539368474958	195.375942050854	0.0243160631752918
SNP.65	2.46e-88	0.086262	736142	8.61722034188148e-06	19.9252124935529	0.999617159052574	194.497104362928	0.0301218	0.086262	469	0.0135255816991755	2.16848506156172	0.62455618865177	0.978610630865425	195.475714993793	0.0268673047595503
SNP.66	3.866e-82	0.0846645	727536	8.86816698660452e-06	19.1977331232479	0.99960601453077	180.284278016124	0.0177095	0.0846645	469	0.0137567393108023	2.37163658114802	0.620574282952586	1.2607114756836	181.544989491808	2.39434587842395e-08
SNP.67	6.017e-83	0.087931	731714	8.52037938016832e-06	19.2941293265946	0.999621459818924	182.121660737248	0.0200721	0.087931	469	0.0132931361999584	2.32499738554819	0.628612141565459	1.20376277182363	183.325423509071	1.42042908452935e-07
SNP.68	1.221e-82	0.0785256	734511	9.40756358568551e-06	19.2575146976609	0.999582060809059	181.458352093453	0.0135644	0.0785256	469	0.0147333879251289	2.46859669307081	0.60429633868517	1.37773692971269	182.836089023165	8.7077166627316e-08
SNP.69	9.904e-89	0.0803858	735960	9.19032324239301e-06	19.9707077894174	0.999591707959708	195.431401490164	0.0208906	0.0803858	469	0.0144215571289372	2.30995582346748	0.609400083572468	1.15581196838894	196.587213458553	0.0816472856938251
SNP.7	2.331e-83	0.0830671	737380	8.90250129970674e-06	19.3430857885458	0.999604489765807	183.085825904798	0.0121309	0.0830671	469	0.0139968580135986	2.50831346128176	0.616491424867767	1.46017330155422	184.545999206353	4.81403059832727e-07
SNP.70	2.191e-88	0.0830671	735874	8.92072067823807e-06	19.9310090221621	0.999603680656708	194.627197233464	0.02603	0.0830671	469	0.0139968580135986	2.22576390083524	0.616491424867767	1.04786029862434	195.675057532088	0.0327942320966023
SNP.71	3.073e-83	0.0819936	736947	9.01380347859397e-06	19.3288313302242	0.99959954693896	182.815597919754	0.02255	0.0819936	469	0.0141635297060541	2.28097375412653	0.613688866849191	1.12090678589278	183.936504705646	2.61703028200389e-07
SNP.72	4.192e-88	0.0870968	709881	8.85844562042908e-06	19.8985107069855	0.999606446251291	193.977303777259	0.0412777	0.0870968	469	0.0134081923997352	2.04072971566278	0.626597957076946	0.812208173757959	194.789511951017	0.013527262156265
SNP.73	3.54e-88	0.0833333	732441	8.93649717263342e-06	19.9069832883586	0.99960298003534	194.149562706001	0.0225652	0.0833333	469	0.013956198135652	2.28071697544359	0.617179002491659	1.12508684265777	195.274649548658	0.0219736644486917
SNP.74	3.639e-70	0.0894569	734127	8.36150503074415e-06	17.7079799432626	0.999628515606128	152.779031328922	0.0616835	0.0894569	469	0.0130882870015034	1.86856398738853	0.632230486368998	0.603576860338752	153.382608189261	1.40740824279221e-20
SNP.75	2.003e-88	0.086262	735940	8.61958558702247e-06	19.9354983997802	0.999617054011054	194.702143942119	0.0301218	0.086262	469	0.0135255816991755	2.16848506156172	0.62455618865177	0.978610630865425	195.680754572984	0.0329815953793849
SNP.76	6.017e-82	0.0830671	734531	8.93703112377525e-06	19.1747387038662	0.999602956323019	179.846579403563	0.0121309	0.0830671	469	0.0139968580135986	2.50831346128176	0.616491424867767	1.46017330155422	181.306752705117	1.88678304677152e-08
SNP.77	6.62e-65	0.0910543	731033	8.26408209434657e-06	17.01262840839	0.999632842316751	140.706769970205	0.032765	0.0910543	469	0.0128812723361971	2.13495115693176	0.635929646232116	0.944084816674894	141.65085478688	1.13079615871971e-25
SNP.78	2.517e-82	0.0849359	735825	8.74284250195674e-06	19.2200144357431	0.999611580150738	180.706022710972	0.0154715	0.0849359	469	0.0137168487931819	2.4211498050929	0.621257805406742	1.3354464185473	182.04146912952	3.93373639797399e-08
SNP.79	2.156e-81	0.0846645	734634	8.78248316408756e-06	19.1082446260757	0.999609819715009	178.566823225999	0.0177095	0.0846645	469	0.0137567393108023	2.37163658114802	0.620574282952586	1.2607114756836	179.827534701682	4.2983893242437e-09
SNP.8	6.555e-82	0.0817308	735690	9.05564489357796e-06	19.1702839813037	0.999597688813052	179.766826988015	0.0410032	0.0817308	469	0.0142050050996938	2.04349764765176	0.612995419531701	0.805239089078689	180.572066077093	9.05006330018051e-09
SNP.80	3.11e-88	0.0801282	729730	9.29597851712058e-06	19.9134713989261	0.999587016025468	194.295237051311	0.0303155	0.0801282	469	0.0144638686637493	2.16594356123895	0.608702519876279	0.958662974203648	195.253900025514	0.0215224191420401
SNP.81	6.564e-80	0.0892857	736044	8.3541479792393e-06	18.9291279440761	0.999628842343411	175.140005444247	0.0942734	0.0892857	469	0.0131109179002798	1.6732738394261	0.631828701046295	0.384907841275314	175.524913285522	5.81702606993673e-11
SNP.82	3.963e-78	0.0894569	731522	8.39128092347887e-06	18.7118599343791	0.999627193217909	171.054359850994	0.0605346	0.0894569	469	0.0130882870015034	1.87687958126884	0.632230486368998	0.613422455342921	171.667782306337	1.22905214735991e-12
SNP.83	1.224e-87	0.0801282	733630	9.24656080489947e-06	19.8447235326915	0.999589210559317	192.926924030519	0.0336268	0.0801282	469	0.0144638686637493	2.12451862888731	0.608702519876279	0.904569983816189	193.831494014336	0.00518976870908053
SNP.84	2.769e-71	0.0846645	737006	8.75421738325916e-06	17.8523955185547	0.999611074993369	155.365974105972	0.0152704	0.0846645	469	0.0137567393108023	2.42590183791336	0.620574282952586	1.34149152278333	156.707465628755	3.91189626144322e-19
SNP.85	2.971e-70	0.103834	734129	7.31930047687718e-06	17.719393154652	0.99967480354372	152.921854259261	0.162741	0.103834	469	0.0114569525368643	1.39591198865989	0.662603629568159	0.102316436830508	153.024170696092	9.83450860913787e-21
SNP.86	1.946e-70	0.105431	734426	7.21838083090482e-06	17.7431810182401	0.999679285964673	153.337272307144	0.25636	0.105431	469	0.0113035534330876	1.13503656084451	0.665610496971496	-0.118968732144291	153.218303574999	1.19416270319922e-20
SNP.87	2.07e-82	0.0846645	736814	8.75649856919969e-06	19.230157139472	0.999610973686185	180.901609258518	0.0177095	0.0846645	469	0.0137567393108023	2.37163658114802	0.620574282952586	1.2607114756836	182.162320734201	4.4390541137128e-08
SNP.88	5.636e-82	0.0841424	734181	8.83738986091103e-06	19.1781406779236	0.999607381327261	179.907001287455	0.0258404	0.0841424	469	0.0138342083698796	2.22860196800384	0.619251141264773	1.05499937865967	180.962000666114	1.33658953728939e-08
SNP.89	1.906e-64	0.0958466	732677	7.87478335161481e-06	16.9505690609604	0.999650132079221	139.631655984351	0.107794	0.0958466	469	0.0123020738629234	1.6081880480691	0.646513195984292	0.316073891189617	139.94772987554	2.05933297439111e-26
SNP.9	2.008e-82	0.0846645	734783	8.78070224374584e-06	19.231734172584	0.999609898805275	180.933106117264	0.0177095	0.0846645	469	0.0137567393108023	2.37163658114802	0.620574282952586	1.2607114756836	182.193817592948	4.58109556128885e-08
SNP.90	3.189e-88	0.086262	736068	8.61808666714667e-06	19.9122148293561	0.999617120578706	194.238349345753	0.0301218	0.086262	469	0.0135255816991755	2.16848506156172	0.62455618865177	0.978610630865425	195.216959976618	0.0207418851638053
SNP.91	6.514e-80	0.0894569	735932	8.34099699932209e-06	18.9295307741315	0.999629426397955	175.146945137289	0.0605346	0.0894569	469	0.0130882870015034	1.87687958126884	0.632230486368998	0.613422455342921	175.760367592632	7.36135083827923e-11
SNP.92	6.226e-87	0.0854839	730201	8.75894698591597e-06	19.7627949617636	0.999610864952326	191.282248434947	0.0607939	0.0854839	469	0.0136370828316905	1.87499144843916	0.622629117706994	0.607191861416466	191.889440296364	0.000744260190768393
SNP.93	6.081e-83	0.086262	734621	8.6350619120789e-06	19.2935824082646	0.999616366701565	182.116847090505	0.0301218	0.086262	469	0.0135255816991755	2.16848506156172	0.62455618865177	0.978610630865425	183.095457721371	1.12861724956266e-07
SNP.94	1.47e-82	0.0849359	734244	8.76166789786817e-06	19.2479006989948	0.999610744117018	181.243097755323	0.0170523	0.0849359	469	0.0137168487931819	2.38557812585187	0.621257805406742	1.28233403754564	182.525431792868	6.38245216225468e-08
SNP.95	6.771e-86	0.0798722	731440	9.30138237681321e-06	19.6419771666286	0.999586776052317	188.92816067334	0.0182315	0.0798722	469	0.0145061900334675	2.36088262442812	0.608006389732408	1.22618803457121	190.154348707911	0.000131275622834989
SNP.96	1.294e-82	0.0846645	732320	8.81023423744579e-06	19.2545071875955	0.999608587297784	181.372594094471	0.0177095	0.0846645	469	0.0137567393108023	2.37163658114802	0.620574282952586	1.2607114756836	182.633305570155	7.10945900955458e-08
SNP.97	6.636e-65	0.0977564	719312	7.88104285231796e-06	17.0124869983332	0.999649854073899	140.683106212664	0.0510029	0.0977564	469	0.0120872680089265	1.95145537269989	0.650528396582033	0.712997502535711	141.396103715199	8.76490755440136e-26
SNP.98	3.243e-87	0.0846645	727805	8.86488927221756e-06	19.7956870569849	0.99960616009222	191.937663130777	0.0299991	0.0846645	469	0.0137567393108023	2.17010226035934	0.620574282952586	0.97670061211048	192.914363742888	0.00207416540852123
SNP.99	3.501e-83	0.0846645	736718	8.75763960805397e-06	19.3221019720427	0.999610923012799	182.673315940986	0.0177095	0.0846645	469	0.0137567393108023	2.37163658114802	0.620574282952586	1.2607114756836	183.93402741667	2.61055516541373e-07
