snp	pvalues.df1	MAF.df1	N.df1	V.df1	z.df1	r.df1	lABF.df1	pvalues.df2	MAF.df2	N.df2	V.df2	z.df2	r.df2	lABF.df2	internal.sum.lABF	SNP.PP.H4
SNP.1	1.388e-37	0.112245	664869	7.5469902499661e-06	12.8129260975831	0.999664690681164	78.0577849891932	3.24727e-14	0.112245	368	0.0136352170122411	7.58806141701767	0.622661266774127	17.4386996908134	95.4964846800066	0.0127265607639047
SNP.10	1.004e-38	0.111789	667721	7.54153499462339e-06	13.0151081877302	0.999664932974448	80.6675515730016	2.40625e-14	0.111789	368	0.0136838078482199	7.62681473821572	0.621825101835071	17.5990562357436	98.2666078087452	0.203123534239432
SNP.11	5.767e-38	0.111789	666515	7.55518073583479e-06	12.8808855917509	0.999664326903781	78.9310734417189	2.40625e-14	0.111789	368	0.0136838078482199	7.62681473821572	0.621825101835071	17.5990562357436	96.5301296774626	0.0357781082770666
SNP.12	5.495e-39	0.111789	657448	7.65937578051028e-06	13.0610699565771	0.999659699142739	81.2739077515542	2.40625e-14	0.111789	368	0.0136838078482199	7.62681473821572	0.621825101835071	17.5990562357436	98.8729639872979	0.372475221281943
SNP.13	3.013e-37	0.108607	660622	7.81789683236217e-06	12.7526565139589	0.999652658606525	77.3042787635973	1.46925e-14	0.108607	368	0.0140344419597521	7.69018275996693	0.61585722384338	17.7321922470642	95.0364710106615	0.00803395985408247
SNP.2	8.242e-38	0.111789	661205	7.61585482285361e-06	12.8532979960882	0.999661632095022	78.5799958802217	2.40625e-14	0.111789	368	0.0136838078482199	7.62681473821572	0.621825101835071	17.5990562357436	96.1790521159653	0.0251852534890169
SNP.3	8.195e-38	0.117778	660910	7.28090932410825e-06	12.8537402731104	0.999676508710517	78.5644269238753	2.58393e-13	0.117778	368	0.0130761570146641	7.31447323620343	0.632446050615466	16.4179695241599	94.9823964480353	0.00761106398602746
SNP.4	4.679e-38	0.111789	665498	7.5667264036029e-06	12.8970103505212	0.999663814107692	79.1395554575247	2.40625e-14	0.111789	368	0.0136838078482199	7.62681473821572	0.621825101835071	17.5990562357436	96.7386116932684	0.0440717162371115
SNP.5	1.77e-38	0.109756	666903	7.67308495989418e-06	12.9717256696591	0.999659090260867	80.1122053169805	9.03909e-14	0.109756	368	0.0139054439646965	7.45423479520426	0.618039434481803	16.6896521090265	96.801857426007	0.0469490961560996
SNP.6	7.297e-38	0.111789	662128	7.60523839521199e-06	12.8627128399032	0.999662103617215	78.7003527924726	2.40625e-14	0.111789	368	0.0136838078482199	7.62681473821572	0.621825101835071	17.5990562357436	96.2994090282163	0.0284064308091749
SNP.7	6.913e-38	0.115217	662060	7.40831298535656e-06	12.8668900298279	0.999670850020476	78.7416844783307	7.00348e-13	0.115217	368	0.0133281187366445	7.17936722540344	0.62799836534502	15.6901298767502	94.431814355081	0.00438864657962769
SNP.8	6.848e-38	0.104167	661938	8.09460158294701e-06	12.8676198671552	0.999640369310409	78.7928310241604	5.62563e-14	0.104167	368	0.014560120604926	7.51651344092875	0.607121607613152	16.6834429197135	95.4762739438739	0.0124719294134078
SNP.9	1.027e-38	0.111789	666465	7.55574754585e-06	13.0133778926069	0.999664301729135	80.6459282693938	2.40625e-14	0.111789	368	0.0136838078482199	7.62681473821572	0.621825101835071	17.5990562357436	98.2449845051375	0.1987784789131
