snp	pvalues.df1	MAF.df1	N.df1	V.df1	z.df1	r.df1	lABF.df1	pvalues.df2	MAF.df2	N.df2	V.df2	z.df2	r.df2	lABF.df2	internal.sum.lABF	SNP.PP.H4
SNP.1	1.388e-37	0.103015	664869	8.13857317816118e-06	12.8129260975831	0.999638416426498	78.0933481301771	1.11635e-22	0.103015	574	0.00942697737001889	9.80085648805431	0.704733170924244	33.2372644495241	111.330612579701	0.0133808438356988
SNP.10	1.004e-38	0.101759	667721	8.1923644497796e-06	13.0151081877302	0.999636027437604	80.7064773239425	6.93869e-23	0.101759	574	0.00952998916859109	9.84877146832938	0.702466675263934	33.462921933138	114.16939925708	0.228745675036781
SNP.11	5.767e-38	0.102757	666515	8.13651784595358e-06	12.8808855917509	0.999638507708557	78.9659829968148	8.7094e-23	0.102757	574	0.00944792890609015	9.82589835102141	0.704271005051313	33.3889206331713	112.354903629986	0.0372672591326172
SNP.12	5.495e-39	0.102757	657448	8.24873022976075e-06	13.0610699565771	0.999633524121373	81.3087264343646	8.7094e-23	0.102757	574	0.00944792890609015	9.82589835102141	0.704271005051313	33.3889206331713	114.697647067536	0.387943072108707
SNP.13	3.013e-37	0.100756	660622	8.35350054699332e-06	12.7526565139589	0.999628871096822	77.3354651348051	8.53195e-23	0.100756	574	0.00961412236647355	9.8279720494303	0.700626339503816	33.2333794829576	110.568844617763	0.00624671769948063
SNP.2	8.242e-38	0.102757	661205	8.20186053054007e-06	12.8532979960882	0.999635605696921	78.6148973810274	8.7094e-23	0.102757	574	0.00944792890609015	9.82589835102141	0.704271005051313	33.3889206331713	112.003818014199	0.0262332988994001
SNP.3	8.195e-38	0.102703	660910	8.20934175630773e-06	12.8537402731104	0.999635273440385	78.6210083729573	1.63911e-19	0.102703	574	0.0094523276309431	9.03506099096083	0.704174051414354	28.13269124928	106.753699622237	0.000137643421806458
SNP.4	4.679e-38	0.102757	665498	8.14895190082577e-06	12.8970103505212	0.999637955483668	79.1744563477057	8.7094e-23	0.102757	574	0.00944792890609015	9.82589835102141	0.704271005051313	33.3889206331713	112.563376980877	0.0459056645822705
SNP.5	1.77e-38	0.101504	666903	8.22068539855169e-06	12.9717256696591	0.999634769646457	80.1446144110266	1.2825e-21	0.101504	574	0.009551219084234	9.55116169797279	0.702001379132183	31.4145958082975	111.559210219324	0.0168175294030692
SNP.6	7.297e-38	0.102757	662128	8.19042721663447e-06	12.8627128399032	0.999636113474199	78.7352541599549	8.7094e-23	0.102757	574	0.00944792890609015	9.82589835102141	0.704271005051313	33.3889206331713	112.124174793126	0.0295885165918749
SNP.7	6.913e-38	0.107817	662060	7.85111732563474e-06	12.8668900298279	0.999651183167833	78.769073205418	3.35392e-20	0.107817	574	0.009055593617787	9.20699189886609	0.713027308962345	29.5970148500441	108.366088055462	0.000690250706531548
SNP.8	6.848e-38	0.0943152	661938	8.84288387308099e-06	12.8676198671552	0.999607137340702	78.8342710421717	2.00268e-16	0.0943152	574	0.0101976321693022	8.22192165740105	0.688123221996602	22.6759898821944	101.510260924366	7.27041109195718e-07
SNP.9	1.027e-38	0.102757	666465	8.13712826944513e-06	13.0133778926069	0.999638480598235	80.6807933694943	8.7094e-23	0.102757	574	0.00944792890609015	9.82589835102141	0.704271005051313	33.3889206331713	114.069714002666	0.207042801540655
