snp	pvalues.df1	MAF.df1	N.df1	V.df1	z.df1	r.df1	lABF.df1	pvalues.df2	MAF.df2	N.df2	V.df2	z.df2	r.df2	lABF.df2	internal.sum.lABF	SNP.PP.H4
SNP.1	1.388e-37	0.0958084	664869	8.68100216647667e-06	12.8129260975831	0.999614326482941	78.123619694517	3.14938e-16	0.0958084	465	0.0124123209234907	8.16746464432843	0.644471619326256	20.9784633148472	99.1020830093643	0.0130868084086327
SNP.10	1.004e-38	0.0955224	667721	8.66706249096407e-06	13.0151081877302	0.999614945546669	80.7328448985079	2.67007e-16	0.0955224	465	0.0124455475989871	8.18736521074886	0.643858847433031	21.0636646065385	101.796509505046	0.193645898703806
SNP.11	5.767e-38	0.0955224	666515	8.68274477472978e-06	12.8808855917509	0.999614249093419	78.9964460978267	2.67007e-16	0.0955224	465	0.0124455475989871	8.18736521074886	0.643858847433031	21.0636646065385	100.060110704365	0.0341114268413644
SNP.12	5.495e-39	0.0955224	657448	8.80249028596789e-06	13.0610699565771	0.999608931204147	81.3391041570998	2.67007e-16	0.0955224	465	0.0124455475989871	8.18736521074886	0.643858847433031	21.0636646065385	102.402768763638	0.355061312353281
SNP.13	3.013e-37	0.0928144	660622	8.98887751074855e-06	12.7526565139589	0.999600653873896	77.3698101851383	1.83258e-16	0.0928144	465	0.0127704306213026	8.2325575881493	0.637928134237478	21.1098347845461	98.4796449696844	0.00702283295491859
SNP.2	8.242e-38	0.0955224	661205	8.75247409431117e-06	12.8532979960882	0.999611152412628	78.645352915384	2.67007e-16	0.0955224	465	0.0124455475989871	8.18736521074886	0.643858847433031	21.0636646065385	99.7090175219225	0.024011652748448
SNP.3	8.195e-38	0.100324	660910	8.38178866421991e-06	12.8537402731104	0.999627614781777	78.6307661615056	7.55328e-17	0.100324	465	0.0119131353678916	8.33803878750938	0.653820111404122	22.197333746295	100.828099907801	0.0735247165719109
SNP.4	4.679e-38	0.0955224	665498	8.69601356206783e-06	12.8970103505212	0.99961365982477	79.2049113076877	2.67007e-16	0.0955224	465	0.0124455475989871	8.18736521074886	0.643858847433031	21.0636646065385	100.268575914226	0.042017980592035
SNP.5	1.77e-38	0.0940299	666903	8.80090826635397e-06	12.9717256696591	0.999609001461152	80.176534242035	1.32548e-15	0.0940299	465	0.0126222626356049	7.99220350579045	0.640619319815428	19.9481944947675	100.124728736803	0.036388415139282
SNP.6	7.297e-38	0.0955224	662128	8.74027323044641e-06	12.8627128399032	0.999611694251906	78.7657095689041	2.67007e-16	0.0955224	465	0.0124455475989871	8.18736521074886	0.643858847433031	21.0636646065385	99.8293741754426	0.0270827203003426
SNP.7	6.913e-38	0.0987261	662060	8.48757996185383e-06	12.8668900298279	0.999622916469545	78.8056932229605	1.55671e-14	0.0987261	465	0.0120844885796666	7.6827814816719	0.650580677177587	18.6745636542666	97.4802568772272	0.00258513724399559
SNP.8	6.848e-38	0.089939	661938	9.22856409834486e-06	12.8676198671552	0.999590009756573	78.8541897265804	1.10235e-14	0.089939	465	0.0131370693809252	7.72685625767777	0.631365047431291	18.3486323018069	97.2028220283873	0.0019588229363501
SNP.9	1.027e-38	0.0955224	666465	8.68339617763726e-06	13.0133778926069	0.999614220164512	80.7112147024954	2.67007e-16	0.0955224	465	0.0124455475989871	8.18736521074886	0.643858847433031	21.0636646065385	101.774879309034	0.189502275205633
