snp	pvalues.df1	MAF.df1	N.df1	V.df1	z.df1	r.df1	lABF.df1	pvalues.df2	MAF.df2	N.df2	V.df2	z.df2	r.df2	lABF.df2	internal.sum.lABF	SNP.PP.H4
SNP.1	1.388e-37	0.116573	664869	7.30239428759265e-06	12.8129260975831	0.999675554441858	78.0422088992966	2.74184e-08	0.116573	497	0.0097688844820874	5.55716980391729	0.697266123732596	10.1690831329132	88.2112920322098	0.0134743472009216
SNP.10	1.004e-38	0.114846	667721	7.3661449280842e-06	13.0151081877302	0.999672722926323	80.6564496268953	5.56316e-08	0.114846	497	0.00989643794270687	5.43230221409888	0.694520800088926	9.65468543596224	90.3111350628575	0.110016538123491
SNP.11	5.767e-38	0.115922	666515	7.31987437699735e-06	12.8808855917509	0.999674778053635	78.916125505901	3.21586e-08	0.115922	497	0.00981651120801687	5.52925914125925	0.696238522010332	10.0471917976326	88.9633173035336	0.028583023044837
SNP.12	5.495e-39	0.115922	657448	7.42082426349215e-06	13.0610699565771	0.999670294329971	81.2589965996691	3.21586e-08	0.115922	497	0.00981651120801687	5.52925914125925	0.696238522010332	10.0471917976326	91.3061883973017	0.297580279461468
SNP.13	3.013e-37	0.115169	660622	7.42713035310589e-06	12.7526565139589	0.999670014244183	77.2800607145173	4.49606e-08	0.115169	497	0.00987228512702117	5.4701692563053	0.69503897892025	9.8049537363239	87.0850144508412	0.00436889487911855
SNP.2	8.242e-38	0.115922	661205	7.37865876752957e-06	12.8532979960882	0.999672167119974	78.5650512048904	3.21586e-08	0.115922	497	0.00981651120801687	5.52925914125925	0.696238522010332	10.0471917976326	88.612243002523	0.0201204888314509
SNP.3	8.195e-38	0.116071	660910	7.37371881871276e-06	12.8537402731104	0.999672386529373	78.5704175345707	7.92756e-08	0.116071	497	0.0098055623832504	5.36876963876551	0.696474487367713	9.44133665955449	88.0117541941252	0.011036962116066
SNP.4	4.679e-38	0.115922	665498	7.33106045455341e-06	12.8970103505212	0.999674281218201	79.1246110291579	3.21586e-08	0.115922	497	0.00981651120801687	5.52925914125925	0.696238522010332	10.0471917976326	89.1718028267905	0.035208884981555
SNP.5	1.77e-38	0.114525	666903	7.39317061612631e-06	12.9717256696591	0.999671522572157	80.0946764701223	9.54804e-09	0.114525	497	0.00992057879961063	5.7385680465105	0.694003649320111	10.835082675564	90.9297591456863	0.204231628570896
SNP.6	7.297e-38	0.115922	662128	7.36837298888491e-06	12.8627128399032	0.999672623966215	78.685408171064	3.21586e-08	0.115922	497	0.00981651120801687	5.52925914125925	0.696238522010332	10.0471917976326	88.7325999686966	0.0226938873141071
SNP.7	6.913e-38	0.120896	662060	7.10592250013186e-06	12.8668900298279	0.999684280932226	78.7219659083278	5.28178e-09	0.120896	497	0.0094658894374996	5.83804214077404	0.703875299449824	11.3865107033502	90.108476611678	0.0898347839924163
SNP.8	6.848e-38	0.107759	661938	7.85628016357948e-06	12.8676198671552	0.999650953868472	78.7787705230786	3.80124e-07	0.107759	497	0.010463521889174	5.07865112441492	0.682572695831677	8.22894222008275	87.0077127431613	0.00404389518174494
SNP.9	1.027e-38	0.115922	666465	7.32042353369552e-06	13.0133778926069	0.999674753662544	80.6309983281678	3.21586e-08	0.115922	497	0.00981651120801687	5.52925914125925	0.696238522010332	10.0471917976326	90.6781901258004	0.158806386301933
