snp	pvalues.df1	MAF.df1	N.df1	V.df1	z.df1	r.df1	lABF.df1	pvalues.df2	MAF.df2	N.df2	V.df2	z.df2	r.df2	lABF.df2	internal.sum.lABF	SNP.PP.H4
SNP.1	1.388e-37	0.103814	664869	8.08313514688964e-06	12.8129260975831	0.999640878563565	78.0901339330802	0.0010435	0.103814	324	0.0165871172283252	3.27852803094841	0.575637232814267	2.66510591285674	80.7552398459369	0.0133422412643524
SNP.10	1.004e-38	0.101695	667721	8.19693613881031e-06	13.0151081877302	0.999635824399348	80.7067389692696	0.00180458	0.101695	324	0.0168927975171067	3.12064080937679	0.571170402158648	2.35779483067307	83.0645337999427	0.134320534384151
SNP.11	5.767e-38	0.103376	666515	8.09338114810311e-06	12.8808855917509	0.999640423512954	78.9634850275209	0.000891994	0.103376	324	0.016649259061506	3.32254775970653	0.574723520684033	2.74477157614421	81.7082566036651	0.0346033948715218
SNP.12	5.495e-39	0.103376	657448	8.20499862487671e-06	13.0610699565771	0.999635466327707	81.3062352078104	0.000891994	0.103376	324	0.016649259061506	3.32254775970653	0.574723520684033	2.74477157614421	84.0510067839546	0.360215324124395
SNP.13	3.013e-37	0.101266	660622	8.31614674845768e-06	12.7526565139589	0.999630530036355	77.3333600305379	0.00134171	0.101266	324	0.0169562638804309	3.20690563422181	0.570251660628195	2.51002578801029	79.8433858185482	0.00536062734283463
SNP.2	8.242e-38	0.103376	661205	8.15837741083014e-06	12.8532979960882	0.999637536875562	78.6124000093374	0.000891994	0.103376	324	0.016649259061506	3.32254775970653	0.574723520684033	2.74477157614421	81.3571715854817	0.0243581568435201
SNP.3	8.195e-38	0.107306	660910	7.89770775759176e-06	12.8537402731104	0.99964911393058	78.6028085570049	0.000458559	0.107306	324	0.0161101050434258	3.50386427961923	0.582748997307664	3.14018997058896	81.7429985275938	0.0358267105104359
SNP.4	4.679e-38	0.103376	665498	8.10574928238394e-06	12.8970103505212	0.999639874213642	79.1719590213494	0.000891994	0.103376	324	0.016649259061506	3.32254775970653	0.574723520684033	2.74477157614421	81.9167305974936	0.0426243543703788
SNP.5	1.77e-38	0.101266	666903	8.23782393730365e-06	12.9717256696591	0.999634008490503	80.14559131028	0.00124049	0.101266	324	0.0169562638804309	3.22940289531098	0.570251660628195	2.5513118124836	82.6969031227636	0.0929998903409487
SNP.6	7.297e-38	0.103376	662128	8.14700471197101e-06	12.8627128399032	0.99963804196275	78.732756798163	0.000891994	0.103376	324	0.016649259061506	3.32254775970653	0.574723520684033	2.74477157614421	81.4775283743072	0.0274735456569747
SNP.7	6.913e-38	0.105381	662060	8.01073235186664e-06	12.8668900298279	0.99964409416509	78.778546008381	0.00323874	0.105381	324	0.0163690909286322	2.94412037896492	0.578866123761742	2.07635861204428	80.8549046204253	0.014740514802361
SNP.8	6.848e-38	0.0969828	661938	8.62505652377521e-06	12.8676198671552	0.999616811044561	78.8226059772315	0.00146242	0.0969828	324	0.0176211502013417	3.18203924641819	0.56080146972575	2.4277603770951	81.2503663543266	0.0218906924803326
SNP.9	1.027e-38	0.103376	666465	8.09398833536336e-06	13.0133778926069	0.999640396546258	80.6782986987953	0.000891994	0.103376	324	0.016649259061506	3.32254775970653	0.574723520684033	2.74477157614421	83.4230702749395	0.192244013007787
