snp	pvalues.df1	MAF.df1	N.df1	V.df1	z.df1	r.df1	lABF.df1	pvalues.df2	MAF.df2	N.df2	V.df2	z.df2	r.df2	lABF.df2	internal.sum.lABF	SNP.PP.H4
SNP.1	1.388e-37	0.102094	664869	8.20356884285884e-06	12.8129260975831	0.999635529827257	78.0970869407599	1.7452e-11	0.102094	515	0.0105908710931703	6.72589198097894	0.679945835715513	14.8099341507303	92.9070210914902	0.0104361106490478
SNP.10	1.004e-38	0.100785	667721	8.26257712297846e-06	13.0151081877302	0.999632909155264	80.7104786482795	5.40527e-12	0.100785	515	0.0107128082701598	6.8945049598791	0.677449489274751	15.5352615301819	96.2457401784615	0.294120943977189
SNP.11	5.767e-38	0.101828	666515	8.2022565814518e-06	12.8808855917509	0.999635588107484	78.9697628323642	1.39197e-11	0.101828	515	0.0106153923211385	6.7587399219622	0.679442350608589	14.9498087706479	93.9195716030121	0.0287265700834859
SNP.12	5.495e-39	0.101828	657448	8.31537558162219e-06	13.0610699565771	0.999630564285116	81.312495994294	1.39197e-11	0.101828	515	0.0106153923211385	6.7587399219622	0.679442350608589	14.9498087706479	96.2623047649419	0.29903351078064
SNP.13	3.013e-37	0.0997375	660622	8.42925774431978e-06	12.7526565139589	0.999625506620307	77.3397038894298	1.25608e-11	0.0997375	515	0.0108127244845981	6.77360998927079	0.675417587366735	14.9320768216742	92.2717807111041	0.00552913613730248
SNP.2	8.242e-38	0.101828	661205	8.26812720016688e-06	12.8532979960882	0.999632662666295	78.6186763058642	1.39197e-11	0.101828	515	0.0106153923211385	6.7587399219622	0.679442350608589	14.9498087706479	93.5684850765121	0.0202212888897164
SNP.3	8.195e-38	0.103352	660910	8.16369577151112e-06	12.8537402731104	0.999637300675353	78.618388973051	3.37351e-10	0.103352	515	0.0104766372278629	6.28056214413532	0.682301225698935	12.883517343984	91.5019063170351	0.00256038386724567
SNP.4	4.679e-38	0.101828	665498	8.21479109687233e-06	12.8970103505212	0.999635031424166	79.1782352034485	1.39197e-11	0.101828	515	0.0106153923211385	6.7587399219622	0.679442350608589	14.9498087706479	94.1280439740964	0.0353852424208747
SNP.5	1.77e-38	0.101828	666903	8.19748455980307e-06	12.9717256696591	0.999635800042832	80.1432884959788	1.39197e-11	0.101828	515	0.0106153923211385	6.7587399219622	0.679442350608589	14.9498087706479	95.0930972666267	0.0928836974030351
SNP.6	7.297e-38	0.101828	662128	8.25660151116755e-06	12.8627128399032	0.999633174543131	78.7390330697058	1.39197e-11	0.101828	515	0.0106153923211385	6.7587399219622	0.679442350608589	14.9498087706479	93.6888418403537	0.0228075750248111
SNP.7	6.913e-38	0.105337	662060	8.01368435405029e-06	12.8668900298279	0.999643963058383	78.7787193090094	1.31698e-11	0.105337	515	0.0103020191523156	6.76676029321808	0.685933384024978	15.1250421666657	93.903761475675	0.0282759707548409
SNP.8	6.848e-38	0.0946667	661938	8.81347055193645e-06	12.8676198671552	0.999608443574182	78.8327139568641	4.60316e-09	0.0946667	515	0.0113280991654519	5.86091773259644	0.665127528743292	10.8766811698809	89.7093951267449	0.000426409982666848
SNP.9	1.027e-38	0.101828	666465	8.20287193684041e-06	13.0133778926069	0.999635560778286	80.684568178131	1.39197e-11	0.101828	515	0.0106153923211385	6.7587399219622	0.679442350608589	14.9498087706479	95.6343769487789	0.159593160029148
