snp	pvalues.df1	MAF.df1	N.df1	V.df1	z.df1	r.df1	lABF.df1	pvalues.df2	MAF.df2	N.df2	V.df2	z.df2	r.df2	lABF.df2	internal.sum.lABF	SNP.PP.H4
SNP.1	1.388e-37	0.101828	664869	8.22256270842278e-06	12.8129260975831	0.999634686271405	78.0981735956764	4.54886e-10	0.101828	581	0.0094095129868956	6.23392669766487	0.705118878161511	13.0905177521605	91.1886913478369	0.0118497600177967
SNP.10	1.004e-38	0.10026	667721	8.30099668590458e-06	13.0151081877302	0.999631202875458	80.7126528043632	3.52119e-10	0.10026	581	0.00954001688142667	6.27389810256061	0.702246821007234	13.2151033500588	93.9277561544219	0.183345513073563
SNP.11	5.767e-38	0.101299	666515	8.24023682556393e-06	12.8808855917509	0.999633901329519	78.9719319435187	3.61752e-10	0.101299	581	0.00945308338690318	6.26969672101006	0.704157396253728	13.2309318318607	92.2028637753794	0.032670745460897
SNP.12	5.495e-39	0.101562	657448	8.33468592085883e-06	13.0610699565771	0.999629706682562	81.3135821918307	4.70971e-10	0.101562	581	0.00943136418123373	6.22848372597905	0.704636352906695	13.0580607031941	94.3716428950248	0.285790539435088
SNP.13	3.013e-37	0.10026	660622	8.39019864326179e-06	12.7526565139589	0.999627241283396	77.3375235502122	3.52572e-10	0.10026	581	0.00954001688142667	6.27369802828812	0.702246821007234	13.214221871883	90.5517454220951	0.00626740059147758
SNP.2	8.242e-38	0.101299	661205	8.30641245572968e-06	12.8532979960882	0.999630962352142	78.6208448908665	3.61752e-10	0.101299	581	0.00945308338690318	6.26969672101006	0.704157396253728	13.2309318318607	91.8517767227272	0.0229976719353457
SNP.3	8.195e-38	0.101671	660910	8.28314313668517e-06	12.8537402731104	0.999631995781997	78.6252108473186	1.2738e-08	0.101671	581	0.00942239609374629	5.68954274741589	0.704834309239331	10.797950090215	89.4231609375336	0.00202744667421253
SNP.4	4.679e-38	0.101299	665498	8.25282938159205e-06	12.8970103505212	0.999633342070389	79.1804037485279	3.61752e-10	0.101299	581	0.00945308338690318	6.26969672101006	0.704157396253728	13.2309318318607	92.4113355803886	0.0402436347404832
SNP.5	1.77e-38	0.1	666903	8.33038021354763e-06	12.9717256696591	0.999629897905672	80.1508298567091	2.33997e-10	0.1	581	0.00956205775482884	6.33718760999666	0.701764065552258	13.4864685811763	93.6372984378854	0.137127987597751
SNP.6	7.297e-38	0.101299	662128	8.294833397456e-06	12.8627128399032	0.999631476597456	78.7412016459915	3.61752e-10	0.101299	581	0.00945308338690318	6.26969672101006	0.704157396253728	13.2309318318607	91.9721334778522	0.0259390549410546
SNP.7	6.913e-38	0.104683	662060	8.05785900087384e-06	12.8668900298279	0.999642001142375	78.7813045553572	1.21557e-10	0.104683	581	0.00918207595545358	6.43737544366216	0.710180735367089	14.0956258550681	92.8769304104253	0.0641065586869651
SNP.8	6.848e-38	0.0946667	661938	8.81347055193645e-06	12.8676198671552	0.999608443574182	78.8327139568641	2.5066e-09	0.0946667	581	0.0100412582963988	5.96102539811583	0.69142993165971	11.696671512015	90.5293854688791	0.00612881694330592
SNP.9	1.027e-38	0.101299	666465	8.24085503033279e-06	13.0133778926069	0.999633873873866	80.6867343850241	3.61752e-10	0.101299	581	0.00945308338690318	6.26969672101006	0.704157396253728	13.2309318318607	93.9176662168848	0.181504869902054
