snp	pvalues.df1	MAF.df1	N.df1	V.df1	z.df1	r.df1	lABF.df1	pvalues.df2	MAF.df2	N.df2	V.df2	z.df2	r.df2	lABF.df2	internal.sum.lABF	SNP.PP.H4
SNP.1	1.388e-37	0.110429	664869	7.65544012888449e-06	12.8129260975831	0.999659873941591	78.0645210361884	3.70254e-11	0.110429	706	0.00720944025927946	6.61551757166603	0.757335035720585	15.8643746964128	93.9288957326013	0.0125981087046729
SNP.10	1.004e-38	0.109184	667721	7.69888725233237e-06	13.0151081877302	0.999657944275383	80.677281191096	7.62764e-11	0.109184	706	0.00728145707509154	6.50776641271885	0.755503666031789	15.2938993440809	95.971180535177	0.097108751742157
SNP.11	5.767e-38	0.10998	666515	7.66384292994142e-06	12.8808855917509	0.999659500737908	78.93781066973	3.56497e-11	0.10998	706	0.00723522134624632	6.62111602821679	0.756678409688056	15.8793938940635	94.8172045637934	0.0306261901784431
SNP.12	5.495e-39	0.110204	657448	7.75569619461827e-06	13.0610699565771	0.99965542116685	81.2797892568716	3.83108e-11	0.110204	706	0.00722233279286033	6.61046758559022	0.757006529628952	15.8325819368335	97.112371193705	0.30399831571841
SNP.13	3.013e-37	0.108384	660622	7.83202281030464e-06	12.7526565139589	0.999652031221738	77.3051300572025	9.42828e-12	0.108384	706	0.00732862120819982	6.81497097382897	0.754309085993381	16.8146607525324	94.119790809735	0.0152478998226308
SNP.2	8.242e-38	0.10998	661205	7.72538966046824e-06	12.8532979960882	0.99965676719763	78.5867316026439	3.56497e-11	0.10998	706	0.00723522134624632	6.62111602821679	0.756678409688056	15.8793938940635	94.4661254967074	0.0215586356822245
SNP.3	8.195e-38	0.112088	660910	7.60148837619252e-06	12.8537402731104	0.999662270172141	78.5847877190482	8.11329e-08	0.112088	706	0.00711600521630227	5.36459088564438	0.759724339446522	10.2190066313252	88.8037943503734	7.49034983699518e-05
SNP.4	4.679e-38	0.10998	665498	7.67555465298153e-06	12.8970103505212	0.999658980571568	79.1462910658626	3.56497e-11	0.10998	706	0.00723522134624632	6.62111602821679	0.756678409688056	15.8793938940635	95.0256849599261	0.0377254875066533
SNP.5	1.77e-38	0.108961	666903	7.72217322875898e-06	12.9717256696591	0.999656910052056	80.1152093418708	1.0218e-11	0.108961	706	0.007294533275891	6.80339778085038	0.755172091190515	16.7734314264269	96.8886407682977	0.243055967459256
SNP.6	7.297e-38	0.10998	662128	7.71462054232702e-06	12.8627128399032	0.999657245496827	78.7070884899858	3.56497e-11	0.10998	706	0.00723522134624632	6.62111602821679	0.756678409688056	15.8793938940635	94.5864823840493	0.0243159703697251
SNP.7	6.913e-38	0.115721	662060	7.38025156030414e-06	12.8668900298279	0.999672096375597	78.7398907623821	2.44389e-11	0.115721	706	0.00692091975639513	6.67669609189972	0.764761951234011	16.3223039909188	95.0621947533009	0.0391282894445705
SNP.8	6.848e-38	0.104822	661938	8.04990673559097e-06	12.8676198671552	0.9996423543235	78.7902279206686	3.32488e-10	0.104822	706	0.00754750589907027	6.28281904198667	0.748814230225218	14.0884959919632	92.8787239126317	0.00440779639066183
SNP.9	1.027e-38	0.10998	666465	7.66441789208721e-06	13.0133778926069	0.999659475201434	80.6526571878042	3.56497e-11	0.10998	706	0.00723522134624632	6.62111602821679	0.756678409688056	15.8793938940635	96.5320510818677	0.17015368348223
