snp	pvalues.df1	MAF.df1	N.df1	V.df1	z.df1	r.df1	lABF.df1	pvalues.df2	MAF.df2	N.df2	V.df2	z.df2	r.df2	lABF.df2	internal.sum.lABF	SNP.PP.H4
SNP.1	1.388e-37	0.101103	664869	8.2748465085825e-06	12.8129260975831	0.999632364249814	78.1011510532417	4.90317e-07	0.101103	386	0.0142530801122143	5.03006366501972	0.612193588436754	7.27109592635411	85.3722469795958	0.0130853117814177
SNP.10	1.004e-38	0.101103	667721	8.23950261159187e-06	13.0151081877302	0.999633933937364	80.7091676764352	4.90317e-07	0.101103	386	0.0142530801122143	5.03006366501972	0.612193588436754	7.27109592635411	87.9802636027893	0.177595232520781
SNP.11	5.767e-38	0.101103	666515	8.25441126353456e-06	12.8808855917509	0.999633271816076	78.9727387408791	4.90317e-07	0.101103	386	0.0142530801122143	5.03006366501972	0.612193588436754	7.27109592635411	86.2438346672332	0.0312831010980783
SNP.12	5.495e-39	0.101103	657448	8.36824953960577e-06	13.0610699565771	0.999628216072937	81.3154637505692	4.90317e-07	0.101103	386	0.0142530801122143	5.03006366501972	0.612193588436754	7.27109592635411	88.5865596769233	0.325643446498038
SNP.13	3.013e-37	0.101476	660622	8.30087645780868e-06	12.7526565139589	0.999631208214988	77.3324965610292	4.29286e-07	0.101476	386	0.0142065844748976	5.05549049941344	0.612969044161191	7.35850126975936	84.6909978307886	0.00662096555989759
SNP.2	8.242e-38	0.101103	661205	8.32070072566713e-06	12.8532979960882	0.999630327786941	78.6216514918656	4.90317e-07	0.101103	386	0.0142530801122143	5.03006366501972	0.612193588436754	7.27109592635411	85.8927474182197	0.0220208735599557
SNP.3	8.195e-38	0.1	660910	8.40591843905457e-06	12.8537402731104	0.999626543147057	78.6321144473206	2.30836e-05	0.1	386	0.0143926309729419	4.23276468010205	0.609877891780127	4.99272892633282	83.6248433736534	0.00227979780529886
SNP.4	4.679e-38	0.101103	665498	8.26702548063967e-06	12.8970103505212	0.999632711595642	79.1812103346269	4.90317e-07	0.101103	386	0.0142530801122143	5.03006366501972	0.612193588436754	7.27109592635411	86.452306260981	0.0385343343230657
SNP.5	1.77e-38	0.101103	666903	8.24960889861755e-06	12.9717256696591	0.999633485098044	80.1462617986116	4.90317e-07	0.101103	386	0.0142530801122143	5.03006366501972	0.612193588436754	7.27109592635411	87.4173577249657	0.101149650511764
SNP.6	7.297e-38	0.101103	662128	8.30910174968395e-06	12.8627128399032	0.999630842916182	78.7420082437371	4.90317e-07	0.101103	386	0.0142530801122143	5.03006366501972	0.612193588436754	7.27109592635411	86.0131041700913	0.0248373247896226
SNP.7	6.913e-38	0.103516	662060	8.13809264924685e-06	12.8668900298279	0.999638437767898	78.7859617753344	8.15237e-08	0.103516	386	0.0139583047133688	5.36372342786165	0.617143341603306	8.39741432501741	87.1833761003518	0.0800474419953333
SNP.8	6.848e-38	0.094697	661938	8.81094541198381e-06	12.8676198671552	0.999608555714766	78.8325800217302	1.62909e-05	0.094697	386	0.0151095844148128	4.31046854703937	0.598251758164555	5.10183561494789	83.9344156366781	0.00310700431799081
SNP.9	1.027e-38	0.101103	666465	8.25503053170795e-06	13.0133778926069	0.99963324431323	80.6875400985004	4.90317e-07	0.101103	386	0.0142530801122143	5.03006366501972	0.612193588436754	7.27109592635411	87.9586360248545	0.173795515238756
