snp	pvalues.df1	MAF.df1	N.df1	V.df1	z.df1	r.df1	lABF.df1	pvalues.df2	MAF.df2	N.df2	V.df2	z.df2	r.df2	lABF.df2	internal.sum.lABF	SNP.PP.H4
SNP.1	1.388e-37	0.114148	664869	7.43711408532806e-06	12.8129260975831	0.999669570815743	78.0508550387659	1.26342e-10	0.114148	469	0.0105430844451983	6.43151056366637	0.680929168017474	13.5119176912628	91.5627727300287	0.0138436902998212
SNP.10	1.004e-38	0.113419	667721	7.44681792590345e-06	13.0151081877302	0.999669139819094	80.661590520038	1.2e-10	0.113419	469	0.0106021251861454	6.43933257761781	0.679714667063648	13.5229142021479	94.1845047221859	0.190482732414518
SNP.11	5.767e-38	0.113419	666515	7.46029228494809e-06	12.8808855917509	0.999668541355263	78.9251057124808	1.2e-10	0.113419	469	0.0106021251861454	6.43933257761781	0.679714667063648	13.5229142021479	92.4480199146287	0.0335513378661436
SNP.12	5.495e-39	0.113419	657448	7.56317870356618e-06	13.0610699565771	0.999663971677275	81.2679548554947	1.2e-10	0.113419	469	0.0106021251861454	6.43933257761781	0.679714667063648	13.5229142021479	94.7908690576426	0.349298159406558
SNP.13	3.013e-37	0.11254	660622	7.57811643242079e-06	12.7526565139589	0.999663308224758	77.289574618203	1.73776e-10	0.11254	469	0.0106743506051571	6.38289064955961	0.678234828702337	13.2491153138958	90.5386899320987	0.00497162504195591
SNP.2	8.242e-38	0.113419	661205	7.52020434252943e-06	12.8532979960882	0.999665880369128	78.5740294657652	1.2e-10	0.113419	469	0.0106021251861454	6.43933257761781	0.679714667063648	13.5229142021479	92.0969436679131	0.0236177959298636
SNP.3	8.195e-38	0.113636	660910	7.51103238371491e-06	12.8537402731104	0.99966628773955	78.5791360455706	1.78474e-09	0.113636	469	0.0105844699631578	6.01627706512657	0.680077390541711	11.738063025493	90.3171990710636	0.00398387871342988
SNP.4	4.679e-38	0.113419	665498	7.47169294618793e-06	12.8970103505212	0.999668034995306	79.1335891426714	1.2e-10	0.113419	469	0.0106021251861454	6.43933257761781	0.679714667063648	13.5229142021479	92.6565033448193	0.0413288238093596
SNP.5	1.77e-38	0.113419	666903	7.45595193349284e-06	12.9717256696591	0.999668734131951	80.0986684492177	1.2e-10	0.113419	469	0.0106021251861454	6.43933257761781	0.679714667063648	13.5229142021479	93.6215826513656	0.108487990058063
SNP.6	7.297e-38	0.113419	662128	7.50972125072822e-06	12.8627128399032	0.999666345973245	78.6943863997637	1.2e-10	0.113419	469	0.0106021251861454	6.43933257761781	0.679714667063648	13.5229142021479	92.2173006019116	0.0266384970407323
SNP.7	6.913e-38	0.119792	662060	7.1624157652487e-06	12.8668900298279	0.999681771711914	78.7257163090864	4.68694e-10	0.119792	469	0.010110765419063	6.22924311061476	0.689956206512324	12.8008265265244	91.5265428356108	0.0133511117747988
SNP.8	6.848e-38	0.106209	661938	7.95711058689511e-06	12.8676198671552	0.999646475664237	78.7847738972094	1.7222e-09	0.106209	469	0.0112305199737061	6.02205156967481	0.667051679533531	11.5454656378967	90.3302395351061	0.00403617055444513
SNP.9	1.027e-38	0.113419	666465	7.46085197617606e-06	13.0133778926069	0.999668516496586	80.6399677965182	1.2e-10	0.113419	469	0.0106021251861454	6.43933257761781	0.679714667063648	13.5229142021479	94.1628819986661	0.186408187090313
