snp	pvalues.df1	MAF.df1	N.df1	V.df1	z.df1	r.df1	lABF.df1	pvalues.df2	MAF.df2	N.df2	V.df2	z.df2	r.df2	lABF.df2	internal.sum.lABF	SNP.PP.H4
SNP.1	1.388e-37	0.116573	664869	7.30239428759265e-06	12.8129260975831	0.999675554441858	78.0422088992966	0.000320243	0.116573	497	0.0097688844820874	3.5983495653518	0.697266123732596	3.91669200185621	81.9589009011528	0.0140040576061444
SNP.10	1.004e-38	0.114846	667721	7.3661449280842e-06	13.0151081877302	0.999672722926323	80.6564496268953	0.00042578	0.114846	497	0.00989643794270687	3.52356664724792	0.694520800088926	3.71848231382293	84.3749319407182	0.156863838162403
SNP.11	5.767e-38	0.115922	666515	7.31987437699735e-06	12.8808855917509	0.999674778053635	78.916125505901	0.000324124	0.115922	497	0.00981651120801687	3.59521482883369	0.696238522010332	3.90388351130221	82.8200090172032	0.0331305306266504
SNP.12	5.495e-39	0.115922	657448	7.42082426349215e-06	13.0610699565771	0.999670294329971	81.2589965996691	0.000324124	0.115922	497	0.00981651120801687	3.59521482883369	0.696238522010332	3.90388351130221	85.1628801109713	0.344924766954145
SNP.13	3.013e-37	0.115169	660622	7.42713035310589e-06	12.7526565139589	0.999670014244183	77.2800607145173	0.000459608	0.115169	497	0.00987228512702117	3.5032557200248	0.69503897892025	3.67125175747907	80.9513124719964	0.00511285873681214
SNP.2	8.242e-38	0.115922	661205	7.37865876752957e-06	12.8532979960882	0.999672167119974	78.5650512048904	0.000324124	0.115922	497	0.00981651120801687	3.59521482883369	0.696238522010332	3.90388351130221	82.4689347161926	0.023321622433285
SNP.3	8.195e-38	0.116071	660910	7.37371881871276e-06	12.8537402731104	0.999672386529373	78.5704175345707	0.000167024	0.116071	497	0.0098055623832504	3.76428844654746	0.696474487367713	4.3383307993216	82.9087483338923	0.0362049029175805
SNP.4	4.679e-38	0.115922	665498	7.33106045455341e-06	12.8970103505212	0.999674281218201	79.1246110291579	0.000324124	0.115922	497	0.00981651120801687	3.59521482883369	0.696238522010332	3.90388351130221	83.0284945404601	0.0408105552859751
SNP.5	1.77e-38	0.114525	666903	7.39317061612631e-06	12.9717256696591	0.999671522572157	80.0946764701223	0.000321904	0.114525	497	0.00992057879961063	3.59700362428911	0.694003649320111	3.89756952713657	83.9922459972588	0.106985382474237
SNP.6	7.297e-38	0.115922	662128	7.36837298888491e-06	12.8627128399032	0.999672623966215	78.685408171064	0.000324124	0.115922	497	0.00981651120801687	3.59521482883369	0.696238522010332	3.90388351130221	82.5892916823662	0.0263044439882505
SNP.7	6.913e-38	0.120896	662060	7.10592250013186e-06	12.8668900298279	0.999684280932226	78.7219659083278	0.000812853	0.120896	497	0.0094658894374996	3.34838059232081	0.703875299449824	3.3373153485538	82.0592812568816	0.0154827650399398
SNP.8	6.848e-38	0.107759	661938	7.85628016357948e-06	12.8676198671552	0.999650953868472	78.7787705230786	0.00105316	0.107759	497	0.010463521889174	3.27592640634778	0.682572695831677	3.08882736565537	81.867597888734	0.0127820789033547
SNP.9	1.027e-38	0.115922	666465	7.32042353369552e-06	13.0133778926069	0.999674753662544	80.6309983281678	0.000324124	0.115922	497	0.00981651120801687	3.59521482883369	0.696238522010332	3.90388351130221	84.53488183947	0.184072196871223
