snp	pvalues.df1	MAF.df1	N.df1	V.df1	z.df1	r.df1	lABF.df1	pvalues.df2	MAF.df2	N.df2	V.df2	z.df2	r.df2	lABF.df2	internal.sum.lABF	SNP.PP.H4
SNP.1	1.388e-37	0.101103	664869	8.2748465085825e-06	12.8129260975831	0.999632364249814	78.1011510532417	1.37734e-07	0.101103	386	0.0142530801122143	5.26824526954981	0.612193588436754	8.02191088004095	86.1230619332826	0.0141186133495646
SNP.10	1.004e-38	0.101103	667721	8.23950261159187e-06	13.0151081877302	0.999633933937364	80.7091676764352	1.37734e-07	0.101103	386	0.0142530801122143	5.26824526954981	0.612193588436754	8.02191088004095	88.7310785564761	0.191619310458285
SNP.11	5.767e-38	0.101103	666515	8.25441126353456e-06	12.8808855917509	0.999633271816076	78.9727387408791	1.37734e-07	0.101103	386	0.0142530801122143	5.26824526954981	0.612193588436754	8.02191088004095	86.9946496209201	0.0337534188070569
SNP.12	5.495e-39	0.101103	657448	8.36824953960577e-06	13.0610699565771	0.999628216072937	81.3154637505692	1.37734e-07	0.101103	386	0.0142530801122143	5.26824526954981	0.612193588436754	8.02191088004095	89.3373746306101	0.351358377066298
SNP.13	3.013e-37	0.101476	660622	8.30087645780868e-06	12.7526565139589	0.999631208214988	77.3324965610292	1.48282e-07	0.101476	386	0.0142065844748976	5.2546800759745	0.612969044161191	7.98792194676669	85.3204185077959	0.00632715442425342
SNP.2	8.242e-38	0.101103	661205	8.32070072566713e-06	12.8532979960882	0.999630327786941	78.6216514918656	1.37734e-07	0.101103	386	0.0142530801122143	5.26824526954981	0.612193588436754	8.02191088004095	86.6435623719065	0.0237597853689796
SNP.3	8.195e-38	0.1	660910	8.40591843905457e-06	12.8537402731104	0.999626543147057	78.6321144473206	5.05736e-05	0.1	386	0.0143926309729419	4.05296024085805	0.609877891780127	4.53842779780515	83.1705422451258	0.000737104455906588
SNP.4	4.679e-38	0.101103	665498	8.26702548063967e-06	12.8970103505212	0.999632711595642	79.1812103346269	1.37734e-07	0.101103	386	0.0142530801122143	5.26824526954981	0.612193588436754	8.02191088004095	87.2031212146678	0.041577256704179
SNP.5	1.77e-38	0.101103	666903	8.24960889861755e-06	12.9717256696591	0.999633485098044	80.1462617986116	1.37734e-07	0.101103	386	0.0142530801122143	5.26824526954981	0.612193588436754	8.02191088004095	88.1681726786525	0.109137086672036
SNP.6	7.297e-38	0.101103	662128	8.30910174968395e-06	12.8627128399032	0.999630842916182	78.7420082437371	1.37734e-07	0.101103	386	0.0142530801122143	5.26824526954981	0.612193588436754	8.02191088004095	86.7639191237781	0.0267986419582465
SNP.7	6.913e-38	0.103516	662060	8.13809264924685e-06	12.8668900298279	0.999638437767898	78.7859617753344	4.71018e-06	0.103516	386	0.0139583047133688	4.57729899990103	0.617143341603306	5.98504331524197	84.7710050905763	0.00365259246489692
SNP.8	6.848e-38	0.094697	661938	8.81094541198381e-06	12.8676198671552	0.999608555714766	78.8325800217302	6.97615e-07	0.094697	386	0.0151095844148128	4.96202642952281	0.598251758164555	6.90902471236947	85.7416047340997	0.00964111555456048
SNP.9	1.027e-38	0.101103	666465	8.25503053170795e-06	13.0133778926069	0.99963324431323	80.6875400985004	1.37734e-07	0.101103	386	0.0142530801122143	5.26824526954981	0.612193588436754	8.02191088004095	88.7094509785414	0.187519542715742
