snp	pvalues.df1	MAF.df1	N.df1	V.df1	z.df1	r.df1	lABF.df1	pvalues.df2	MAF.df2	N.df2	V.df2	z.df2	r.df2	lABF.df2	internal.sum.lABF	SNP.PP.H4
SNP.1	1.388e-37	0.110429	664869	7.65544012888449e-06	12.8129260975831	0.999659873941591	78.0645210361884	1.38545e-08	0.110429	706	0.00720944025927946	5.67517740425443	0.757335035720585	11.4879497859473	89.5524708221357	0.015636501396809
SNP.10	1.004e-38	0.109184	667721	7.69888725233237e-06	13.0151081877302	0.999657944275383	80.677281191096	2.83468e-08	0.109184	706	0.00728145707509154	5.55135239888934	0.755503666031789	10.9370947151559	91.6143759062519	0.122917463091507
SNP.11	5.767e-38	0.10998	666515	7.66384292994142e-06	12.8808855917509	0.999659500737908	78.93781066973	1.59699e-08	0.10998	706	0.00723522134624632	5.65080411148161	0.756678409688056	11.3742856283874	90.3120962981173	0.0334226391830688
SNP.12	5.495e-39	0.110204	657448	7.75569619461827e-06	13.0610699565771	0.99965542116685	81.2797892568716	1.56594e-08	0.110204	706	0.00722233279286033	5.65417785136307	0.757006529628952	11.393285757455	92.6730750143265	0.354324162155286
SNP.13	3.013e-37	0.108384	660622	7.83202281030464e-06	12.7526565139589	0.999652031221738	77.3051300572025	2.08748e-08	0.108384	706	0.00732862120819982	5.60459041614544	0.754309085993381	11.1451244442615	88.450254501464	0.00519341612502846
SNP.2	8.242e-38	0.10998	661205	7.72538966046824e-06	12.8532979960882	0.99965676719763	78.5867316026439	1.59699e-08	0.10998	706	0.00723522134624632	5.65080411148161	0.756678409688056	11.3742856283874	89.9610172310313	0.0235271347003321
SNP.3	8.195e-38	0.112088	660910	7.60148837619252e-06	12.8537402731104	0.999662270172141	78.5847877190482	9.95301e-08	0.112088	706	0.00711600521630227	5.32757971746912	0.759724339446522	10.0686838796094	88.6534715986576	0.00636369250075438
SNP.4	4.679e-38	0.10998	665498	7.67555465298153e-06	12.8970103505212	0.999658980571568	79.1462910658626	1.59699e-08	0.10998	706	0.00723522134624632	5.65080411148161	0.756678409688056	11.3742856283874	90.52057669425	0.0411701667622943
SNP.5	1.77e-38	0.108961	666903	7.72217322875898e-06	12.9717256696591	0.999656910052056	80.1152093418708	1.67e-08	0.108961	706	0.007294533275891	5.64311573877267	0.755172091190515	11.3205353403337	91.4357446822045	0.102809922866974
SNP.6	7.297e-38	0.10998	662128	7.71462054232702e-06	12.8627128399032	0.999657245496827	78.7070884899858	1.59699e-08	0.10998	706	0.00723522134624632	5.65080411148161	0.756678409688056	11.3742856283874	90.0813741183732	0.0265362390593906
SNP.7	6.913e-38	0.115721	662060	7.38025156030414e-06	12.8668900298279	0.999672096375597	78.7398907623821	2.24098e-08	0.115721	706	0.00692091975639513	5.59228699011485	0.764761951234011	11.2348792390123	89.9747700013944	0.0238529331618061
SNP.8	6.848e-38	0.104822	661938	8.04990673559097e-06	12.8676198671552	0.9996423543235	78.7902279206686	5.19142e-09	0.104822	706	0.00754750589907027	5.84091721143327	0.748814230225218	12.0826094071598	90.8728373278284	0.0585554705753908
SNP.9	1.027e-38	0.10998	666465	7.66441789208721e-06	13.0133778926069	0.999659475201434	80.6526571878042	1.59699e-08	0.10998	706	0.00723522134624632	5.65080411148161	0.756678409688056	11.3742856283874	92.0269428161916	0.185690258421355
