snp	pvalues.df1	MAF.df1	N.df1	V.df1	z.df1	r.df1	lABF.df1	pvalues.df2	MAF.df2	N.df2	V.df2	z.df2	r.df2	lABF.df2	internal.sum.lABF	SNP.PP.H4
SNP.1	1.388e-37	0.0905292	664869	9.13390473621666e-06	12.8129260975831	0.999594213407994	78.1473867945056	0.000950046	0.0905292	532	0.0114151317820745	3.3049167940515	0.663420686216887	3.07863720727322	81.2260240017789	0.0134891631822578
SNP.10	1.004e-38	0.0888889	667721	9.24604706362749e-06	13.0151081877302	0.999589233373508	80.7629874033853	0.00119152	0.0888889	532	0.011604849231903	3.24090233140053	0.659730229182559	2.92571278608707	83.6887001894724	0.158311217005521
SNP.11	5.767e-38	0.0900277	666515	9.15705344981779e-06	12.8808855917509	0.999593185412138	79.0212815252475	0.000918784	0.0900277	532	0.0114723937595964	3.3142831962926	0.66230246120482	3.09471946643666	82.1160009916842	0.0328471054125028
SNP.12	5.495e-39	0.0900277	657448	9.28334024912282e-06	13.0610699565771	0.999587577262732	81.3638654519629	0.000918784	0.0900277	532	0.0114723937595964	3.3142831962926	0.66230246120482	3.09471946643666	84.4585849183995	0.34187581342094
SNP.13	3.013e-37	0.0891365	660622	9.32197846265888e-06	12.7526565139589	0.99958586142792	77.3867933896472	0.0010855	0.0891365	532	0.0115757595036816	3.26737445379149	0.660293426403864	2.98472256599978	80.371515955647	0.00573953725631118
SNP.2	8.242e-38	0.0900277	661205	9.2305918438386e-06	12.8532979960882	0.999589919708442	78.6701817733397	0.000918784	0.0900277	532	0.0114723937595964	3.3142831962926	0.66230246120482	3.09471946643666	81.7649012397764	0.0231215220406115
SNP.3	8.195e-38	0.0919881	660910	9.05741969888164e-06	12.8537402731104	0.999597609996278	78.667033949341	0.00162165	0.0919881	532	0.0112521414533606	3.15198428630182	0.666624369037174	2.76221549820394	81.4292494475449	0.0165289283911891
SNP.4	4.679e-38	0.0900277	665498	9.17104706566406e-06	12.8970103505212	0.999592563979967	79.2297396663988	0.000918784	0.0900277	532	0.0114723937595964	3.3142831962926	0.66230246120482	3.09471946643666	82.3244591328355	0.0404603210579776
SNP.5	1.77e-38	0.0900277	666903	9.15172593331459e-06	12.9717256696591	0.999593421998095	80.1947594847495	0.000918784	0.0900277	532	0.0114723937595964	3.3142831962926	0.66230246120482	3.09471946643666	83.2894789511861	0.106201856014742
SNP.6	7.297e-38	0.0900277	662128	9.2177244884755e-06	12.8627128399032	0.99959049112229	78.7905383178574	0.000918784	0.0900277	532	0.0114723937595964	3.3142831962926	0.66230246120482	3.09471946643666	81.8852577842941	0.0260787398788241
SNP.7	6.913e-38	0.0967262	662060	8.64388767782594e-06	12.8668900298279	0.99961597474637	78.8142393910113	0.000709743	0.0967262	532	0.010757090744326	3.38578757883293	0.676547451879528	3.31346888856229	82.1277082795736	0.0332339157639425
SNP.8	6.848e-38	0.0864023	661938	9.56912857392761e-06	12.8676198671552	0.999574886195321	78.8710494528549	0.00158767	0.0864023	532	0.0119063342668581	3.15816255504234	0.653949352043387	2.73065731901686	81.6017067718718	0.0196400216631825
SNP.9	1.027e-38	0.0900277	666465	9.15774043664004e-06	13.0133778926069	0.999593154904229	80.7360138628864	0.000918784	0.0900277	532	0.0114723937595964	3.3142831962926	0.66230246120482	3.09471946643666	83.8307333293231	0.182471858912002
