snp	pvalues.df1	MAF.df1	N.df1	V.df1	z.df1	r.df1	lABF.df1	pvalues.df2	MAF.df2	N.df2	V.df2	z.df2	r.df2	lABF.df2	internal.sum.lABF	SNP.PP.H4
SNP.1	1.388e-37	0.116573	664869	7.30239428759265e-06	12.8129260975831	0.999675554441858	78.0422088992966	6.64843e-05	0.116573	497	0.0097688844820874	3.98852891583282	0.697266123732596	4.94873069366832	82.9909395929649	0.0143214298329623
SNP.10	1.004e-38	0.114846	667721	7.3661449280842e-06	13.0151081877302	0.999672722926323	80.6564496268953	8.5865e-05	0.114846	497	0.00989643794270687	3.92741150160596	0.694520800088926	4.76340246507662	85.4198520919719	0.16249861915492
SNP.11	5.767e-38	0.115922	666515	7.31987437699735e-06	12.8808855917509	0.999674778053635	78.916125505901	6.17048e-05	0.115922	497	0.00981651120801687	4.00619466866499	0.696238522010332	4.99141715389541	83.9075426597964	0.0358147590369044
SNP.12	5.495e-39	0.115922	657448	7.42082426349215e-06	13.0610699565771	0.999670294329971	81.2589965996691	6.17048e-05	0.115922	497	0.00981651120801687	4.00619466866499	0.696238522010332	4.99141715389541	86.2504137535645	0.372870496809548
SNP.13	3.013e-37	0.115169	660622	7.42713035310589e-06	12.7526565139589	0.999670014244183	77.2800607145173	7.28882e-05	0.115169	497	0.00987228512702117	3.96665559032313	0.69503897892025	4.87420990782884	82.1542706223461	0.00620334110371849
SNP.2	8.242e-38	0.115922	661205	7.37865876752957e-06	12.8532979960882	0.999672167119974	78.5650512048904	6.17048e-05	0.115922	497	0.00981651120801687	4.00619466866499	0.696238522010332	4.99141715389541	83.5564683587858	0.0252111352278155
SNP.3	8.195e-38	0.116071	660910	7.37371881871276e-06	12.8537402731104	0.999672386529373	78.5704175345707	0.000643158	0.116071	497	0.0098055623832504	3.412729275169	0.696474487367713	3.45967725045512	82.0300947850258	0.00547894298978471
SNP.4	4.679e-38	0.115922	665498	7.33106045455341e-06	12.8970103505212	0.999674281218201	79.1246110291579	6.17048e-05	0.115922	497	0.00981651120801687	4.00619466866499	0.696238522010332	4.99141715389541	84.1160281830533	0.0441170176294648
SNP.5	1.77e-38	0.114525	666903	7.39317061612631e-06	12.9717256696591	0.999671522572157	80.0946764701223	0.000184033	0.114525	497	0.00992057879961063	3.7399825917084	0.694003649320111	4.26158648672542	84.3562629568477	0.0560968897099473
SNP.6	7.297e-38	0.115922	662128	7.36837298888491e-06	12.8627128399032	0.999672623966215	78.685408171064	6.17048e-05	0.115922	497	0.00981651120801687	4.00619466866499	0.696238522010332	4.99141715389541	83.6768253249594	0.028435624338631
SNP.7	6.913e-38	0.120896	662060	7.10592250013186e-06	12.8668900298279	0.999684280932226	78.7219659083278	9.09361e-05	0.120896	497	0.0094658894374996	3.91358438791762	0.703875299449824	4.7818399724159	83.5038058807437	0.0239178081652704
SNP.8	6.848e-38	0.107759	661938	7.85628016357948e-06	12.8676198671552	0.999650953868472	78.7787705230786	7.13032e-05	0.107759	497	0.010463521889174	3.97189483033952	0.682572695831677	4.81036263818604	83.5891331612646	0.0260482496373638
SNP.9	1.027e-38	0.115922	666465	7.32042353369552e-06	13.0133778926069	0.999674753662544	80.6309983281678	6.17048e-05	0.115922	497	0.00981651120801687	4.00619466866499	0.696238522010332	4.99141715389541	85.6224154820632	0.198985686363666
