snp	pvalues.df1	MAF.df1	N.df1	V.df1	z.df1	r.df1	lABF.df1	pvalues.df2	MAF.df2	N.df2	V.df2	z.df2	r.df2	lABF.df2	internal.sum.lABF	SNP.PP.H4
SNP.1	1.611e-21	0.496377	743324	2.69075802011739e-06	9.52751055577744	0.999880425054539	40.8655179673648	8.20943e-05	0.496377	605	0.00330595870172849	3.93820249660026	0.871891653399141	5.73383570710705	46.5993536744719	0.00078044132716893
SNP.10	5.486e-24	0.485507	753431	2.65675528271549e-06	10.1006808022313	0.999881935928206	46.4837121146754	0.000175199	0.485507	605	0.00330856494117622	3.75232947559628	0.87180360672059	5.11039121053747	51.5941033252129	0.115221220323862
SNP.11	2.542e-22	0.495169	755145	2.64874524219806e-06	9.71739558909886	0.999882291846076	42.6846799234023	9.45816e-05	0.495169	605	0.00330609376185067	3.90408739739203	0.871887090221377	5.61718557741312	48.3018655008154	0.00428283901562504
SNP.12	1.654e-23	0.4843	734613	2.72520887345183e-06	9.99188856622908	0.999878894273998	45.4034497804628	0.000134595	0.4843	605	0.00330904771264971	3.81789533624311	0.871787299187027	5.32669507953224	50.730144859995	0.0485646291312154
SNP.13	5.752e-22	0.471014	752878	2.66543074848736e-06	9.63387244676706	0.999881550443138	41.8797407356124	5.09201e-05	0.471014	605	0.00331693251414821	4.05136317321522	0.871521044867338	6.1263792365802	48.0061199721926	0.00318633254332878
SNP.14	2.945e-22	0.469807	753026	2.66567107748132e-06	9.70239604294906	0.99988153976438	42.5422021627403	6.19491e-05	0.469807	605	0.00331788368395281	4.00526077759772	0.871488936716565	5.96439224981976	48.5065944125601	0.0052558672438592
SNP.15	7.475e-21	0.48063	746978	2.68147935641698e-06	9.36682100975166	0.999880837341146	39.3459298487226	0.000113862	0.48063	605	0.00331075386231015	3.85897839935362	0.871729672059496	5.463966953249	44.8098968019716	0.000130373406555854
SNP.16	5.467e-22	0.47343	751379	2.66931031174622e-06	9.63909086111408	0.999881378058979	41.9307410650401	4.50793e-05	0.47343	605	0.00331514663261085	4.07977506386775	0.871581336345268	6.22731614480713	48.1580572098472	0.0037091688435513
SNP.2	2.958e-22	0.492754	753266	2.65566230835018e-06	9.7019467441986	0.999881984493377	42.5359837803276	0.000172007	0.492754	605	0.00330647954439951	3.75693521954817	0.871874056331055	5.12568953650726	47.6616733168349	0.00225787459730775
SNP.3	1.609e-22	0.491546	751817	2.66098255882751e-06	9.76386722078165	0.999881748093664	43.1395681871951	0.000250399	0.491546	605	0.00330673045360334	3.66185149970559	0.871865579425168	4.81815325703731	47.9577214442324	0.00303579111515954
SNP.4	1.298e-24	0.4843	753142	2.65816255918947e-06	10.2410647074065	0.999881873397356	47.9116318442195	0.000181918	0.4843	605	0.00330904771264971	3.74288706950254	0.871787299187027	5.07949055711314	52.9911224013326	0.465854340680919
SNP.5	2.273e-24	0.479469	746511	2.68365485716267e-06	10.1867217805341	0.999880740675276	47.3613574703934	0.000350928	0.479469	605	0.00331136838194274	3.57447749047655	0.871708917832527	4.54213742680961	51.903494897203	0.156999953236039
SNP.6	1.543e-23	0.481884	743947	2.69189736210348e-06	9.99877104001509	0.999880374429229	45.46615937841	0.00043002	0.481884	605	0.0033101305237104	3.52093994227149	0.8717507251399	4.37666502460491	49.8428244030149	0.0199968550422246
SNP.7	1.931e-23	0.470803	745283	2.69272618900088e-06	9.97653105197846	0.999880337601292	45.244212784074	0.000330429	0.470803	605	0.00331709595424322	3.59019631813406	0.87151552753562	4.59073027115452	49.8349430552285	0.0198398723033737
SNP.8	5.587e-24	0.474638	746112	2.68747737924428e-06	10.0988917294705	0.999880570825954	46.4713234094702	0.00019594	0.474638	605	0.00331431259897968	3.72419427374248	0.871609496233083	5.01810812867642	51.4894315381466	0.103770543425717
SNP.9	1.647e-23	0.4843	750205	2.66856907932241e-06	9.99230888667793	0.999881410994828	45.3972747200279	0.000138612	0.4843	605	0.00330904771264971	3.81063195665068	0.871787299187027	5.30254269648584	50.6998174165138	0.0471138977640947
