snp	pvalues.df1	MAF.df1	N.df1	V.df1	z.df1	r.df1	lABF.df1	pvalues.df2	MAF.df2	N.df2	V.df2	z.df2	r.df2	lABF.df2	internal.sum.lABF	SNP.PP.H4
SNP.1	1.611e-21	0.488722	743324	2.69198635350901e-06	9.52751055577744	0.999880370475002	40.8657436612402	7.69936e-05	0.488722	574	0.003486094188564	3.95357038859221	0.865847704419614	5.76252120819578	46.628264869436	0.000456478045689873
SNP.10	5.486e-24	0.496241	753431	2.65467315127391e-06	10.1006808022313	0.99988202844554	46.4833248707076	0.000214441	0.496241	574	0.00348451750354957	3.70136705927574	0.865900242208708	4.92688214634446	51.410207017052	0.0544742152386966
SNP.11	2.542e-22	0.488722	755145	2.64984614111956e-06	9.71739558909886	0.999882242928756	42.6848853613652	5.36438e-05	0.488722	574	0.003486094188564	4.03915634844469	0.865847704419614	6.05866934525215	48.7435547066173	0.00378511081697706
SNP.12	1.654e-23	0.497494	734613	2.72259031837182e-06	9.99188856622908	0.99987901062605	45.4029749838549	0.00208793	0.497494	574	0.00348440808632417	3.07743124308752	0.865903888410756	3.09570810409064	48.4986830879456	0.00296300378414112
SNP.13	5.752e-22	0.478697	752878	2.66130388306801e-06	9.63387244676706	0.999881733815964	41.8789745908825	2.17751e-05	0.478697	574	0.00349065704682313	4.24586573643731	0.865695698245159	6.79928729028417	48.6782618811666	0.00354586572010155
SNP.14	2.945e-22	0.477444	753026	2.66136691851647e-06	9.70239604294906	0.999881731015051	42.5414032765045	1.9349e-05	0.477444	574	0.00349142593237419	4.27227355889848	0.865670088995565	6.89651608772544	49.43791936423	0.00757944381783712
SNP.15	7.475e-21	0.494987	746978	2.67772419209514e-06	9.36682100975166	0.999881004197593	39.3452365573405	5.47534e-05	0.494987	574	0.00348467083895966	4.03435108802397	0.865895132535796	6.04208310085184	45.3873196581923	0.000131972741167096
SNP.16	5.467e-22	0.47995	751379	2.66605960470197e-06	9.63909086111408	0.999881522500594	41.9301385724658	2.36093e-05	0.47995	574	0.00348993240369576	4.22769932202232	0.865719835300553	6.73278300050851	48.6629215729743	0.00349188613742188
SNP.2	2.958e-22	0.491228	753266	2.65592204268092e-06	9.7019467441986	0.999881972952354	42.5360321309873	3.37602e-05	0.491228	574	0.00348539333345311	4.14649605084454	0.865871057300253	6.4391696483719	48.9752017793592	0.00477179353386657
SNP.3	1.609e-22	0.491228	751817	2.661040882824e-06	9.76386722078165	0.999881745502099	43.1395790213569	6.05775e-05	0.491228	574	0.00348539333345311	4.01054988249361	0.865871057300253	5.95907915439572	49.0986581757527	0.00539881040283016
SNP.4	1.298e-24	0.498747	753142	2.65555839423492e-06	10.2410647074065	0.999881989110692	47.9111478868941	0.000112716	0.498747	574	0.00348434243928724	3.86145017635864	0.865906076036811	5.45106766179945	53.3622155486935	0.383652044033774
SNP.5	2.273e-24	0.496241	746511	2.67928141318407e-06	10.1867217805341	0.999880935004242	47.3605521557756	4.50699e-05	0.496241	574	0.00348451750354957	4.07982354268472	0.865900242208708	6.20185186071168	53.5624040164872	0.468681987893557
SNP.6	1.543e-23	0.496241	743947	2.68851550854759e-06	9.99877104001509	0.999880524697896	45.4655384159777	0.00195783	0.496241	574	0.00348451750354957	3.09655581514287	0.865900242208708	3.14682495865024	48.6123633746279	0.00331973125513878
SNP.7	1.931e-23	0.486076	745283	2.68562710537672e-06	9.97653105197846	0.999880653040713	45.242908702797	0.000634863	0.486076	574	0.00348702478393115	3.41626557087799	0.865816698412997	4.04814301489739	49.2910517176944	0.00654415428427947
SNP.8	5.587e-24	0.488693	746112	2.68193422610173e-06	10.0988917294705	0.999880817129534	46.4703037345778	0.000406891	0.488693	574	0.0034861033263157	3.53557352323361	0.865847399952983	4.40727886783895	50.8775826024167	0.0319797554430827
SNP.9	1.647e-23	0.498747	750205	2.66595471924458e-06	9.99230888667793	0.999881527161066	45.3967904943371	0.000202914	0.498747	574	0.00348434243928724	3.71536073561431	0.865906076036811	4.9718353778732	50.3686258722103	0.0192237468514384
