snp	pvalues.df1	MAF.df1	N.df1	V.df1	z.df1	r.df1	lABF.df1	pvalues.df2	MAF.df2	N.df2	V.df2	z.df2	r.df2	lABF.df2	internal.sum.lABF	SNP.PP.H4
SNP.1	3.25e-27	0.25718	736307	3.55459638359568e-06	10.8052698495292	0.999842042892896	53.9911136919525	7.88693e-06	0.25718	515	0.00508208582410909	4.46823048804406	0.815746863507077	7.29750483912047	61.2886185310729	0.10875302972393
SNP.10	9.214e-27	0.263089	727890	3.54312538753548e-06	10.7092147732034	0.999842552554156	52.9564025032812	1.52711e-05	0.263089	515	0.00500777774433631	4.32474125101055	0.817950479646892	6.79748386857773	59.7538863718589	0.0234377359269638
SNP.11	7.748e-27	0.266319	727877	3.51562532359042e-06	10.7252467500462	0.999843774395871	53.1243688298149	6.05518e-06	0.266319	515	0.00496882099739617	4.52445337266452	0.819110510863674	7.52893939307014	60.653308222885	0.0576142089778211
SNP.12	3.067e-27	0.266319	736067	3.47650799948785e-06	10.8105873527728	0.999845512403461	54.0376736929631	6.05518e-06	0.266319	515	0.00496882099739617	4.52445337266452	0.819110510863674	7.52893939307014	61.5666130860333	0.143606092712118
SNP.13	2.708e-27	0.25718	736412	3.55408955776954e-06	10.8220008396634	0.999842065411373	54.1719379733699	7.88693e-06	0.25718	515	0.00508208582410909	4.46823048804406	0.815746863507077	7.29750483912047	61.4694428124903	0.130308381999206
SNP.14	1.605e-24	0.276762	727549	3.43336566196492e-06	10.2205065231922	0.999847429251964	47.8274670462451	2.35752e-05	0.276762	515	0.00485037233785808	4.2280246200618	0.822657904691694	6.48815806961287	54.315625115858	0.000101884660379695
SNP.15	9.973e-22	0.361619	728316	2.97384932082472e-06	9.57718077859768	0.99986784638596	41.3893623255579	4.40827e-06	0.361619	515	0.00420563503290442	4.59114212933335	0.842518815683559	7.95532803204257	49.3446903576005	7.06739340190779e-07
SNP.16	8.733e-28	0.251958	734697	3.61083466218876e-06	10.9252184601024	0.999839544209651	55.3018771155125	4.24627e-05	0.251958	515	0.0051512027064196	4.09365444773317	0.813707824534385	5.9778411019775	61.27971821749	0.107789388372667
SNP.17	1.07e-26	0.25853	723243	3.60646095821516e-06	10.6953628714051	0.999839738534156	52.8168753004208	3.74838e-06	0.25853	515	0.00506475270447069	4.62486746614552	0.816259817065246	7.88253720558697	60.6994125060078	0.0603326552778551
SNP.18	4.642e-27	0.251958	728310	3.64250030042989e-06	10.7725043372399	0.999838137301533	53.6496519585937	4.24627e-05	0.251958	515	0.0051512027064196	4.09365444773317	0.813707824534385	5.9778411019775	59.6274930605712	0.0206549305530635
SNP.19	8.433e-27	0.266319	728037	3.5148526979522e-06	10.7174119693863	0.999843808724061	53.0402747808175	6.05518e-06	0.266319	515	0.00496882099739617	4.52445337266452	0.819110510863674	7.52893939307014	60.5692141738876	0.0529673227715443
SNP.2	2.659e-27	0.267624	728065	3.50381113868806e-06	10.8236739852206	0.999844299306984	54.1830514376371	3.78573e-05	0.267624	515	0.00495340244017266	4.12018214505051	0.819570545000122	6.10026647536528	60.2833179130023	0.03979649770436
SNP.20	1.642e-24	0.276762	727681	3.43274285572512e-06	10.2182970973658	0.999847456923797	47.8048022320356	2.35752e-05	0.276762	515	0.00485037233785808	4.2280246200618	0.822657904691694	6.48815806961287	54.2929603016485	9.96014356525416e-05
SNP.21	1.591e-21	0.361619	728741	2.97211497904712e-06	9.52880766536801	0.999867923447451	40.9270271768232	4.40827e-06	0.361619	515	0.00420563503290442	4.59114212933335	0.842518815683559	7.95532803204257	48.8823552088658	4.45112368987393e-07
SNP.22	1.39e-21	0.361619	728749	2.97208235201116e-06	9.54282012630627	0.999867924897159	41.0606243263008	4.40827e-06	0.361619	515	0.00420563503290442	4.59114212933335	0.842518815683559	7.95532803204257	49.0159523583434	5.0873330187245e-07
SNP.23	2.534e-27	0.25718	736160	3.55530618264532e-06	10.8280847379584	0.999842011356238	54.2379539646171	7.88693e-06	0.25718	515	0.00508208582410909	4.46823048804406	0.815746863507077	7.29750483912047	61.5354588037375	0.139201121103965
SNP.24	8.424e-27	0.266319	728005	3.51500719591078e-06	10.7175107560568	0.99984380185963	53.0413549374896	6.05518e-06	0.266319	515	0.00496882099739617	4.52445337266452	0.819110510863674	7.52893939307014	60.5702943305597	0.0530245666892735
SNP.3	3.416e-27	0.250653	728223	3.65552478631548e-06	10.8006971351081	0.999837558623207	53.9554578082603	3.31358e-05	0.250653	515	0.00516900432323304	4.15077042852997	0.813184303170145	6.16631718532837	60.1217749935887	0.0338600546812996
SNP.4	2.648e-24	0.280679	726842	3.40719766690626e-06	10.1718611088518	0.99984859192046	47.3277804308602	4.34029e-05	0.280679	515	0.0048087269254553	4.08857618727335	0.823912446062327	6.01806079174308	53.3458412226032	3.86310941308733e-05
SNP.5	2.016e-27	0.25718	735954	3.55630134412773e-06	10.8490086476343	0.999841967140815	54.4648402178222	8.19605e-05	0.25718	515	0.00508208582410909	3.93859395232431	0.815746863507077	5.48142335182139	59.9462635696435	0.0284095275972092
SNP.6	1.886e-21	0.345953	728050	3.03516803050364e-06	9.51113139465333	0.999865121837661	40.7691402105084	8.56141e-06	0.345953	515	0.00429078463030713	4.45064165154831	0.839841024086575	7.40207997339001	48.1712201838984	2.18588668978699e-07
SNP.7	1.343e-21	0.345953	728486	3.03335147773351e-06	9.54638570614555	0.999865202551569	41.1047291008513	8.56141e-06	0.345953	515	0.00429078463030713	4.45064165154831	0.839841024086575	7.40207997339001	48.5068090742413	3.05753930648347e-07
SNP.8	4.013e-22	0.361619	736526	2.9407000458175e-06	9.67078195260514	0.999869319299863	42.2845240881746	4.40827e-06	0.361619	515	0.00420563503290442	4.59114212933335	0.842518815683559	7.95532803204257	50.2398521202172	1.72990829292987e-06
SNP.9	1.56e-21	0.361619	728671	2.97240049617149e-06	9.53085041499248	0.999867910761153	40.9465391081817	4.40827e-06	0.361619	515	0.00420563503290442	4.59114212933335	0.842518815683559	7.95532803204257	48.9018671402243	4.53882655343722e-07
