snp	pvalues.df1	MAF.df1	N.df1	V.df1	z.df1	r.df1	lABF.df1	pvalues.df2	MAF.df2	N.df2	V.df2	z.df2	r.df2	lABF.df2	internal.sum.lABF	SNP.PP.H4
SNP.1	3.25e-27	0.26626	736307	3.47586541267224e-06	10.8052698495292	0.999845540954053	53.9801206301583	6.20341e-08	0.26626	368	0.00695463052828387	5.41283658344553	0.763886682550451	10.4687598059167	64.448880436075	0.0988614925018272
SNP.10	9.214e-27	0.268293	727890	3.49911084175384e-06	10.7092147732034	0.999844508144066	52.9502654596411	3.87666e-08	0.268293	368	0.00692110812664185	5.49638030866452	0.764757054803978	10.8281622044762	63.7784276641173	0.0505653739588087
SNP.11	7.748e-27	0.272358	727877	3.46620394837663e-06	10.7252467500462	0.999845970220011	53.1174175323568	4.60799e-08	0.272358	368	0.00685589709601234	5.46580950364175	0.766455881978697	10.7217707771232	63.83918830948	0.0537330182898629
SNP.12	3.067e-27	0.271429	736067	3.43498250576412e-06	10.8105873527728	0.999847357414171	54.0317741732797	4.00721e-08	0.271429	368	0.00687059040236488	5.49053370864254	0.766072444978441	10.8206228943825	64.8523970676622	0.148003576124793
SNP.13	2.708e-27	0.26626	736412	3.47536981256208e-06	10.8220008396634	0.999845562973921	54.1609455150079	6.20341e-08	0.26626	368	0.00695463052828387	5.41283658344553	0.763886682550451	10.4687598059167	64.6297053209246	0.118456367940726
SNP.14	1.605e-24	0.284553	727549	3.37572547075249e-06	10.2205065231922	0.999849990263153	47.8191367034091	5.49586e-07	0.284553	368	0.0066739285068492	5.00813983947394	0.771236550974533	8.93433775419305	56.7534744576022	4.49733056241156e-05
SNP.15	9.973e-22	0.361789	728316	2.97324371805548e-06	9.57718077859768	0.999867873294526	41.3892617413432	8.42181e-09	0.361789	368	0.0058844048145633	5.75979109915237	0.792688807357195	12.3620351527532	53.7512968940964	2.23421858803877e-06
SNP.16	8.733e-28	0.256098	734697	3.57223338281862e-06	10.9252184601024	0.999841259274493	55.2966063504096	2.42505e-07	0.256098	368	0.00713181834145841	5.16339935139837	0.759318909853056	9.40984287036115	64.7064492207708	0.127905100881781
SNP.17	1.07e-26	0.263265	723243	3.56435816554046e-06	10.6953628714051	0.99984160917316	52.8111117540393	2.68095e-07	0.263265	368	0.00700515514326082	5.14459749139507	0.762578603323804	9.37258013327924	62.1836918873185	0.0102628569498667
SNP.18	4.642e-27	0.256098	728310	3.60356050261111e-06	10.7725043372399	0.999839867401995	53.6443792319535	2.42505e-07	0.256098	368	0.00713181834145841	5.16339935139837	0.759318909853056	9.40984287036115	63.0542221023146	0.024509516510458
SNP.19	8.433e-27	0.272358	728037	3.4654421840271e-06	10.7174119693863	0.999846004065777	53.033323270964	4.60799e-08	0.272358	368	0.00685589709601234	5.46580950364175	0.766455881978697	10.7217707771232	63.7550940480872	0.0493991598469524
SNP.2	2.659e-27	0.27439	728065	3.44927889763533e-06	10.8236739852206	0.999846722213342	54.1753515339282	3.18588e-07	0.27439	368	0.0068241827190404	5.11210538649963	0.767284811159992	9.29699544282782	63.472346976756	0.0372326604647322
SNP.20	1.642e-24	0.284553	727681	3.37511312033777e-06	10.2182970973658	0.999850017470563	47.7964718068965	5.49586e-07	0.284553	368	0.0066739285068492	5.00813983947394	0.771236550974533	8.93433775419305	56.7308095610896	4.39654548667091e-05
SNP.21	1.591e-21	0.361789	728741	2.97150972946396e-06	9.52880766536801	0.999867950340328	40.9269265794538	8.42181e-09	0.361789	368	0.0058844048145633	5.75979109915237	0.792688807357195	12.3620351527532	53.288961732207	1.4071359253995e-06
SNP.22	1.39e-21	0.361789	728749	2.97147710907225e-06	9.54282012630627	0.999867951789741	41.0605237325111	8.42181e-09	0.361789	368	0.0058844048145633	5.75979109915237	0.792688807357195	12.3620351527532	53.4225588852643	1.60826109978229e-06
SNP.23	2.534e-27	0.26626	736160	3.47655949033968e-06	10.8280847379584	0.999845510115686	54.2269618073646	6.20341e-08	0.26626	368	0.00695463052828387	5.41283658344553	0.763886682550451	10.4687598059167	64.6957216132813	0.126540318675949
SNP.24	8.424e-27	0.272358	728005	3.46559451010987e-06	10.7175107560568	0.999845997297814	53.0344034355494	4.60799e-08	0.272358	368	0.00685589709601234	5.46580950364175	0.766455881978697	10.7217707771232	63.7561742126726	0.0494525478987176
SNP.3	3.416e-27	0.254065	728223	3.6229286988627e-06	10.8006971351081	0.999839006869679	53.9510645392889	3.26022e-07	0.254065	368	0.0071692934942171	5.10774744857712	0.758359817512524	9.18230373581126	63.1333682751002	0.0265281821143536
SNP.4	2.648e-24	0.288618	726842	3.35045434676859e-06	10.1718611088518	0.999851113088535	47.3195150240117	6.87596e-07	0.288618	368	0.00661752972367929	4.9648347254476	0.772730386592592	8.78293210825615	56.1024471322679	2.34540169813231e-05
SNP.5	2.016e-27	0.25813	735954	3.54775028463312e-06	10.8490086476343	0.999842347067938	54.4636590784434	1.54103e-07	0.25813	368	0.00709505710048066	5.24758853315708	0.760262091186659	9.75363458437905	64.2172936628224	0.0784242375214301
SNP.6	1.886e-21	0.351626	728050	3.01232777823421e-06	9.51113139465333	0.999866136687197	40.7654097909186	3.02544e-08	0.351626	368	0.00595957945365059	5.53995811446544	0.790594957196877	11.3503861912168	52.1157959821354	4.35348086049037e-07
SNP.7	1.343e-21	0.351626	728486	3.01052489539046e-06	9.54638570614555	0.999866216793879	41.1009989942065	3.02544e-08	0.351626	368	0.00595957945365059	5.53995811446544	0.790594957196877	11.3503861912168	52.4513851854233	6.08949360401761e-07
SNP.8	4.013e-22	0.361789	736526	2.94010119365683e-06	9.67078195260514	0.99986934590856	42.2844235140274	8.42181e-09	0.361789	368	0.0058844048145633	5.75979109915237	0.792688807357195	12.3620351527532	54.6464586667806	5.46876773766963e-06
SNP.9	1.56e-21	0.361789	728671	2.97179518844484e-06	9.53085041499248	0.999867937656613	40.9464385114543	8.42181e-09	0.361789	368	0.0058844048145633	5.75979109915237	0.792688807357195	12.3620351527532	53.3084736642075	1.43486147579507e-06
