snp	pvalues.df1	MAF.df1	N.df1	V.df1	z.df1	r.df1	lABF.df1	pvalues.df2	MAF.df2	N.df2	V.df2	z.df2	r.df2	lABF.df2	internal.sum.lABF	SNP.PP.H4
SNP.1	3.25e-27	0.271642	736307	3.43217371496457e-06	10.8052698495292	0.999847482211226	53.9739100800485	7.62593e-08	0.271642	465	0.00543469576676219	5.37576240378557	0.805449974750446	10.8197445174318	64.7936545974803	0.069209948196483
SNP.10	9.214e-27	0.275449	727890	3.44186705384077e-06	10.7092147732034	0.999847051527754	52.9421651690858	5.24397e-08	0.275449	465	0.00538774324692507	5.44283335692532	0.806806050987323	11.1285563491258	64.0707215182116	0.0335894333234438
SNP.11	7.748e-27	0.276119	727877	3.43675472446434e-06	10.7252467500462	0.999847278672946	53.1132272429134	3.58498e-08	0.276119	465	0.00537964455608372	5.51016474743974	0.807040418135108	11.4290092417782	64.5422364846915	0.0538243786648331
SNP.12	3.067e-27	0.276119	736067	3.39851497021186e-06	10.8105873527728	0.999848977701393	54.0265330290649	3.58498e-08	0.276119	465	0.00537964455608372	5.51016474743974	0.807040418135108	11.4290092417782	65.455542270843	0.13415988840625
SNP.13	2.708e-27	0.271642	736412	3.43168434455769e-06	10.8220008396634	0.999847503954388	54.1547352997741	7.62593e-08	0.271642	465	0.00543469576676219	5.37576240378557	0.805449974750446	10.8197445174318	64.974479817206	0.0829277570739125
SNP.14	1.605e-24	0.289552	727549	3.34078780112511e-06	10.2205065231922	0.999851542585049	47.8140167526179	3.47803e-08	0.289552	465	0.00522706843853929	5.51549329761302	0.811481388660839	11.508623001517	59.3226397541349	0.000291163524147021
SNP.15	9.973e-22	0.383582	728316	2.90346518067964e-06	9.57718077859768	0.999870973753002	41.3775311803917	1.18044e-13	0.383582	465	0.00454761321834811	7.41895949852225	0.831866376465958	22.0018638743652	63.3793950547569	0.0168253229438606
SNP.16	8.733e-28	0.265672	734697	3.48839667977678e-06	10.9252184601024	0.999844984181195	55.2849561308116	1.80581e-07	0.265672	465	0.00551164424826228	5.21829160851648	0.803237389443706	10.1234262504733	65.408382381285	0.127979794521781
SNP.17	1.07e-26	0.270958	723243	3.49970339379606e-06	10.6953628714051	0.99984448181661	52.8021246027256	4.2065e-08	0.270958	465	0.00544330318632095	5.48195552294127	0.805201870729957	11.2810016805839	64.0831262833096	0.0340086974135833
SNP.18	4.642e-27	0.265672	728310	3.5189885837651e-06	10.7725043372399	0.999843624964365	53.6327247521521	1.80581e-07	0.265672	465	0.00551164424826228	5.21829160851648	0.803237389443706	10.1234262504733	63.7561510026254	0.0245237250286579
SNP.19	8.433e-27	0.276119	728037	3.43599943214278e-06	10.7174119693863	0.999847312231242	53.0291328549579	3.58498e-08	0.276119	465	0.00537964455608372	5.51016474743974	0.807040418135108	11.4290092417782	64.4581420967361	0.0494831452510061
SNP.2	2.659e-27	0.28209	728065	3.39111218074242e-06	10.8236739852206	0.999849306614997	54.1670005853732	4.08212e-07	0.28209	465	0.00530957008574673	5.06508787556114	0.80907399613243	9.55050861270238	63.7175091980755	0.0235941597444607
SNP.20	1.642e-24	0.289552	727681	3.34018178833963e-06	10.2182970973658	0.999851569510955	47.791351806218	3.47803e-08	0.289552	465	0.00522706843853929	5.51549329761302	0.811481388660839	11.508623001517	59.299974807735	0.000284638541985212
SNP.21	1.591e-21	0.383582	728741	2.90177188676343e-06	9.52880766536801	0.999871048991096	40.9151945027827	1.18044e-13	0.383582	465	0.00454761321834811	7.41895949852225	0.831866376465958	22.0018638743652	62.9170583771478	0.0105967610385505
SNP.22	1.39e-21	0.383582	728749	2.901740031934e-06	9.54282012630627	0.999871050406501	41.0487920683173	1.18044e-13	0.383582	465	0.00454761321834811	7.41895949852225	0.831866376465958	22.0018638743652	63.0506559426825	0.0121113854631633
SNP.23	2.534e-27	0.271642	736160	3.43285906806186e-06	10.8280847379584	0.99984745176038	54.2207517592326	7.62593e-08	0.271642	465	0.00543469576676219	5.37576240378557	0.805449974750446	10.8197445174318	65.0404962766645	0.0885871037847629
SNP.24	8.424e-27	0.276119	728005	3.43615046404754e-06	10.7175107560568	0.999847305520763	53.0302130242583	3.58498e-08	0.276119	465	0.00537964455608372	5.51016474743974	0.807040418135108	11.4290092417782	64.4592222660365	0.0495366243034101
SNP.3	3.416e-27	0.264179	728223	3.5321175022504e-06	10.8006971351081	0.999843041639694	53.9386093044184	1.12737e-07	0.264179	465	0.00553154667492752	5.30489640787873	0.802667090079794	10.4828673458031	64.4214766502215	0.0477016822752375
SNP.4	2.648e-24	0.292537	726842	3.32388090736979e-06	10.1718611088518	0.999852293780023	47.3155952384569	2.87661e-08	0.292537	465	0.00519556182037521	5.54878540277277	0.812404534196778	11.6698357946142	58.9854310330711	0.000207820832633395
SNP.5	2.016e-27	0.268657	735954	3.45780154886412e-06	10.8490086476343	0.999846343545096	54.4510559299794	1.04149e-07	0.268657	465	0.0054726513571887	5.31933188269845	0.804357074082565	10.5640269684304	65.0150828984098	0.0863641719484522
SNP.6	1.886e-21	0.367164	728050	2.95568078866113e-06	9.51113139465333	0.999868653663519	40.7560328352143	1.8165e-12	0.367164	465	0.00462770623265534	7.04789087625262	0.829410338162514	19.7153056189995	60.4713384542138	0.000918354744664777
SNP.7	1.343e-21	0.367164	728486	2.95391180912843e-06	9.54638570614555	0.999868732264186	41.0916228146532	1.8165e-12	0.367164	465	0.00462770623265534	7.04789087625262	0.829410338162514	19.7153056189995	60.8069284336527	0.0012845628276652
SNP.8	4.013e-22	0.383582	736526	2.87110047239591e-06	9.67078195260514	0.999872411815382	42.272694113033	1.18044e-13	0.383582	465	0.00454761321834811	7.41895949852225	0.831866376465958	22.0018638743652	64.2745579873982	0.0411839246687696
SNP.9	1.56e-21	0.383582	728671	2.90205064635737e-06	9.53085041499248	0.999871036604975	40.9347065087706	1.18044e-13	0.383582	465	0.00454761321834811	7.41895949852225	0.831866376465958	22.0018638743652	62.9365703831358	0.0108055554782854
