snp	pvalues.df1	MAF.df1	N.df1	V.df1	z.df1	r.df1	lABF.df1	pvalues.df2	MAF.df2	N.df2	V.df2	z.df2	r.df2	lABF.df2	internal.sum.lABF	SNP.PP.H4
SNP.1	3.25e-27	0.254545	736307	3.57869817926437e-06	10.8052698495292	0.999840972041502	53.994429431051	1.06581e-05	0.254545	305	0.00863941154190037	4.40337236255896	0.72255700688899	6.36400762334488	60.3584370543959	0.0281518325226189
SNP.10	9.214e-27	0.257991	727890	3.58831468586534e-06	10.7092147732034	0.999840544777318	52.9626230809849	2.09741e-05	0.257991	305	0.00856360123506401	4.25426051510984	0.724320397681465	5.91038259760761	58.8730056785925	0.00637370590508827
SNP.11	7.748e-27	0.259091	727877	3.57844882149384e-06	10.7252467500462	0.999840983120545	53.1330628952468	5.29303e-05	0.259091	305	0.00853990358309006	4.0422962500007	0.724873385633117	5.27701124249004	58.4100741377368	0.00401183817604427
SNP.12	3.067e-27	0.257991	736067	3.5484519434977e-06	10.8105873527728	0.999842315892932	54.0477268555626	3.36493e-05	0.257991	305	0.00856360123506401	4.14724971129118	0.724320397681465	5.58478161519372	59.6325084707563	0.0136219691394293
SNP.13	2.708e-27	0.254545	736412	3.57818791692641e-06	10.8220008396634	0.999840994712617	54.1752535277408	1.06581e-05	0.254545	305	0.00863941154190037	4.40337236255896	0.72255700688899	6.36400762334488	60.5392611510857	0.0337316493893475
SNP.14	1.605e-24	0.270455	727549	3.48305759631971e-06	10.2205065231922	0.999845221400287	47.8345353799463	5.19015e-05	0.270455	305	0.00830850842998297	4.04689503700394	0.730317731906258	5.3250826017213	53.1596179816676	2.10425937468936e-05
SNP.15	9.973e-22	0.368182	728316	2.95117937122794e-06	9.57718077859768	0.999868853674005	41.385582872729	1.91342e-05	0.368182	305	0.0070471841145418	4.27476151060694	0.761493884248906	6.24093181749286	47.6265146902219	8.31961143948459e-08
SNP.16	8.733e-28	0.243182	734697	3.69776118383783e-06	10.9252184601024	0.999835682063318	55.3135389890034	9.06742e-07	0.243182	305	0.00890732474912165	4.91086781428496	0.716393394844279	8.008411003211	63.3219499922144	0.545185110222901
SNP.17	1.07e-26	0.252273	723243	3.66498271302991e-06	10.6953628714051	0.99983713840764	52.8247736204114	1.06011e-05	0.252273	305	0.00869073145022915	4.40453505124125	0.721368142196444	6.35831343981114	59.1830870602226	0.00869077794198711
SNP.18	4.642e-27	0.243182	728310	3.73018913440994e-06	10.7725043372399	0.999834241296751	53.6613182492714	9.06742e-07	0.243182	305	0.00890732474912165	4.91086781428496	0.716393394844279	8.008411003211	61.6697292524824	0.104470491030876
SNP.19	8.433e-27	0.259091	728037	3.57766238919515e-06	10.7174119693863	0.999841018061978	53.0489691162407	5.29303e-05	0.259091	305	0.00853990358309006	4.0422962500007	0.724873385633117	5.27701124249004	58.3259803587307	0.00368826351554529
SNP.2	2.659e-27	0.261364	728065	3.55732555035133e-06	10.8236739852206	0.999841921634927	54.1904898440867	3.27899e-05	0.261364	305	0.00849168598956243	4.15317136238668	0.726001160684762	5.61402045451066	59.8045102985973	0.0161785403633968
SNP.20	1.642e-24	0.270455	727681	3.48242577605408e-06	10.2182970973658	0.999845249472497	47.8118706366906	5.19015e-05	0.270455	305	0.00830850842998297	4.04689503700394	0.730317731906258	5.3250826017213	53.1369532384119	2.05710328516887e-05
SNP.21	1.591e-21	0.368182	728741	2.94945825051047e-06	9.52880766536801	0.999868930148202	40.9232472315619	1.91342e-05	0.368182	305	0.0070471841145418	4.27476151060694	0.761493884248906	6.24093181749286	47.1641790490547	5.23978208476028e-08
SNP.22	1.39e-21	0.368182	728749	2.94942587219365e-06	9.54282012630627	0.999868931586861	41.056844515047	1.91342e-05	0.368182	305	0.0070471841145418	4.27476151060694	0.761493884248906	6.24093181749286	47.2977763325398	5.98871697129797e-08
SNP.23	2.534e-27	0.254545	736160	3.5794127910775e-06	10.8280847379584	0.999840940291079	54.2412694268113	1.06581e-05	0.254545	305	0.00863941154190037	4.40337236255896	0.72255700688899	6.36400762334488	60.6052770501561	0.0360336219883162
SNP.24	8.424e-27	0.259091	728005	3.57781964800032e-06	10.7175107560568	0.99984101107492	53.0500492628543	5.29303e-05	0.259091	305	0.00853990358309006	4.0422962500007	0.724873385633117	5.27701124249004	58.3270605053443	0.00369224953324587
SNP.3	3.416e-27	0.240909	728223	3.75455737755711e-06	10.8006971351081	0.99983315862391	53.9685643365609	3.17193e-06	0.240909	305	0.0089644427447763	4.65936067575788	0.715092912418906	7.13440944917558	61.1029737857365	0.0592727209408364
SNP.4	2.648e-24	0.270455	726842	3.48644557021307e-06	10.1718611088518	0.999845070870301	47.3390928147927	5.19015e-05	0.270455	305	0.00830850842998297	4.04689503700394	0.730317731906258	5.3250826017213	52.664175416514	1.28212774557366e-05
SNP.5	2.016e-27	0.245455	735954	3.66827854234124e-06	10.8490086476343	0.999836991974067	54.4800456555597	2.04682e-06	0.245455	305	0.00885142382409902	4.74874581504854	0.717670754803322	7.45960765426417	61.9396533098238	0.136842236843215
SNP.6	1.886e-21	0.345455	728050	3.03723087149325e-06	9.51113139465333	0.999865030180578	40.7694757267161	1.88477e-05	0.345455	305	0.00725001946226445	4.27812166703594	0.756302026240335	6.21512992399808	46.9846056507141	4.37850136727277e-08
SNP.7	1.343e-21	0.345455	728486	3.03541308410959e-06	9.54638570614555	0.999865110949328	41.1050645887954	1.88477e-05	0.345455	305	0.00725001946226445	4.27812166703594	0.756302026240335	6.21512992399808	47.3201945127935	6.12448930591882e-08
SNP.8	4.013e-22	0.368182	736526	2.91828279644608e-06	9.67078195260514	0.999870315362667	42.2807450121988	1.91342e-05	0.368182	305	0.0070471841145418	4.27476151060694	0.761493884248906	6.24093181749286	48.5216768296916	2.03641844006667e-07
SNP.9	1.56e-21	0.368182	728671	2.94974159110936e-06	9.53085041499248	0.999868917558588	40.9427591869579	1.91342e-05	0.368182	305	0.0070471841145418	4.27476151060694	0.761493884248906	6.24093181749286	47.1836910044508	5.34302443365259e-08
