snp	pvalues.df1	MAF.df1	N.df1	V.df1	z.df1	r.df1	lABF.df1	pvalues.df2	MAF.df2	N.df2	V.df2	z.df2	r.df2	lABF.df2	internal.sum.lABF	SNP.PP.H4
SNP.1	3.547e-20	0.405195	734221	2.82555987194457e-06	9.20097996451446	0.999874435329713	37.8323563092291	6.40263e-05	0.405195	581	0.00357071496512739	3.99745817258817	0.863037320997769	5.90150318514143	43.7338594943706	0.0212453946738826
SNP.10	8.685e-19	0.372063	736146	2.90719049744763e-06	8.85085671891087	0.999870808226118	34.686665719273	8.61223e-06	0.372063	581	0.00368350543190031	4.44937059718888	0.859319622367578	7.52529936872638	42.2119650879994	0.00463782610353427
SNP.11	8.254e-20	0.402597	724831	2.86810674972688e-06	9.10979208285777	0.999872544835791	37.0049942977602	8.65807e-05	0.402597	581	0.00357812854304869	3.92541399835884	0.862791973851112	5.6541983303922	42.6591926281524	0.0072534214699645
SNP.12	7.517e-19	0.371094	736313	2.90963066697226e-06	8.86695985036602	0.999870699802171	34.8297186396683	8.02289e-06	0.371094	581	0.0036874335375049	4.46457217769995	0.85919072473353	7.58269415180129	42.4124127914696	0.00566719024758783
SNP.13	3.516e-19	0.371429	731937	2.92594496618082e-06	8.95121212092988	0.999869974910226	35.582998574961	8.48328e-06	0.371429	581	0.00368607122325557	4.4526098878434	0.859235423602529	7.5371535977786	43.1201521727396	0.0115009866693429
SNP.14	2.82e-19	0.410156	726024	2.84664160139277e-06	8.97552643037795	0.999873498600122	35.7873132782789	2.1574e-05	0.410156	581	0.00355719470225402	4.24794535267113	0.863485124054958	6.79515083578328	42.5824641140622	0.00671769285438766
SNP.15	2.428e-22	0.420779	734204	2.79418335902934e-06	9.72206776394888	0.999875829493162	42.7565051512069	0.00243383	0.420779	581	0.00353098209799101	3.03144903952551	0.864354633847506	2.97271696261037	45.7292221138173	0.156257106643498
SNP.16	2.984e-18	0.361979	723615	2.99187947277779e-06	8.7120606287702	0.999867045258302	33.4822036793921	3.10559e-05	0.361979	581	0.00372628031789002	4.16558219812874	0.857918077869847	6.46765370104133	39.9498573804334	0.000482940431441979
SNP.17	6.629e-18	0.362338	724331	2.98764169644155e-06	8.62114138442287	0.999867233553872	32.6936460044298	1.70635e-05	0.362338	581	0.00372468416114493	4.30021173329561	0.85797029477047	6.95685701040985	39.6505030148397	0.000358002135012569
SNP.18	1.32e-21	0.419737	731670	2.80577358840693e-06	9.54817580616907	0.999875314500039	41.0832889743353	0.00118734	0.419737	581	0.00353339132776196	3.24190402704439	0.864274643158229	3.54317713005766	44.626466104393	0.0518703201588644
SNP.19	1.608e-18	0.37013	726088	2.95376223770869e-06	8.78185521449462	0.99986873891006	34.0862679295217	7.10599e-06	0.37013	581	0.00369137920078043	4.49048883525304	0.859061289881579	7.68155130425259	41.7678192337743	0.0029745711878107
SNP.2	3.438e-20	0.403646	727308	2.85592534094378e-06	9.20433291584119	0.999873086094031	37.868495352408	7.68428e-05	0.403646	581	0.00357510731131005	3.95403923566357	0.862891942547851	5.75191726870301	43.620412621111	0.0189668606004999
SNP.20	8.092e-20	0.423377	721347	2.83926907300408e-06	9.11194241223551	0.999873826185262	37.0195842543021	0.000118823	0.423377	581	0.00352512603787311	3.84854184910197	0.864549127149541	5.40296402861274	42.4225482829148	0.00572492208189412
SNP.21	2.524e-19	0.422078	729629	2.8093508096512e-06	8.98772527933873	0.999875155552098	35.890339424577	0.000137301	0.422078	581	0.00352802723217727	3.81298040857665	0.864452760837144	5.28484383416403	41.175183258741	0.00164454527103971
SNP.22	1.246e-18	0.372727	726968	2.94176015849821e-06	8.81049000418767	0.99986927219606	34.3360965869491	0.000320108	0.372727	581	0.00368083562633929	3.59845924545526	0.859407251973418	4.58324918475934	38.9193457717084	0.000172324910081216
SNP.23	4.528e-20	0.375325	734023	2.90535173260866e-06	9.17470799184944	0.999870889927892	37.6047768078367	4.71211e-05	0.375325	581	0.00367055937147092	4.06946558102475	0.859744710864978	6.13677717370631	43.7415539815431	0.0214094976250573
SNP.24	8.727e-19	0.396104	726122	2.87865108420494e-06	8.85031834765372	0.999872076318375	34.6770190611304	5.62096e-06	0.396104	581	0.00359767966018082	4.54016733495639	0.862145611907787	7.8949765770719	42.5719956382023	0.00664773566038246
SNP.25	4.854e-22	0.427273	734604	2.78140101027427e-06	9.65129255724491	0.999876397456798	42.0687476634871	0.00174441	0.427273	581	0.00351674407530382	3.13061447006478	0.864827663864286	3.23737617350305	45.3061238369901	0.102350632644312
SNP.26	5.287e-19	0.371429	727713	2.94292857309336e-06	8.90607744689238	0.999869220280101	35.1829230492158	8.48328e-06	0.371429	581	0.00368607122325557	4.4526098878434	0.859235423602529	7.5371535977786	42.7200766469944	0.00770875968184255
SNP.27	6.567e-22	0.43099	729538	2.79469870422151e-06	9.62025212414081	0.999875806594619	41.7720432193754	0.00470782	0.43099	581	0.00350918916227255	2.82637441706031	0.865078871149017	2.45376226522946	44.2258054846049	0.0347467534201579
SNP.28	4.651e-22	0.431169	730804	2.78957667831703e-06	9.65567195604641	0.999876034183726	42.112469318055	0.0016711	0.431169	581	0.00350883613566402	3.14320283124781	0.865090613153097	3.27185229584274	45.3843216138977	0.110675474969739
SNP.29	1.237e-20	0.35974	729149	2.97720417412003e-06	9.31348954975552	0.999867697320799	38.8995966395133	1.13903e-05	0.35974	581	0.00373636049286652	4.38894283921797	0.857588460339901	7.28526862628399	46.1848652657973	0.24644674415313
SNP.3	6.135e-20	0.405195	724788	2.86233408215784e-06	9.14192567003712	0.999872801333463	37.2972069812116	6.40263e-05	0.405195	581	0.00357071496512739	3.99745817258817	0.863037320997769	5.90150318514143	43.198710166353	0.0124409173012656
SNP.30	5.572e-19	0.371094	728031	2.94273030309197e-06	8.90025206567776	0.999869229089797	35.1310321696616	8.02289e-06	0.371094	581	0.0036874335375049	4.46457217769995	0.85919072473353	7.58269415180129	42.7137263214629	0.00765996165408787
SNP.31	3.61e-22	0.425974	736962	2.77466306803493e-06	9.68160598166953	0.999876696846963	42.3605360864254	0.0022984	0.425974	581	0.00351948578992282	3.04869198734118	0.86473653559726	3.0183913304876	45.378927416913	0.110080076947196
SNP.32	1.055e-18	0.374026	729582	2.92710165901462e-06	8.82912263381765	0.999869923515026	34.4979393216615	6.097e-06	0.374026	581	0.0036756638254513	4.5229973633139	0.859577054092613	7.81085282065755	42.3087921423191	0.00510935308626904
SNP.4	4.22e-20	0.404948	734992	2.82314519578679e-06	9.18229497761151	0.999874542621716	37.6602093511286	6.42062e-05	0.404948	581	0.00357140986874651	3.99679373238982	0.863014317724804	5.89911132456361	43.5593206756922	0.0178428225973227
SNP.5	7.112e-20	0.405195	736764	2.81580722556886e-06	9.12593448894458	0.999874868672006	37.1430561379481	6.40263e-05	0.405195	581	0.00357071496512739	3.99745817258817	0.863037320997769	5.90150318514143	43.0445593230895	0.0106636416582588
SNP.6	1.228e-18	0.371094	736261	2.90983616583025e-06	8.81212097455621	0.99987069067125	34.3450658123306	9.32328e-06	0.371094	581	0.0036874335375049	4.43230085807377	0.85919072473353	7.45935138049657	41.8044171928272	0.00308545103452656
SNP.7	9.212e-18	0.37013	734633	2.9194050847885e-06	8.58338674112772	0.999870265496124	32.35747467288	9.57403e-06	0.37013	581	0.00369137920078043	4.42657681150475	0.859061289881579	7.43675847742655	39.7942331503065	0.000413339415843049
SNP.8	1.176e-18	0.375	729293	2.92520747262531e-06	8.81696879424619	0.999870007679195	34.3903990368339	1.15767e-05	0.375	581	0.00367183017785427	4.38541097156062	0.859702964870938	7.28483366078436	41.6752326976182	0.00271153082071816
SNP.9	8.453e-19	0.371094	735709	2.91201940616514e-06	8.85387771072127	0.999870593663449	34.7142264982077	9.14811e-06	0.371094	581	0.0036874335375049	4.43638752185576	0.85919072473353	7.47492135454048	42.1891478527481	0.00453320189104665
