snp	pvalues.df1	MAF.df1	N.df1	V.df1	z.df1	r.df1	lABF.df1	pvalues.df2	MAF.df2	N.df2	V.df2	z.df2	r.df2	lABF.df2	internal.sum.lABF	SNP.PP.H4
SNP.1	3.547e-20	0.392045	734221	2.85716846721204e-06	9.20097996451446	0.999873030858001	37.8378584361287	1.12862e-15	0.392045	372	0.00563922873431423	8.01199549760999	0.799595476210138	24.8601364632842	62.6979948994129	0.000399945379718246
SNP.10	8.685e-19	0.366412	736146	2.92569746982982e-06	8.85085671891087	0.999869985907203	34.6898059755161	6.89995e-20	0.366412	372	0.00578962497211114	9.12921228981002	0.79534458382468	32.3497959566043	67.0396019321204	0.0307281674607269
SNP.11	8.254e-20	0.390152	724831	2.89919751455846e-06	9.10979208285777	0.999871163378145	37.0103272028095	6.59591e-16	0.390152	372	0.00564900062815839	8.07777511431428	0.799317897541716	25.2749099711524	62.2852371739619	0.000264692893534532
SNP.12	7.517e-19	0.36553	736313	2.92801581225036e-06	8.86695985036602	0.999869882896564	34.8328355383273	2.01868e-20	0.36553	372	0.00579552716872447	9.26134764574595	0.795178681981569	33.3094470414454	68.1422825797727	0.0925603059642519
SNP.13	3.516e-19	0.363636	731937	2.95205080729124e-06	8.95121212092988	0.999868814953672	35.5873928365434	9.61454e-21	0.363636	372	0.00580837422509765	9.34020761776056	0.794817809779127	33.8778170705036	69.465209907047	0.347508010219901
SNP.14	2.82e-19	0.392045	726024	2.88942664314801e-06	8.97552643037795	0.999871597527395	35.7946948398927	3.51308e-17	0.392045	372	0.00563922873431423	8.4281049236334	0.799595476210138	27.595105113801	63.3897999536937	0.000798817925128406
SNP.15	2.428e-22	0.418251	734204	2.79885645050156e-06	9.72206776394888	0.999875621851826	42.757330753663	1.00292e-12	0.418251	372	0.00552400968113992	7.13010553504327	0.80288296557157	19.5966658402965	62.3539965939595	0.00028353332978204
SNP.16	2.984e-18	0.356061	723615	3.01365343277759e-06	8.7120606287702	0.999866077784994	33.4857921458026	1.25803e-16	0.356061	372	0.00586216351817032	8.27748592286314	0.793310425193244	26.3892666163913	59.8750587621939	2.37692291154765e-05
SNP.17	6.629e-18	0.357955	724331	3.00357880080194e-06	8.62114138442287	0.999866525426693	32.6962794175611	1.73495e-18	0.357955	372	0.00584834740957976	8.7733064722482	0.793697060181948	29.7565862824315	62.4528656999926	0.000312998621901357
SNP.18	1.32e-21	0.419847	731670	2.80557032490937e-06	9.54817580616907	0.999875323531719	41.083253166876	6.43929e-13	0.419847	372	0.00551814956888828	7.19084213783973	0.803050891875611	19.9497573814157	61.0330105482917	7.56671136419759e-05
SNP.19	1.608e-18	0.363636	726088	2.97583104490961e-06	8.78185521449462	0.99986775833262	34.0899514527193	9.94439e-21	0.363636	372	0.00580837422509765	9.33663551212611	0.794817809779127	33.851303674484	67.9412551272033	0.075704146614724
SNP.2	3.438e-20	0.391635	727308	2.88539929828096e-06	9.20433291584119	0.999871776474568	37.8735729183634	8.03578e-16	0.391635	372	0.00564132793772616	8.05365457653595	0.799535830355631	25.1259276032986	62.999500521662	0.00054068324555672
SNP.20	8.092e-20	0.407197	721347	2.87151316594368e-06	9.11194241223551	0.999872393478127	37.0251702987982	8.53873e-14	0.407197	372	0.00556816507449994	7.46173993018298	0.801619911393544	21.5073362489284	58.5325065477266	6.2080052924001e-06
SNP.21	2.524e-19	0.407197	729629	2.83891869390331e-06	8.98772527933873	0.999873841753738	35.8955206088158	8.53873e-14	0.407197	372	0.00556816507449994	7.46173993018298	0.801619911393544	21.5073362489284	57.4028568577442	2.00609479751769e-06
SNP.22	1.246e-18	0.369318	726968	2.95286640484222e-06	8.81049000418767	0.999868778714404	34.3379613198243	3.46473e-16	0.369318	372	0.005770535980095	8.15594049948654	0.795881620915926	25.6762426089206	60.0142039287449	2.73177593521826e-05
SNP.23	4.528e-20	0.367424	734023	2.93075898016004e-06	9.17470799184944	0.99986976100973	37.6090822126893	3.66811e-16	0.367424	372	0.00578291531960757	8.14904448774783	0.795533266134044	25.62078439887	63.2298666115593	0.00068075310945001
SNP.24	8.727e-19	0.388258	726122	2.89915675191067e-06	8.85031834765372	0.999871165189351	34.6805319762981	3.25561e-20	0.388258	372	0.0056589825242228	9.21018577027722	0.799034552496531	33.0877493652399	67.768281341538	0.0636792746052908
SNP.25	4.854e-22	0.419847	734604	2.79436490902097e-06	9.65129255724491	0.999875821426277	42.0710455953178	1.5665e-12	0.419847	372	0.00551814956888828	7.06847106951856	0.803050891875611	19.2491246327316	61.3201702280494	0.000100836794689852
SNP.26	5.287e-19	0.36553	727713	2.96261865153639e-06	8.90607744689238	0.999868345395149	35.1862220935364	2.01868e-20	0.36553	372	0.00579552716872447	9.26134764574595	0.795178681981569	33.3094470414454	68.4956691349819	0.131794902285222
SNP.27	6.567e-22	0.425856	729538	2.80309931269944e-06	9.62025212414081	0.999875433327114	41.7735264597796	9.89708e-13	0.425856	372	0.00549722437201108	7.13193056801108	0.803651094159653	19.624697833812	61.3982242935916	0.000109022837786358
SNP.28	4.651e-22	0.424242	730804	2.80101507365434e-06	9.65567195604641	0.999875525936892	42.1144913823005	1.05311e-12	0.424242	372	0.00550266940829809	7.1233812347547	0.803494826580088	19.5721590502625	61.686650432563	0.00014547198428899
SNP.29	1.237e-20	0.342803	729149	3.0437819241218e-06	9.31348954975552	0.999864739101358	38.9105249269599	4.50096e-16	0.342803	372	0.00596604985535346	8.12426107667771	0.790415253058673	25.3038196780309	64.2143446049908	0.00182197743437412
SNP.3	6.135e-20	0.392045	724788	2.89435405824171e-06	9.14192567003712	0.999871378587452	37.3027090960176	1.12862e-15	0.392045	372	0.00563922873431423	8.01199549760999	0.799595476210138	24.8601364632842	62.1628455593017	0.000234200748458719
SNP.30	5.572e-19	0.363985	728031	2.96667032351495e-06	8.90025206567776	0.999868165368283	35.1350407045514	8.28368e-20	0.363985	372	0.00580598914596482	9.1094026467768	0.794884781590736	32.1881614007478	67.3232021052993	0.0408039917642731
SNP.31	3.61e-22	0.420455	736962	2.78431408713504e-06	9.68160598166953	0.999876268018736	42.3622518901311	1.1476e-12	0.420455	372	0.00551595074807315	7.1115342177522	0.803113919007281	19.4957441225296	61.8579960126607	0.000172660821435394
SNP.32	1.055e-18	0.363636	729582	2.96157966032101e-06	8.82912263381765	0.99986839156038	34.5037338732604	3.8132e-18	0.363636	372	0.00580837422509765	8.68422896926953	0.794817809779127	29.1789950398125	63.6827289130729	0.00107069366316166
SNP.4	4.22e-20	0.392045	734992	2.85417132317752e-06	9.18229497761151	0.999873164030596	37.6656155267556	1.12862e-15	0.392045	372	0.00563922873431423	8.01199549760999	0.799595476210138	24.8601364632842	62.5257519900398	0.000336663891379711
SNP.5	7.112e-20	0.392045	736764	2.84730672123624e-06	9.12593448894458	0.99987346904672	37.1485594349056	1.12862e-15	0.392045	372	0.00563922873431423	8.01199549760999	0.799595476210138	24.8601364632842	62.0086958981897	0.000200743703179471
SNP.6	1.228e-18	0.363636	736261	2.93471365689114e-06	8.81212097455621	0.99986958529213	34.3492788951977	9.61454e-21	0.363636	372	0.00580837422509765	9.34020761776056	0.794817809779127	33.8778170705036	68.2270959657013	0.100753181086307
SNP.7	9.212e-18	0.359316	734633	2.9565085310427e-06	8.58338674112772	0.999868616884634	32.3637277003089	6.57775e-20	0.359316	372	0.00583857185936961	9.13438842604869	0.793970850459805	32.3334247267794	64.6971524270883	0.00295273020560741
SNP.8	1.176e-18	0.363118	729293	2.96456656896729e-06	8.81696879424619	0.999868258843843	34.3970129011547	3.9531e-18	0.363118	372	0.00581192915801576	8.68013193146674	0.794718010009916	29.1472058468894	63.5442187480441	0.000932204149951362
SNP.9	8.453e-19	0.364504	735709	2.93392370195951e-06	8.85387771072127	0.999869620392083	34.7179348036173	1.47129e-20	0.364504	372	0.00580245718506702	9.29505580453054	0.794983977994373	33.550204099204	68.2681389028213	0.104974421057724
