snp	pvalues.df1	MAF.df1	N.df1	V.df1	z.df1	r.df1	lABF.df1	pvalues.df2	MAF.df2	N.df2	V.df2	z.df2	r.df2	lABF.df2	internal.sum.lABF	SNP.PP.H4
SNP.1	3.547e-20	0.345528	734221	3.01140304358446e-06	9.20097996451446	0.999866177775514	37.8638524297075	5.72701e-15	0.345528	368	0.0060082482447381	7.80981915513151	0.789245267083463	23.2907967894805	61.154649219188	0.00268773789468783
SNP.10	8.685e-19	0.314286	736146	3.15165010081648e-06	8.85085671891087	0.999859946279978	34.7266043414124	8.82131e-18	0.314286	368	0.0063045505845534	8.58836831235564	0.781126576995294	28.0483447572479	62.7749490986603	0.013585455717607
SNP.11	8.254e-20	0.343496	724831	3.058962721971e-06	9.10979208285777	0.999864064582196	37.0368500439807	7.97647e-15	0.343496	368	0.00602508426285044	7.7679529135981	0.788779440322384	23.0204803801619	60.0573304241427	0.000897072238648594
SNP.12	7.517e-19	0.315041	736313	3.1468488428239e-06	8.86695985036602	0.9998601596095	34.8684867333081	6.78284e-18	0.315041	368	0.00629637421740813	8.61851431800352	0.781348368031632	28.2586675329917	63.1271542662997	0.019321238969833
SNP.13	3.516e-19	0.313008	731937	3.17679496232025e-06	8.95121212092988	0.999858829044838	35.6236741351029	9.34303e-18	0.313008	368	0.00631851569112988	8.58176261153861	0.780748052437875	27.9909722085045	63.6146463436074	0.0314593750620869
SNP.14	2.82e-19	0.361225	726024	2.98464935723575e-06	8.97552643037795	0.999867366511432	35.810734389935	4.16978e-15	0.361225	368	0.00588838876341775	7.84971673191512	0.792577563577482	23.6320441641533	59.4427785540883	0.000485211327272938
SNP.15	2.428e-22	0.385714	734204	2.87420167461051e-06	9.72206776394888	0.999872274019361	42.7704528803488	1.42659e-11	0.385714	368	0.00573437599539603	6.75517901979128	0.796900912691285	17.3852373202703	60.1556902006191	0.000989793335090585
SNP.16	2.984e-18	0.313008	723615	3.21332998118585e-06	8.7120606287702	0.999857205727286	33.5175283490524	2.25024e-16	0.313008	368	0.00631851569112988	8.20793551703441	0.780748052437875	25.5408114669483	59.0583398160007	0.000330347715904819
SNP.17	6.629e-18	0.313008	724331	3.21015360979414e-06	8.62114138442287	0.999857346859053	32.7291908724652	1.25995e-16	0.313008	368	0.00631851569112988	8.27730426137635	0.780748052437875	25.9872277381204	58.7164186105855	0.000234680397738771
SNP.18	1.32e-21	0.387755	731670	2.87853889608891e-06	9.54817580616907	0.999872081303238	41.0959417498483	4.42363e-11	0.387755	368	0.00572320802744939	6.589146208993	0.797216247639776	16.5085006656564	57.6044424155047	7.71883380266417e-05
SNP.19	1.608e-18	0.313008	726088	3.20238562589631e-06	8.78185521449462	0.999857692004408	34.1262446049758	3.7162e-18	0.313008	368	0.00631851569112988	8.68715772750605	0.780748052437875	28.7014763047017	62.8277209096775	0.014321638838008
SNP.2	3.438e-20	0.343496	727308	3.04854478258037e-06	9.20433291584119	0.999864527476066	37.9007627572172	7.97647e-15	0.343496	368	0.00602508426285044	7.7679529135981	0.788779440322384	23.0204803801619	60.9212431373791	0.00212823676423913
SNP.20	8.092e-20	0.369919	721347	2.97387528950553e-06	9.11194241223551	0.999867845232102	37.0424926032516	3.599e-13	0.369919	368	0.00582933700668191	7.26984508215656	0.794229670630591	20.1972788665699	57.2397714698215	5.36015206551082e-05
SNP.21	2.524e-19	0.367886	729629	2.94685825759723e-06	8.98772527933873	0.999869045673166	35.9139826823398	9.14843e-13	0.367886	368	0.00584269903160982	7.14274642974486	0.793855234990372	19.4611929665975	55.3751756489372	8.30602883858686e-06
SNP.22	1.246e-18	0.313008	726968	3.19850911503092e-06	8.81049000418767	0.999857864244777	34.3774864646604	6.37892e-17	0.313008	368	0.00631851569112988	8.35800230584175	0.780748052437875	26.511280161179	60.8887666258394	0.00206022935738712
SNP.23	4.528e-20	0.315041	734023	3.15666636059932e-06	9.17470799184944	0.999859723397593	37.6457822811089	5.64195e-17	0.315041	368	0.00629637421740813	8.37247708010198	0.781348368031632	26.6254866917539	64.2712689728628	0.0606621328372836
SNP.24	8.727e-19	0.335366	726122	3.0892910336764e-06	8.85031834765372	0.999862717025484	34.7119577402643	6.40706e-20	0.335366	368	0.00609565810857384	9.13723304647189	0.78683273924211	32.0731111190134	66.7850688592777	0.749285097477313
SNP.25	4.854e-22	0.392276	734604	2.85508202407538e-06	9.65129255724491	0.999873123565269	42.0816664547067	8.46194e-11	0.392276	368	0.00569933335655942	6.49215096296068	0.797891202444553	16.0152942628192	58.0969607175259	0.000126313471428457
SNP.26	5.287e-19	0.315041	727713	3.18403781711498e-06	8.90607744689238	0.999858507231165	35.221865295145	6.78284e-18	0.315041	368	0.00629637421740813	8.61851431800352	0.781348368031632	28.2586675329917	63.4805328281367	0.0275109337740767
SNP.27	6.567e-22	0.394309	729538	2.86968531778461e-06	9.62025212414081	0.999872474695098	41.785126408676	5.38751e-11	0.394309	368	0.00568897958523355	6.5598135437553	0.798184266726219	16.3731948380094	58.1583212466854	0.000134306864441831
SNP.28	4.651e-22	0.392276	730804	2.86992774425683e-06	9.65567195604641	0.999872463923336	42.1264995999992	8.46194e-11	0.392276	368	0.00569933335655942	6.49215096296068	0.797891202444553	16.0152942628192	58.1417938628184	0.000132105365954715
SNP.29	1.237e-20	0.302846	729149	3.24790377824487e-06	9.31348954975552	0.999855669555251	38.9425815407685	1.87239e-15	0.302846	368	0.00643534182609638	7.94951771983635	0.777595790477497	23.8183882684718	62.7609698092404	0.0133968619747332
SNP.3	6.135e-20	0.345528	724788	3.05059597297916e-06	9.14192567003712	0.999864436336755	37.3287030306156	5.72701e-15	0.345528	368	0.0060082482447381	7.80981915513151	0.789245267083463	23.2907967894805	60.6194998200961	0.00157389038951657
SNP.30	5.572e-19	0.315041	728031	3.18264704663152e-06	8.90025206567776	0.9998585690257	35.1697923382587	6.78284e-18	0.315041	368	0.00629637421740813	8.61851431800352	0.781348368031632	28.2586675329917	63.4284598712504	0.0261150182456148
SNP.31	3.61e-22	0.392276	736962	2.8459468401544e-06	9.68160598166953	0.999873529470589	42.3730693068101	8.46194e-11	0.392276	368	0.00569933335655942	6.49215096296068	0.797891202444553	16.0152942628192	58.3883635696293	0.000169045775283557
SNP.32	1.055e-18	0.319106	729582	3.15414327013511e-06	8.82912263381765	0.999859835503501	34.5348931664584	1.25642e-16	0.319106	368	0.00625327759595574	8.2776384644397	0.782519485819061	26.046020123001	60.5809132894594	0.00151431619216446
SNP.4	4.22e-20	0.344898	734992	3.01084078927734e-06	9.18229497761151	0.999866202757907	37.6920374900809	6.6028e-15	0.344898	368	0.00601343449291449	7.79186358394558	0.789101712934343	23.1762309836566	60.8682684737375	0.00201842834801067
SNP.5	7.112e-20	0.345528	736764	3.0010089446059e-06	9.12593448894458	0.999866639612049	37.1745591377377	5.72701e-15	0.345528	368	0.0060082482447381	7.80981915513151	0.789245267083463	23.2907967894805	60.4653559272182	0.00134905806125755
SNP.6	1.228e-18	0.313008	736261	3.15813790807308e-06	8.81212097455621	0.999859658013834	34.3855748357179	9.34303e-18	0.313008	368	0.00631851569112988	8.58176261153861	0.780748052437875	27.9909722085045	62.3765470442224	0.00912116679110642
SNP.7	9.212e-18	0.308943	734633	3.18791946353284e-06	8.58338674112772	0.999858334762393	32.4010235315114	2.33074e-17	0.308943	368	0.00636399684579761	8.47599738121452	0.77951782354341	27.245297727938	59.6463212594495	0.00059474172027546
SNP.8	1.176e-18	0.321138	729293	3.14481253340292e-06	8.81696879424619	0.999860250086839	34.4262093207293	2.50937e-16	0.321138	368	0.00623230914924733	8.19483507057661	0.783090557849904	25.5302115538581	59.9564208745874	0.00081096657836972
SNP.9	8.453e-19	0.314286	735709	3.15352213322883e-06	8.85387771072127	0.999859863101848	34.7536371272703	6.91198e-18	0.314286	368	0.0063045505845534	8.61635405815708	0.781126576995294	28.2363958981991	62.9900330254694	0.0168455026271379
