snp	pvalues.df1	MAF.df1	N.df1	V.df1	z.df1	r.df1	lABF.df1	pvalues.df2	MAF.df2	N.df2	V.df2	z.df2	r.df2	lABF.df2	internal.sum.lABF	SNP.PP.H4
SNP.1	3.547e-20	0.397764	734221	2.84283082052502e-06	9.20097996451446	0.999873667925342	37.835370338906	2.37028e-17	0.397764	469	0.00445046074174137	8.47403901026287	0.834865133312975	29.0750595328195	66.9104298717256	0.000440416648564284
SNP.10	8.685e-19	0.379421	736146	2.88461334377055e-06	8.85085671891087	0.999871811396924	34.6828073729488	1.31452e-21	0.379421	469	0.00452771124640365	9.54860686847755	0.832478924866192	37.057681685794	71.7404890587428	0.0551482556192476
SNP.11	8.254e-20	0.396166	724831	2.8836230041362e-06	9.10979208285777	0.999871855400737	37.0076630195145	8.44573e-17	0.396166	469	0.00445658709106833	8.32481954960374	0.834675395812812	28.0226738925303	65.0303369120448	6.71969760817229e-05
SNP.12	7.517e-19	0.378205	736313	2.88757348029148e-06	8.86695985036602	0.999871679869045	34.8259528419934	1.45523e-21	0.378205	469	0.00453338569721505	9.53806435855974	0.832304183131524	36.9664981335045	71.7924509754978	0.0580896224277973
SNP.13	3.516e-19	0.378594	731937	2.90366917025661e-06	8.95121212092988	0.999870964689138	35.5792175597925	1.40105e-21	0.378594	469	0.00453156268970173	9.54199916293757	0.832360313692551	37.0001292504898	72.5793468102823	0.12759776651902
SNP.14	2.82e-19	0.410256	726024	2.84643030521868e-06	8.97552643037795	0.999873507988688	35.7872765465297	5.40404e-20	0.410256	469	0.00440634694225179	9.15563229633815	0.836233920877145	34.144248118899	69.9315246654287	0.00903459160997575
SNP.15	2.428e-22	0.416667	734204	2.80186758304207e-06	9.72206776394888	0.999875488057019	42.7578619964883	2.70642e-12	0.416667	469	0.00438623110221711	6.99218275721426	0.836859577471407	19.5507196959631	62.3085816924513	4.41882148480254e-06
SNP.16	2.984e-18	0.365385	723615	2.97989798106901e-06	8.7120606287702	0.999867577627737	33.4802177936587	1.33329e-19	0.365385	469	0.00459765219098349	9.05761903635318	0.830330238259043	33.173387777381	66.6536055710397	0.000340664086001107
SNP.17	6.629e-18	0.370607	724331	2.95935731464024e-06	8.62114138442287	0.999868490305313	32.6889372240475	1.17952e-19	0.370607	469	0.00457047813021467	9.07097935424542	0.831163745677867	33.3057716519095	65.9947088759569	0.000176267056529391
SNP.18	1.32e-21	0.417742	731670	2.80951367280688e-06	9.54817580616907	0.999875148315542	41.0839473699806	1.43377e-11	0.417742	469	0.00438302104260684	6.75445111351477	0.83695950556821	18.1852601507767	59.2692075207574	2.11506162552817e-07
SNP.19	1.608e-18	0.376997	726088	2.93192402911074e-06	8.78185521449462	0.999869709243266	34.0825954213385	6.19166e-21	0.376997	469	0.00453909350628776	9.38668799125126	0.832128488137658	35.7671054991079	69.8497009204464	0.00832478306402933
SNP.2	3.438e-20	0.397436	727308	2.87065667743276e-06	9.20433291584119	0.99987243153457	37.8710397520606	4.30783e-17	0.397436	469	0.00445170909754854	8.40420136533647	0.834826463826984	28.5817679522046	66.4528077042652	0.000278689717682839
SNP.20	8.092e-20	0.413738	721347	2.85764725163077e-06	9.11194241223551	0.999873009584097	37.0227759440753	2.26984e-17	0.413738	469	0.00439521379962068	8.47907875570538	0.836580075831832	29.1671527226264	66.1899286667016	0.000214266378948361
SNP.21	2.524e-19	0.412141	729629	2.82845272986002e-06	8.98772527933873	0.999874306790553	35.893692916758	1.50434e-17	0.412141	469	0.00440025828749474	8.52681358460729	0.836423195626329	29.5014860842287	65.3951790009866	9.67829010539206e-05
SNP.22	1.246e-18	0.376997	726968	2.92837491395627e-06	8.81049000418767	0.999869866940641	34.3338397361626	1.73771e-18	0.376997	469	0.00453909350628776	8.77312755669448	0.832128488137658	31.1312576456888	65.4650973818515	0.00010379198142836
SNP.23	4.528e-20	0.376997	734023	2.90022908607627e-06	9.17470799184944	0.999871117542337	37.6039041352848	2.47474e-18	0.376997	469	0.00453909350628776	8.7332423740415	0.832128488137658	30.8407429664966	68.4446471017814	0.00204251758750227
SNP.24	8.727e-19	0.397436	726122	2.87534541957173e-06	8.85031834765372	0.999872223199239	34.6764503880734	1.01724e-22	0.397436	469	0.00445170909754854	9.81024230693557	0.834826463826984	39.2718266489809	73.9482770370543	0.501605068413393
SNP.25	4.854e-22	0.424679	734604	2.78577285885718e-06	9.65129255724491	0.999876203200485	42.0695238097387	1.03493e-11	0.424679	469	0.00436341126910004	6.80155899635396	0.837570469908298	18.464753997302	60.5342778070407	7.49438621587374e-07
SNP.26	5.287e-19	0.378594	727713	2.92052347762114e-06	8.90607744689238	0.999870215802674	35.1791418658365	1.40105e-21	0.378594	469	0.00453156268970173	9.54199916293757	0.832360313692551	37.0001292504898	72.1792711163263	0.0855248667665596
SNP.27	6.567e-22	0.429487	729538	2.7970905006453e-06	9.62025212414081	0.999875700318969	41.7724659820443	2.1094e-11	0.429487	469	0.00435092496729163	6.69824320448226	0.837959959569672	17.8881934472655	59.6606594293098	3.12844431799936e-07
SNP.28	4.651e-22	0.43131	730804	2.78935615154582e-06	9.65567195604641	0.999876043982486	42.1124302512475	2.65073e-13	0.43131	469	0.00434642352446543	7.31104486598134	0.83810046353085	21.4884222929193	63.6008525441668	1.60891298578326e-05
SNP.29	1.237e-20	0.354633	729149	2.99617943847331e-06	9.31348954975552	0.999866854199566	38.9027362977759	2.30281e-17	0.354633	469	0.00465812631425027	8.47740057811641	0.828481307570689	28.8884201024079	67.7911564001839	0.00106257207720993
SNP.3	6.135e-20	0.397764	724788	2.87982980937419e-06	9.14192567003712	0.999872023943995	37.30022100428	2.37028e-17	0.397764	469	0.00445046074174137	8.47403901026287	0.834865133312975	29.0750595328195	66.3752805370995	0.00025789998965825
SNP.30	5.572e-19	0.377814	728031	2.92160736486313e-06	8.90025206567776	0.999870167642414	35.1274678661445	2.11008e-21	0.377814	469	0.00453522544018906	9.49944692797659	0.832247544958614	36.6581648775664	71.7856327437109	0.0576949010975862
SNP.31	3.61e-22	0.423323	736962	2.77920392041321e-06	9.68160598166953	0.999876495081109	42.3613441315346	1.19786e-11	0.423323	469	0.00436709526566217	6.78046945730619	0.837455622854638	18.3425110616143	60.7038551931489	8.87937899737711e-07
SNP.32	1.055e-18	0.381789	729582	2.90359308781391e-06	8.82912263381765	0.999870968069707	34.4939486709499	4.22768e-20	0.381789	469	0.00451686407717153	9.18209922806786	0.832813162020971	34.2133112122683	68.7072598832182	0.00265593282612034
SNP.4	4.22e-20	0.397106	734992	2.8414497590803e-06	9.18229497761151	0.999873729290347	37.6634060662669	2.31833e-17	0.397106	469	0.00445296981092953	8.47661879732463	0.834787415184065	29.0907565969864	66.7541626632533	0.000376701839898906
SNP.5	7.112e-20	0.397764	736764	2.83301856208596e-06	9.12593448894458	0.999874103915727	37.1460708069456	2.37028e-17	0.397764	469	0.00445046074174137	8.47403901026287	0.834865133312975	29.0750595328195	66.2211303397652	0.000221057240651309
SNP.6	1.228e-18	0.378594	736261	2.88661616121201e-06	8.81212097455621	0.999871722405643	34.3411004663662	1.40105e-21	0.378594	469	0.00453156268970173	9.54199916293757	0.832360313692551	37.0001292504898	71.341229716856	0.0369943712821339
SNP.7	9.212e-18	0.376997	734633	2.8978208907699e-06	8.58338674112772	0.999871224545664	32.3538000712901	1.82535e-21	0.376997	469	0.00453909350628776	9.51453065547901	0.832128488137658	36.7724757112918	69.126275782582	0.00403825165356691
SNP.8	1.176e-18	0.383387	729293	2.90013289906728e-06	8.81696879424619	0.999871121816213	34.3861384770023	8.34025e-20	0.383387	469	0.00450969429074515	9.10866418701539	0.833034234219734	33.6625103295772	68.0486488065795	0.00137463035642412
SNP.9	8.453e-19	0.378205	735709	2.88994411104643e-06	8.85387771072127	0.999871574534728	34.7104606188611	1.66965e-21	0.378205	469	0.00453338569721505	9.52379666974123	0.832304183131524	36.8533177895541	71.5637784084152	0.0462154642044745
