snp	pvalues.df1	MAF.df1	N.df1	V.df1	z.df1	r.df1	lABF.df1	pvalues.df2	MAF.df2	N.df2	V.df2	z.df2	r.df2	lABF.df2	internal.sum.lABF	SNP.PP.H4
SNP.1	4.74e-35	0.242857	754748	3.60279454119286e-06	12.3521954278317	0.999839901433824	71.9062918387659	0.0622925	0.242857	581	0.00468020993868542	1.86420800257334	0.827808175534947	0.558855987828574	72.4651478265945	4.56665648742904e-10
SNP.10	3.308e-40	0.184416	753048	4.41448504341764e-06	13.273275278548	0.999803839151365	83.804350727431	0.00017351	0.184416	581	0.00572171967809908	3.7547566121505	0.797258291012673	4.82204106978323	88.6263917972142	0.0047680128976084
SNP.100	7.812e-34	0.298177	753602	3.17048880703725e-06	12.124727092797	0.999859109239358	69.0603845744514	0.172604	0.298177	581	0.00411236954554369	1.3638842454637	0.845471500066693	-0.147323680184023	68.9130608942673	1.30902092960139e-11
SNP.101	1.524e-35	0.240885	755070	3.62130795440764e-06	12.4431364009181	0.999839078879579	73.036065780998	0.0720996	0.240885	581	0.00470626677647947	1.79848868586282	0.827015341165876	0.460239830373272	73.4963056113713	1.28063238526408e-09
SNP.102	5.477e-34	0.28961	753421	3.22568452188536e-06	12.1537849880503	0.999856656793692	69.4215234540536	0.189841	0.28961	581	0.00418295775931737	1.31104962004456	0.843234854357301	-0.201805659501212	69.2197177945524	1.77879536877728e-11
SNP.103	8.321e-36	0.232468	756785	3.70286448623317e-06	12.4913684123061	0.999835455324462	73.6481408801877	0.131173	0.232468	581	0.00482318812429255	1.50949238446989	0.823476378292607	0.0710228682113085	73.719163748399	1.60033365830198e-09
SNP.104	2.186e-35	0.240885	754957	3.62184998236267e-06	12.4142964463408	0.999839054797201	72.6777528103654	0.0672387	0.240885	581	0.00470626677647947	1.83007516500014	0.827015341165876	0.507633415086586	73.1853862254519	9.38412764803838e-10
SNP.105	2.003e-35	0.248656	754814	3.54562084459528e-06	12.4212921374757	0.999842441679888	72.754237023046	0.0788794	0.248656	581	0.00460634122580438	1.75722538518988	0.830064072925516	0.395386054793457	73.1496230778395	9.05445196309927e-10
SNP.106	3.356e-34	0.298177	754694	3.16590128709236e-06	12.1937534990881	0.999859313071726	69.8988662441343	0.169463	0.298177	581	0.00411236954554369	1.37393133674478	0.845471500066693	-0.135695452793224	69.7631707913411	3.06298329145209e-11
SNP.107	3.045e-36	0.229167	748923	3.77937910494745e-06	12.5710891113273	0.999832055805326	74.6569310161951	0.0829958	0.229167	581	0.00487171073565329	1.73356215647032	0.822016578258384	0.372145191540901	75.029076207736	5.93059534419105e-09
SNP.108	1.007e-33	0.298177	745810	3.2036131266152e-06	12.1039084349628	0.99985763746435	68.8133044748809	0.161969	0.298177	581	0.00411236954554369	1.39847991480531	0.845471500066693	-0.106924584364315	68.7063798905165	1.06459928703006e-11
SNP.109	1.929e-35	0.240157	754563	3.63124357963907e-06	12.4243031331604	0.999838637438539	72.8032715477934	0.0846459	0.240157	581	0.00471601041167504	1.7243432271443	0.826719260452223	0.352645696415232	73.1559172442086	9.11162192000662e-10
SNP.11	4.921e-34	0.29765	753790	3.17292757482458e-06	12.1625310338521	0.99985900088023	69.5197733197669	0.160529	0.29765	581	0.00411655951226682	1.40329462622052	0.845338406326722	-0.10092257794466	69.4188507418223	2.17074260512814e-11
SNP.110	1.07e-35	0.250653	755611	3.52302603649896e-06	12.4713483744681	0.999843445578169	73.37403689689	0.0860368	0.250653	581	0.00458181966689332	1.71668468444202	0.830815664410673	0.335826293309404	73.7098631901994	1.58551866263075e-09
SNP.111	2.845e-35	0.239583	754166	3.63911046596655e-06	12.3931891540532	0.999838287912097	72.4183034127867	0.0886702	0.239583	581	0.00472374076364222	1.70245450506632	0.826484508332122	0.321977044644559	72.7402804574313	6.0129407957686e-10
SNP.112	2.044e-35	0.241558	754864	3.61540946227978e-06	12.4196711259297	0.999839340950488	72.7436116793556	0.0702383	0.241558	581	0.00469731918818306	1.81037082813796	0.827287419187109	0.477630263963696	73.2212419433193	9.72670729923638e-10
SNP.113	4.204e-39	0.198701	743271	4.2250140977531e-06	13.081439958072	0.999812256849764	81.255754126491	0.00166723	0.198701	581	0.00540504380972641	3.14388139212148	0.806305847552819	3.16402210195618	84.4197762284472	7.10276576112914e-05
SNP.114	1.027e-35	0.231771	756735	3.71087556184967e-06	12.4746160773187	0.999835099393946	73.440108721517	0.110278	0.231771	581	0.00483330364594889	1.59694485513721	0.823171625773628	0.183351842018531	73.6234605635356	1.45427712968182e-09
SNP.115	6.388e-35	0.239529	755744	3.63207274195982e-06	12.3281713081942	0.999838600598774	71.6138245982985	0.0888627	0.239529	581	0.00472447019328688	1.70142771867318	0.826462364198666	0.320564492327561	71.934389090626	2.68591802738834e-10
SNP.116	1.224e-35	0.243421	755455	3.5937600749453e-06	12.4606298954055	0.99984030283726	73.2501351871633	0.0874768	0.243421	581	0.00467284684581378	1.7088604611074	0.828032488744047	0.328787070124839	73.5789222572881	1.39092730808865e-09
SNP.117	1.103e-33	0.260989	753448	3.44067469810647e-06	12.0964334552494	0.999847104505136	68.7577870961731	0.0761957	0.260989	581	0.00446190958681398	1.7731992276666	0.834510624240201	0.412524824832564	69.1703119210057	1.69304808084586e-11
SNP.118	2.73e-35	0.236911	754614	3.66509070374491e-06	12.3964968172859	0.999837133609615	72.4627623841364	0.120958	0.236911	581	0.00476029045837481	1.55076504616771	0.825376385272066	0.119901176327495	72.5826635604639	5.13611547200906e-10
SNP.119	4.775e-34	0.298177	754033	3.16867657776369e-06	12.1649906534422	0.999859189760193	69.5490310613663	0.157462	0.298177	581	0.00411236954554369	1.41365916677517	0.845471500066693	-0.088879615248305	69.460151446118	2.26227292666656e-11
SNP.12	4.599e-35	0.224675	749702	3.82862469912561e-06	12.3546242416474	0.999829867852134	71.9659183266788	0.140511	0.224675	581	0.00494032288155572	1.47389078221071	0.81996119714479	0.0333315688104067	71.9992498954892	2.86590271419797e-10
SNP.120	9.043e-36	0.239583	753570	3.64198864561505e-06	12.4847472920404	0.999838160034387	73.5573932743481	0.0906345	0.239583	581	0.00472374076364222	1.69206017910374	0.826484508332122	0.30739633218089	73.864789606529	1.85120726526429e-09
SNP.121	2.744e-34	0.298956	754604	3.16153759558316e-06	12.2101449131712	0.999859506959042	70.0981702119653	0.167689	0.298956	581	0.00410621155899731	1.37966764261221	0.845667183774282	-0.129465460938661	69.9687047510267	3.76189692893485e-11
SNP.122	1.831e-35	0.231771	754570	3.72152274579735e-06	12.4284723389084	0.999834626342046	72.8670384339574	0.140448	0.231771	581	0.00483330364594889	1.47412477154621	0.823171625773628	0.0281061892088966	72.8951446231663	7.02010455432375e-10
SNP.123	4.997e-34	0.298177	753942	3.16905903366689e-06	12.1612792243286	0.99985917276694	69.5039538854906	0.165313	0.298177	581	0.00411236954554369	1.38742239504875	0.845471500066693	-0.119947030937746	69.3840068545529	2.09640806725597e-11
SNP.124	3.732e-35	0.229765	755662	3.73882637826274e-06	12.3714125266185	0.999833857546645	72.1618772547004	0.0869915	0.229765	581	0.00486280381867604	1.71148563912	0.822284154398059	0.340525732679959	72.5024029873803	4.73999687260684e-10
SNP.125	5.339e-34	0.24026	743259	3.68538923091955e-06	12.1558705626529	0.999836231747504	69.5119658325663	0.0775662	0.24026	581	0.00471462773560075	1.76498551599518	0.82676126304556	0.411210215680674	69.9231760482469	3.59446308588966e-11
SNP.126	4.076e-34	0.297872	754815	3.16725848557787e-06	12.1779086210743	0.999859252768768	69.7060202004551	0.130025	0.297872	581	0.00411479210635363	1.5140033099446	0.845394542632128	0.0354698092496556	69.7414900097048	2.99729013234327e-11
SNP.127	2.446e-36	0.284031	742838	3.30990806264506e-06	12.5883937695757	0.999852914612287	74.809926074994	0.787292	0.284031	581	0.00423188551710693	0.269828754693043	0.84169146937283	-0.890963962521264	73.9189621124727	1.95425785590377e-09
SNP.128	2.758e-36	0.245455	742633	3.63528723656261e-06	12.5789126181544	0.999838457778481	74.7363689840964	0.0453567	0.245455	581	0.0046466166374358	2.00133128889806	0.828832568732414	0.777316167494005	75.5136851515904	9.62855870222962e-09
SNP.129	3.864e-35	0.24026	754931	3.62840937037165e-06	12.3686206311901	0.999838763362762	72.1127362071631	0.0775662	0.24026	581	0.00471462773560075	1.76498551599518	0.82676126304556	0.411210215680674	72.5239464228437	4.84322059380119e-10
SNP.13	1.764e-40	0.184416	753596	4.41127491782807e-06	13.3202988392613	0.999803981767666	84.4291393502601	0.00017351	0.184416	581	0.00572171967809908	3.7547566121505	0.797258291012673	4.82204106978323	89.2511804200433	0.0089059381099659
SNP.130	7.887e-36	0.242188	756131	3.60295519767787e-06	12.4956290135363	0.999839894295822	73.6880345551678	0.0753967	0.242188	581	0.00468899503713488	1.77804356559949	0.827540700539662	0.429312682015279	74.1173472371831	2.38308444217469e-09
SNP.131	1.678e-35	0.235849	752689	3.68588015499924e-06	12.4354467571881	0.999836209935802	72.9490412268869	0.076224	0.235849	581	0.00477507994489884	1.77302840611418	0.824928837805592	0.425354036069354	73.3743952629563	1.13365129554796e-09
SNP.132	1.476e-34	0.250653	753790	3.53153693530694e-06	12.2604925399136	0.999843067434571	70.7681964521177	0.106527	0.250653	581	0.00458181966689332	1.61400196530657	0.830815664410673	0.193755168938937	70.9619516210566	1.01570719080782e-10
SNP.133	4.179e-35	0.242063	755062	3.6093240091125e-06	12.3623235587327	0.999839611328248	72.0323107771138	0.0560746	0.242063	581	0.00469064269357745	1.91045542828249	0.827490554510306	0.631452395567424	72.6637631726812	5.57000895256139e-10
SNP.134	2.292e-35	0.240885	754835	3.62243536287344e-06	12.4105058932034	0.999839028788664	72.6307893065196	0.0803082	0.240885	581	0.00470626677647947	1.74890061658928	0.827015341165876	0.387500445949495	73.0182897524691	7.94007912844035e-10
SNP.135	2.489e-35	0.241514	754834	3.61600207113096e-06	12.4039024155308	0.999839314620779	72.5480051626774	0.0842051	0.241514	581	0.00469790242230648	1.72679158680865	0.827269678765614	0.355368294241993	72.9033734569194	7.07811015955806e-10
SNP.136	1.246e-32	0.301333	727897	3.26274511974465e-06	11.8957025808459	0.9998550101309	66.3241880085011	0.190713	0.301333	581	0.00408768052397035	1.30847278349647	0.846256595407596	-0.211796742818727	66.1123912656823	7.9548359012876e-13
SNP.137	1.472e-32	0.3	708300	3.36150272617871e-06	11.8817794501672	0.999850622195899	66.1732811881527	0.201673	0.3	581	0.0040980247520695	1.27679961927976	0.845927478063925	-0.245643141857074	65.9276380462956	6.61292993645645e-13
SNP.138	1.337e-38	0.196615	744668	4.25076353444225e-06	12.9932096806863	0.999811112861339	80.1086241738154	0.00124454	0.196615	581	0.00544820581698113	3.22847071679116	0.805060623474053	3.37804943634892	83.4866736101644	2.79374121186317e-05
SNP.139	1.965e-40	0.181462	753114	4.46976555232853e-06	13.3122402938458	0.999801383209696	84.3282051763461	0.000133102	0.181462	581	0.0057938778213018	3.82064708216315	0.79522503568105	5.01116493298631	89.3393701093324	0.00972702356879858
SNP.14	1.817e-40	0.184416	753644	4.41099396130741e-06	13.3180885922932	0.999803994249728	84.3996756801905	0.00017351	0.184416	581	0.00572171967809908	3.7547566121505	0.797258291012673	4.82204106978323	89.2217167499737	0.0086473644577695
SNP.140	3.369e-35	0.24026	755077	3.62770778925068e-06	12.3796281694652	0.999838794534092	72.2488286092386	0.0775662	0.24026	581	0.00471462773560075	1.76498551599518	0.82676126304556	0.411210215680674	72.6600388249193	5.54930288441857e-10
SNP.141	6.287e-35	0.24026	750735	3.64868923705973e-06	12.3294556471052	0.999837862326797	71.6318821846132	0.0775662	0.24026	581	0.00471462773560075	1.76498551599518	0.82676126304556	0.411210215680674	72.0430924002938	2.99434613489545e-10
SNP.142	9.75e-36	0.240885	753581	3.62846329344102e-06	12.4787543709867	0.999838760966954	73.4807900018107	0.0797523	0.240885	581	0.00470626677647947	1.75212509508544	0.827015341165876	0.392168526649939	73.8729585284606	1.86639156814708e-09
SNP.15	8.346e-34	0.284595	752747	3.26243399666789e-06	12.1193088300251	0.999855023954583	69.0087053719815	0.181848	0.284595	581	0.00422682857777928	1.3350866141752	0.841850724432996	-0.171826904986317	68.8368784669952	1.2130005077209e-11
SNP.16	1.409e-40	0.197403	754106	4.18491197504818e-06	13.3370641632826	0.999814038500331	84.6271156364863	0.00137401	0.197403	581	0.00543178524932131	3.200055765461	0.805533903370774	3.30572861285967	87.9328442493459	0.00238305216160479
SNP.17	2.219e-35	0.227394	756200	3.76353755053156e-06	12.4130971374048	0.999832759638438	72.6815664126244	0.134649	0.227394	581	0.00489842873616518	1.49601786408796	0.821214976109218	0.0581824854454812	72.7397488980699	6.00974541014301e-10
SNP.18	2.273e-40	0.186198	751175	4.39273610864396e-06	13.3013586737567	0.999804805392434	84.1750470147081	8.08079e-05	0.186198	581	0.00567936927093052	3.9419913249882	0.798456480117556	5.40285066597409	89.5778976806822	0.0123472765719115
SNP.19	1.057e-40	0.186198	754763	4.37185387520404e-06	13.3584803643015	0.999805733130274	84.9340265941002	0.000225292	0.186198	581	0.00567936927093052	3.68882512284422	0.798456480117556	4.6315956741113	89.5656222682115	0.0121966351435572
SNP.2	1.588e-40	0.186198	751270	4.39218063600387e-06	13.328143671706	0.99980483007047	84.5315519581925	9.61784e-05	0.186198	581	0.00567936927093052	3.90003596436876	0.798456480117556	5.27149855347015	89.8030505116626	0.0154651383057545
SNP.20	9.448e-41	0.187013	754694	4.35756334316838e-06	13.3668318882878	0.999806368018687	85.0440234373222	0.000536813	0.187013	581	0.00566028728005011	3.46168100981883	0.798997530680019	3.98506870965569	89.0290921469779	0.00713227305069081
SNP.21	3.372e-40	0.185714	753311	4.38908592413275e-06	13.2718395878137	0.999804967559556	83.7825140209891	0.000232376	0.185714	581	0.00569078606986982	3.68093965684082	0.79813311853861	4.6070058180445	88.3895198390336	0.00376240235137053
SNP.22	2.883e-42	0.184073	747937	4.45106146111018e-06	13.6240082760905	0.999802214173145	88.5242819860361	0.000162455	0.184073	581	0.00572997169714005	3.7712144261754	0.797025241165206	4.8703328783727	93.3946148644088	0.561242290124045
SNP.23	2.915e-35	0.24026	756448	3.62113286621689e-06	12.391240231486	0.999839086658772	72.391741396374	0.0775662	0.24026	581	0.00471462773560075	1.76498551599518	0.82676126304556	0.411210215680674	72.8029516120547	6.40183776926723e-10
SNP.24	8.657e-39	0.184896	744981	4.45332373615191e-06	13.0264247044924	0.999802113667367	80.5631719637042	0.000178596	0.184896	581	0.00571022645487467	3.74751381937583	0.797583104694009	4.80185972600856	85.3650316897128	0.000182787596939081
SNP.25	2.019e-40	0.185714	750286	4.40678182265745e-06	13.3102149650257	0.999804181382545	84.2944045418564	9.05092e-05	0.185714	581	0.00569078606986982	3.91471994506614	0.79813311853861	5.31563448927716	89.6100390311336	0.0127505813764026
SNP.26	1.256e-34	0.250653	739862	3.59801858517537e-06	12.2735643095726	0.99984011363062	70.9376241656129	0.0922503	0.250653	581	0.00458181966689332	1.6836449819665	0.830815664410673	0.289156934635017	71.2267811002479	1.32367848084911e-10
SNP.27	6.937e-36	0.238845	749736	3.66836364506097e-06	12.505831648888	0.999836988192957	73.8243214701558	0.10547	0.238845	581	0.00473374231633982	1.6188943348824	0.826180983085103	0.207765027348491	74.0320864975042	2.18832167821873e-09
SNP.28	1.723e-39	0.188312	747148	4.37820653414897e-06	13.149061374345	0.999805450899644	82.1596759645743	0.000577932	0.188312	581	0.00563023796140505	3.44176503977852	0.799851036840506	3.93306965876029	86.0927456233346	0.000378432885417983
SNP.29	2.095e-40	0.185714	753251	4.38943553555769e-06	13.3074539392532	0.999804952027331	84.255762304779	0.000232376	0.185714	581	0.00569078606986982	3.68093965684082	0.79813311853861	4.6070058180445	88.8627681228235	0.00603940779771556
SNP.3	1.692e-40	0.185379	753196	4.3958803479461e-06	13.3234096483315	0.999804665703034	84.4688860543069	0.000119478	0.185379	581	0.00569872546394425	3.84719474093772	0.797908402944282	5.10536706594222	89.5742531202491	0.0123023580800594
SNP.30	2.13e-35	0.253406	754400	3.50321616015735e-06	12.416373411903	0.999844325742241	72.6872920749582	0.117966	0.253406	581	0.00454875433945388	1.56336826533135	0.831831282048395	0.1251541100574	72.8124461850155	6.46290995341679e-10
SNP.31	1.42e-35	0.227273	748150	3.80546202219657e-06	12.4487795061675	0.999830896955245	73.1304513203723	0.127369	0.227273	581	0.00490026921154279	1.52455952214456	0.821159815120412	0.0936720336183625	73.2241233539906	9.75477435438265e-10
SNP.32	6.966e-41	0.185714	753798	4.3862503039201e-06	13.3894872366123	0.999805093537983	85.3502175752221	0.000232376	0.185714	581	0.00569078606986982	3.68093965684082	0.79813311853861	4.6070058180445	89.9572233932666	0.0180430619402996
SNP.33	8.2e-41	0.187013	754443	4.35901308609016e-06	13.3773679735528	0.999806303610623	85.1850462666108	0.000536813	0.187013	581	0.00566028728005011	3.46168100981883	0.798997530680019	3.98506870965569	89.1701149762665	0.00821246246925888
SNP.34	3.9e-39	0.197403	745306	4.23432419684758e-06	13.0871436622465	0.999811843223109	81.3314339878329	0.00137401	0.197403	581	0.00543178524932131	3.200055765461	0.805533903370774	3.30572861285967	84.6371626006925	8.82748919020981e-05
SNP.35	9.78e-36	0.240885	756004	3.61683403412492e-06	12.4785097257423	0.99983927765653	73.4761730638718	0.0756464	0.240885	581	0.00470626677647947	1.77652515229677	0.827015341165876	0.427771234364328	73.9039442982361	1.92512845191477e-09
SNP.36	1.05e-35	0.241558	755211	3.61374827476607e-06	12.4728516860568	0.999839414757328	73.4051804804596	0.0702383	0.241558	581	0.00469731918818306	1.81037082813796	0.827287419187109	0.477630263963696	73.8828107444233	1.8848705408892e-09
SNP.37	1.598e-40	0.183594	752730	4.43165667076899e-06	13.3276752767483	0.999803076267893	84.5296276369769	0.000196348	0.183594	581	0.00574155064679508	3.72366941073878	0.796698463246506	4.72686397052721	89.2564916075041	0.00895336505198432
SNP.38	1.184e-35	0.230366	755930	3.73066108086953e-06	12.4632792156582	0.999834220328307	73.3013633845139	0.127396	0.230366	581	0.00485390470027832	1.52445135402998	0.82255167028388	0.0912473648533555	73.3926107493673	1.15449052748144e-09
SNP.39	3.057e-40	0.185714	753019	4.39078789060351e-06	13.2791858005337	0.99980489194611	83.8802068848178	0.000191648	0.185714	581	0.00569078606986982	3.7297787258853	0.79813311853861	4.7514410101315	88.6316478949493	0.00479314001684974
SNP.4	2.144e-40	0.185714	752736	4.39243865923028e-06	13.3057261284166	0.999804818607247	84.2331056099327	9.05092e-05	0.185714	581	0.00569078606986982	3.91471994506614	0.79813311853861	5.31563448927716	89.5487400992099	0.0119924578152118
SNP.40	1.695e-35	0.25	754787	3.53300555874262e-06	12.4346412779499	0.999843002182908	72.9183750022765	0.0855553	0.25	581	0.00458978772231784	1.71932450681928	0.83057129242336	0.33995472496983	73.2583297272463	1.00942223517396e-09
SNP.41	6.297e-35	0.24026	748526	3.65945700534656e-06	12.3293275738881	0.999837383914721	71.6317401679053	0.0775662	0.24026	581	0.00471462773560075	1.76498551599518	0.82676126304556	0.411210215680674	72.0429503835859	2.99392091790974e-10
SNP.42	1.434e-36	0.235677	751245	3.69482845818463e-06	12.6304804461809	0.999835812363865	75.3941714723081	0.0876576	0.235677	581	0.00477748950958504	1.70788544713672	0.824855967485341	0.331926626402411	75.7260980987105	1.19072385208678e-08
SNP.43	1.858e-36	0.242857	750369	3.62381971320274e-06	12.6100818317232	0.999838967281793	75.1273271623884	0.0450097	0.242857	581	0.00468020993868542	2.00456379905664	0.827808175534947	0.783607789768913	75.9109349521573	1.43246717478373e-08
SNP.44	3.539e-36	0.23262	746168	3.75384085608515e-06	12.5591983918768	0.999833190458684	74.5042474660799	0.106138	0.23262	581	0.0048209912631727	1.61579797282525	0.823542593431771	0.207715896276	74.7119633623559	4.31894758459778e-09
SNP.45	3.277e-39	0.197403	745620	4.23254101265481e-06	13.1003599104297	0.999811922445925	81.5042479308436	0.00137401	0.197403	581	0.00543178524932131	3.200055765461	0.805533903370774	3.30572861285967	84.8099765437033	0.000104927502600876
SNP.46	1.258e-40	0.188802	748365	4.3623757916228e-06	13.3455139199093	0.999806154214957	84.7598848416077	0.000771212	0.188802	581	0.00561901783011669	3.36292540505659	0.800170195699422	3.71952467970785	88.4794095213155	0.00411626977528474
SNP.47	9.471e-36	0.250649	755006	3.52588654755284e-06	12.4810660749909	0.999843318484164	73.4956538078408	0.0828452	0.250649	581	0.00458186832826451	1.73441091375337	0.830814171580527	0.361240997341272	73.8568948051821	1.83664989105274e-09
SNP.48	3.969e-40	0.184416	752973	4.41492474892933e-06	13.259620342945	0.999803819616565	83.6232818449737	0.00017351	0.184416	581	0.00572171967809908	3.7547566121505	0.797258291012673	4.82204106978323	88.4453229147569	0.00397832450627583
SNP.49	9.218e-41	0.182768	752102	4.45089898140101e-06	13.3686653550227	0.999802221391609	85.0787519247095	0.000155091	0.182768	581	0.00576166957953471	3.782772749093	0.796131309110381	4.90092902222378	89.9796809469333	0.0184528491587731
SNP.5	2.905e-39	0.2	745082	4.19416923237979e-06	13.1095019102837	0.999813627219849	81.6196243964905	0.00180676	0.2	581	0.00537865748709122	3.12028522559124	0.807068992128415	3.10617313203863	84.7257975285291	9.64563568181026e-05
SNP.50	5.117e-35	0.222513	750335	3.85182257502362e-06	12.3460379902706	0.999828837187278	71.8628346457132	0.126263	0.222513	581	0.00497445317010387	1.52900582452534	0.818942595897895	0.102815507807485	71.9656501535207	2.77120887526312e-10
SNP.51	1.195e-35	0.241558	755506	3.61233722609001e-06	12.4625418898436	0.999839477450466	73.2764713372844	0.0702383	0.241558	581	0.00469731918818306	1.81037082813796	0.827287419187109	0.477630263963696	73.7541016012481	1.65723408161606e-09
SNP.52	3.013e-35	0.227273	752501	3.78345864245544e-06	12.3885884685104	0.999831874553476	72.3802603401771	0.127369	0.227273	581	0.00490026921154279	1.52455952214456	0.821159815120412	0.0936720336183625	72.4739323737954	4.60694921446495e-10
SNP.53	7.675e-41	0.187013	755148	4.35494354710483e-06	13.3822859958267	0.999806484408994	85.2503850737368	0.000235839	0.187013	581	0.00566028728005011	3.6771666211391	0.798997530680019	4.59962522923359	89.8500103029703	0.0162087000879851
SNP.54	1.775e-35	0.240838	755088	3.62170408211193e-06	12.4309554672907	0.999839061279569	72.8846486510356	0.071709	0.240838	581	0.00470689378993758	1.80096117262943	0.826996281667464	0.463944057723918	73.3485927087595	1.10477434815803e-09
SNP.55	8.217e-41	0.185379	754978	4.38550460351375e-06	13.3772140081202	0.999805126667306	85.1859106390491	0.000426074	0.185379	581	0.00569872546394425	3.52338372621953	0.797908402944282	4.15319324960887	89.3391038886579	0.00972443437868685
SNP.56	3.093e-40	0.187013	752862	4.36816695451373e-06	13.2783090497131	0.999805896929782	83.8660734897608	0.000536813	0.187013	581	0.00566028728005011	3.46168100981883	0.798997530680019	3.98506870965569	87.8511421994164	0.00219609336130045
SNP.57	7.818e-36	0.241558	756172	3.60915565285988e-06	12.4963277856794	0.999839618808348	73.6976030796026	0.0702383	0.241558	581	0.00469731918818306	1.81037082813796	0.827287419187109	0.477630263963696	74.1752333435663	2.5251027099579e-09
SNP.58	5.524e-41	0.19016	754444	4.30352770095224e-06	13.406703704184	0.999808768678593	85.5716527973816	0.000340863	0.19016	581	0.00558824552980588	3.58208487775502	0.801046828507822	4.33190603013718	89.9035588275188	0.0171003112500337
SNP.59	1.519e-40	0.184416	752203	4.41944413007601e-06	13.3314578422828	0.999803618834023	84.578706375664	0.00017351	0.184416	581	0.00572171967809908	3.7547566121505	0.797258291012673	4.82204106978323	89.4007474454473	0.0103427447444477
SNP.6	1.14e-40	0.197403	754096	4.18496747079375e-06	13.3528515399386	0.999814036034771	84.8377647432061	0.00137401	0.197403	581	0.00543178524932131	3.200055765461	0.805533903370774	3.30572861285967	88.1434933560658	0.00294182810827786
SNP.60	4.165e-40	0.179221	746073	4.55589334386969e-06	13.2560049335993	0.999797556842914	83.590520867022	0.000333981	0.179221	581	0.00585030811487245	3.58740840247162	0.793642168149721	4.31781677833409	87.908337645356	0.00232536143515182
SNP.61	2.59e-36	0.244792	742377	3.64318892945907e-06	12.583876945464	0.999838106705707	74.79987470877	0.0469931	0.244792	581	0.00465511130444929	1.98636238632855	0.828573293172746	0.752824377720755	75.5526990864907	1.00116306487745e-08
SNP.62	2.59e-39	0.2	735410	4.24933030554385e-06	13.11820411458	0.999811176536343	81.7400435207723	0.000212367	0.2	581	0.00537865748709122	3.70383191542387	0.807068992128415	4.71312455781209	86.4531680785844	0.000542648182263956
SNP.63	1.564e-40	0.187013	746834	4.40342420097253e-06	13.3292798961448	0.99980433055176	84.5479271030367	0.000293983	0.187013	581	0.00566028728005011	3.6205450990798	0.798997530680019	4.43454932511748	88.9824764281542	0.00680742729743805
SNP.64	3.786e-39	0.197403	745089	4.23555740301586e-06	13.0893973035191	0.999811788434572	81.3610655825205	0.00137401	0.197403	581	0.00543178524932131	3.200055765461	0.805533903370774	3.30572861285967	84.6667941953802	9.09297574177298e-05
SNP.65	4.148e-41	0.185379	753609	4.39347127562384e-06	13.4279382291881	0.999804772731101	85.8664887771186	0.000128815	0.185379	581	0.00569872546394425	3.82871322541157	0.797908402944282	5.04877046054114	90.9152592376597	0.0470305351707376
SNP.66	2.777e-35	0.231169	755717	3.72263393479655e-06	12.3951285640409	0.999834576972203	72.4533960476342	0.143933	0.231169	581	0.0048420959540493	1.46130047346629	0.822906921174337	0.0130774308515047	72.4664734784858	4.57271429862559e-10
SNP.67	3.719e-35	0.239583	756135	3.62963410459261e-06	12.3716927745637	0.999838708947685	72.1508975247351	0.0940742	0.239583	581	0.00472374076364222	1.67428704163909	0.826484508332122	0.282671820042425	72.4335693447775	4.42470156530388e-10
SNP.68	3.821e-35	0.238903	756122	3.63677569912357e-06	12.3695195663697	0.999838391645965	72.1249763484157	0.0717316	0.238903	581	0.00473295372663117	1.80081781495296	0.826204906961568	0.464729304513216	72.5897056529289	5.17241212426567e-10
SNP.69	8.845e-35	0.24026	747439	3.66477895103686e-06	12.3019167195574	0.999837147460779	71.2949219504941	0.0775662	0.24026	581	0.00471462773560075	1.76498551599518	0.82676126304556	0.411210215680674	71.7061321661748	2.13777518425368e-10
SNP.7	3.845e-36	0.222074	755662	3.8300674212332e-06	12.5526347072786	0.999829803752972	74.4316310555453	0.219395	0.222074	581	0.00498147402351794	1.22813844817698	0.818733375827842	-0.236435515155531	74.1951955403897	2.57601578498405e-09
SNP.70	9.905e-35	0.24026	747644	3.66377408818106e-06	12.2927722038319	0.999837192106807	71.1823532834547	0.0775662	0.24026	581	0.00471462773560075	1.76498551599518	0.82676126304556	0.411210215680674	71.5935634991354	1.91017906251898e-10
SNP.71	3.056e-34	0.25974	750922	3.46299653558857e-06	12.2013800855971	0.9998461127278	70.0357380035048	0.104251	0.25974	581	0.0044758008339023	1.62458507228934	0.834080891186101	0.202557660275136	70.2382956637799	4.92593569451667e-11
SNP.72	3.622e-35	0.239583	755741	3.63152638758005e-06	12.3738151067489	0.999838624873353	72.1774065082652	0.0786436	0.239583	581	0.00472374076364222	1.75861101960706	0.826484508332122	0.402295377976863	72.5797018862421	5.12092647474874e-10
SNP.73	1.001e-38	0.184896	745134	4.45240932541286e-06	13.0153367784517	0.999802154291763	80.4187267553535	0.000171987	0.184896	581	0.00571022645487467	3.75696433020008	0.797583104694009	4.83014248230206	85.2488692376556	0.000162741386379787
SNP.74	2.199e-35	0.228261	755147	3.75868853643329e-06	12.413821857604	0.999832975078143	72.6899332756386	0.096303	0.228261	581	0.00488530528781754	1.66304713866356	0.821608514622228	0.274284533365303	72.9642178090039	7.52214470582594e-10
SNP.75	1.279e-40	0.183594	751533	4.43871516724873e-06	13.3442801954867	0.999802762680579	84.7517945178717	0.000283593	0.183594	581	0.00574155064679508	3.62984359978042	0.796698463246506	4.45202318840694	89.2038177062787	0.00849396187874285
SNP.76	2.692e-39	0.197403	745365	4.23398902531737e-06	13.1152761132611	0.999811858114016	81.6998954931006	0.00137401	0.197403	581	0.00543178524932131	3.200055765461	0.805533903370774	3.30572861285967	85.0056241059602	0.000127602150283836
SNP.77	1.259e-40	0.188654	751001	4.34968064157094e-06	13.3454547082379	0.999806718225441	84.7576880995679	0.000229526	0.188654	581	0.00562240019191121	3.68408460589263	0.800073956933151	4.62458976008172	89.3822778596496	0.0101534718098159
SNP.78	2.443e-40	0.181818	748707	4.48922438993014e-06	13.2959652628246	0.999800518716725	84.1138186438592	0.000121937	0.181818	581	0.00578504944115563	3.8421988130512	0.795473242739388	5.07805534446384	89.191873988323	0.00839311583093768
SNP.79	1.252e-35	0.241558	754183	3.61867404639771e-06	12.4588260739904	0.999839195904498	73.2310315104019	0.0702383	0.241558	581	0.00469731918818306	1.81037082813796	0.827287419187109	0.477630263963696	73.7086617743656	1.5836149392153e-09
SNP.8	2.504e-40	0.185714	753013	4.3908228763572e-06	13.2941205574653	0.999804890391794	84.0786049504689	9.05092e-05	0.185714	581	0.00569078606986982	3.91471994506614	0.79813311853861	5.31563448927716	89.3942394397461	0.01027565265733
SNP.80	1.015e-35	0.231771	756584	3.71161618312878e-06	12.475552280018	0.999835066488301	73.4518832066084	0.127754	0.231771	581	0.00483330364594889	1.52301880808029	0.823171625773628	0.088420981659753	73.5403041882682	1.33823634125e-09
SNP.81	2.869e-39	0.197403	745910	4.23089545636294e-06	13.1104476429137	0.999811995554257	81.6362387620755	0.00137401	0.197403	581	0.00543178524932131	3.200055765461	0.805533903370774	3.30572861285967	84.9419673749351	0.000119732548332786
SNP.82	6.032e-36	0.240885	756117	3.61629350634171e-06	12.5169346843861	0.999839301672266	73.9562475037992	0.0710578	0.240885	581	0.00470626677647947	1.80510789420384	0.827015341165876	0.470103210868816	74.426350714668	3.24592093203998e-09
SNP.83	3.139e-36	0.254545	741230	3.55492967132957e-06	12.5686853908343	0.999842028084788	74.5969020225662	0.050648	0.254545	581	0.0045353193120131	1.95445019041064	0.832244655235204	0.696911182667977	75.2938132052342	7.728088902409e-09
SNP.84	1.324e-36	0.243455	754118	3.59979055825163e-06	12.6367588814193	0.999840034901449	75.4607878359376	0.0411456	0.243455	581	0.00467240422755181	2.04205979863974	0.82804597677764	0.84621519298156	76.3070030289191	2.12860392694088e-08
SNP.85	1.851e-40	0.197403	754107	4.18490642555457e-06	13.3167042052195	0.999814038746884	84.3558306501583	0.00137401	0.197403	581	0.00543178524932131	3.200055765461	0.805533903370774	3.30572861285967	87.661559263018	0.00181683704273001
SNP.86	3.613e-35	0.231169	755214	3.72511334443303e-06	12.3740148791707	0.999834466812687	72.1922797771621	0.143933	0.231169	581	0.0048420959540493	1.46130047346629	0.822906921174337	0.0130774308515047	72.2053572080136	3.52186506236195e-10
SNP.87	1.478e-35	0.238281	753947	3.65380179014155e-06	12.4455836493815	0.999837635175944	73.0708692586993	0.086441	0.238281	581	0.00474143355984828	1.71447785899343	0.825947722265367	0.33970975531332	73.4105790140126	1.17542220864176e-09
SNP.88	5.926e-34	0.28961	754841	3.21961639360262e-06	12.1473434149631	0.999856926411043	69.3423444716446	0.189841	0.28961	581	0.00418295775931737	1.31104962004456	0.843234854357301	-0.201805659501212	69.1405388121434	1.64338377505707e-11
SNP.89	5.218e-35	0.24026	752966	3.63787835623924e-06	12.3444649115046	0.999838342654823	71.8155740245932	0.0775662	0.24026	581	0.00471462773560075	1.76498551599518	0.82676126304556	0.411210215680674	72.2267842402738	3.59814245945729e-10
SNP.9	1.927e-40	0.193506	752921	4.25524938442734e-06	13.3136989834008	0.999810913565578	84.323878930755	0.000702947	0.193506	581	0.00551440038170812	3.38842714713394	0.803158364749127	3.79802882018428	88.1219077509393	0.00287900741887518
SNP.90	4.466e-34	0.28961	753457	3.22553039943008e-06	12.1704524657936	0.999856663641616	69.6241828600082	0.238547	0.28961	581	0.00418295775931737	1.17862633595794	0.843234854357301	-0.340809158682815	69.2833737013254	1.89570780914925e-11
SNP.91	4.339e-40	0.182415	747352	4.48591810404149e-06	13.2529343818624	0.999800665604166	83.5423659102373	0.000192358	0.182415	581	0.005770326793273	3.72884686127813	0.795887510057151	4.73858691330748	88.2809528235447	0.00337532177704095
SNP.92	1.74e-40	0.186198	752984	4.38218281717889e-06	13.3213215182909	0.999805274244741	84.4395665272785	9.4062e-05	0.186198	581	0.00567936927093052	3.90541967386492	0.798456480117556	5.28827504459458	89.7278415718731	0.0143446838399749
SNP.93	1.992e-40	0.184211	752466	4.42170452405527e-06	13.311220804384	0.999803518411532	84.3094215886038	5.91437e-05	0.184211	581	0.00572664770464333	4.01620146948475	0.797119099491886	5.63114733138527	89.940568919989	0.0177450527288328
SNP.94	6.02e-36	0.234127	756488	3.68603709512407e-06	12.5170927809742	0.99983620296297	73.967532941647	0.149562	0.234127	581	0.00479938524959762	1.44108029410359	0.82419438365674	-0.0133808193815184	73.9541521222654	2.02425254291739e-09
SNP.95	2.571e-35	0.269531	742847	3.41869312087375e-06	12.4013056087052	0.999848081166355	72.488426336233	0.226922	0.269531	581	0.0043710256949427	1.20832571749002	0.837333128085045	-0.296750897958642	72.1916754382744	3.47400784775518e-10
SNP.96	2.81e-41	0.184555	750001	4.42983624333015e-06	13.4567517591474	0.999803157143924	86.257708975038	0.000223829	0.184555	581	0.00571838487492918	3.69048259983335	0.797352509710444	4.63169211144044	90.8894010864784	0.0458300011704037
SNP.97	9.059e-41	0.196615	753195	4.20264019233537e-06	13.3699596325097	0.999813250873202	85.0683468358958	0.00132094	0.196615	581	0.00544820581698113	3.21139115509608	0.805060623474053	3.33377512005556	88.4021219559514	0.00381011660452284
SNP.98	2.04e-36	0.233766	753395	3.70513900620605e-06	12.6027147861164	0.999835354267961	75.0452775439139	0.0887238	0.233766	581	0.0048045321886069	1.70216842475619	0.824039021968242	0.325029485205432	75.3703070291194	8.34243737326083e-09
SNP.99	8.853e-36	0.25	755507	3.52963859589212e-06	12.4864373134875	0.99984315177874	73.5632152192668	0.0764207	0.25	581	0.00458978772231784	1.77184253286738	0.83057129242336	0.416097016609002	73.9793122358758	2.0758290818951e-09
