snp	pvalues.df1	MAF.df1	N.df1	V.df1	z.df1	r.df1	lABF.df1	pvalues.df2	MAF.df2	N.df2	V.df2	z.df2	r.df2	lABF.df2	internal.sum.lABF	SNP.PP.H4
SNP.1	4.74e-35	0.244361	754748	3.58774671224454e-06	12.3521954278317	0.999840570012541	71.9042504493442	3.89247e-05	0.244361	574	0.00471749939995321	4.11377134987246	0.826674033105285	6.1186591209115	78.0229095702557	2.94254695641952e-07
SNP.10	3.308e-40	0.186717	753048	4.37241916921791e-06	13.273275278548	0.999805708015857	83.7997289163029	0.000820625	0.186717	574	0.00573630925181395	3.34574272299657	0.796846351247359	3.66305043629001	87.4627793525929	0.00370174721473347
SNP.100	7.812e-34	0.278894	753602	3.29905595524009e-06	12.124727092797	0.999853396786532	69.0798371165904	4.77258e-06	0.278894	574	0.00433131562017569	4.57454413374893	0.838572372615274	7.86232392165496	76.9421610382454	9.98528070368794e-08
SNP.101	1.524e-35	0.240602	755070	3.62421627890448e-06	12.4431364009181	0.999838949662327	73.036457108948	8.27604e-05	0.240602	574	0.00476748603782649	3.93626263144726	0.825158577831016	5.52063302325712	78.5570901322051	5.02013125600275e-07
SNP.102	5.477e-34	0.27193	753421	3.35198467336172e-06	12.1537849880503	0.999851045094275	69.4403098969617	3.35389e-06	0.27193	574	0.00439974850973669	4.64786456095875	0.836439046701714	8.12936310787005	77.5696730048317	1.87018798509451e-07
SNP.103	8.321e-36	0.233083	756785	3.69605584831573e-06	12.4913684123061	0.999835757831107	73.6472444114441	3.94663e-05	0.233083	574	0.00487303070586693	4.11058205328855	0.821976939337503	6.08150374163426	79.7287481530784	1.62016663951957e-06
SNP.104	2.186e-35	0.239348	754957	3.63774266509602e-06	12.4142964463408	0.999838348683591	72.6798872470766	0.00014161	0.239348	574	0.00478456322162525	3.80533918123469	0.824642117861242	5.10019574081764	77.7800829878942	2.30815599611185e-07
SNP.105	2.003e-35	0.246753	754814	3.56393853557351e-06	12.4212921374757	0.999841627817473	72.7567503244619	0.000152277	0.246753	574	0.00468660401008777	3.78732641079794	0.827613481685731	5.05657017494843	77.8133204994103	2.38616254822052e-07
SNP.106	3.356e-34	0.279449	754694	3.29027215401898e-06	12.1937534990881	0.999853787063393	69.9177189067231	4.80263e-06	0.279449	574	0.00432604294948642	4.57322975658305	0.838737194388588	7.85849538478267	77.7762142915058	2.29924369196091e-07
SNP.107	3.045e-36	0.233668	748923	3.7283496445563e-06	12.5710891113273	0.999834323024761	74.6503142684301	6.695e-05	0.233668	574	0.00486454146489554	3.98687242887882	0.822231939419267	5.67111292679314	80.3214271952232	2.9306025489731e-06
SNP.108	1.007e-33	0.278894	745810	3.3335235059611e-06	12.1039084349628	0.999851865346862	68.8327540573077	5.24587e-06	0.278894	574	0.00433131562017569	4.55470678082226	0.838572372615274	7.78639112105134	76.619145178359	7.22896750648214e-08
SNP.109	1.929e-35	0.241162	754563	3.6209001673634e-06	12.4243031331604	0.999839096997615	72.8018809903459	0.000122371	0.241162	574	0.00475992559753698	3.84132693360951	0.825387432533306	5.21703005926705	78.0189110496129	2.93080461331748e-07
SNP.11	4.921e-34	0.277919	753790	3.30533495612189e-06	12.1625310338521	0.999853117801722	69.5397768090439	9.66752e-06	0.277919	574	0.00434064187556641	4.42447923839161	0.838280995823808	7.29415381995157	76.8339306289955	8.96099858289175e-08
SNP.110	1.07e-35	0.248744	755611	3.54104271221381e-06	12.4713483744681	0.999842645088367	73.3765247174203	6.48934e-05	0.248744	574	0.00466141258679197	3.99427175530052	0.828381069213657	5.72684207720707	79.1033667946273	8.66882054065508e-07
SNP.111	2.845e-35	0.238693	754166	3.64840925842898e-06	12.3931891540532	0.999837874766257	72.4195474677541	7.60542e-05	0.238693	574	0.00479356483761733	3.9565053053724	0.824370144899115	5.58262971801983	78.0021771857739	2.88216899381246e-07
SNP.112	2.044e-35	0.240602	754864	3.62520531607336e-06	12.4196711259297	0.999838905719279	72.7449307993076	9.39041e-05	0.240602	574	0.00476748603782649	3.90582591324814	0.825158577831016	5.42215552934885	78.1670863286565	3.3989014498483e-07
SNP.113	4.204e-39	0.201754	743271	4.17699457412825e-06	13.081439958072	0.999814390254079	81.2502224262964	0.000423052	0.201754	574	0.00540877863084822	3.52526960227383	0.80619794572917	4.18906388280306	85.4392863090995	0.000489344707221181
SNP.114	1.027e-35	0.231156	756735	3.71777226330552e-06	12.4746160773187	0.999834792975057	73.4410131192725	4.18416e-05	0.231156	574	0.00490133866493467	4.09706801218316	0.821127765877844	6.03116974962696	79.4721828688995	1.25353019098631e-06
SNP.115	6.388e-35	0.238636	755744	3.64138834346249e-06	12.3281713081942	0.999838186705848	71.6150737054862	3.41108e-05	0.238636	574	0.00479435085756397	4.14412879707915	0.824346404771325	6.20896086411823	77.8240345696044	2.41186550703656e-07
SNP.116	1.224e-35	0.242386	755455	3.60417509393715e-06	12.4606298954055	0.999839840095573	73.2515459778134	0.000105497	0.242386	574	0.00474354023622001	3.87758840082043	0.825883853746969	5.33485119869358	78.586397176507	5.16943358389613e-07
SNP.117	1.103e-33	0.253298	753448	3.50863058382208e-06	12.0964334552494	0.999844085176164	68.7673438010618	0.000175313	0.253298	574	0.0046055238608355	3.75216644842338	0.830089103443229	4.95706919258588	73.7244129936477	3.99861930349206e-09
SNP.118	2.73e-35	0.238035	754614	3.65316513315298e-06	12.3964968172859	0.999837663462623	72.4611737951567	5.33535e-05	0.238035	574	0.00480266472785559	4.04042906953289	0.824095384984321	5.85779951879693	78.3189733139536	3.95641875670727e-07
SNP.119	4.775e-34	0.278894	754033	3.29717023788196e-06	12.1649906534422	0.999853480571627	69.5684810533096	3.92844e-06	0.278894	574	0.00433131562017569	4.61513282031168	0.838572372615274	8.01871637669861	77.5871974300082	1.90325081187866e-07
SNP.12	4.599e-35	0.223058	749702	3.84835326457018e-06	12.3546242416474	0.999828991326099	71.9684208338007	1.93053e-05	0.223058	574	0.00502633822152403	4.27277758162905	0.817398951467009	6.61124861507127	78.579669448872	5.13477177107381e-07
SNP.120	9.043e-36	0.238693	753570	3.65129479251078e-06	12.4847472920404	0.999837746561894	73.5586368331673	5.06777e-05	0.238693	574	0.00479356483761733	4.05247934210526	0.824370144899115	5.89945766454804	79.4580944977153	1.23599381192785e-06
SNP.121	2.744e-34	0.280151	754604	3.2856198880405e-06	12.2101449131712	0.999853993770353	70.1170049041323	5.37539e-06	0.280151	574	0.0043194109930225	4.54957685071746	0.8389445989643	7.76950667688621	77.8865115810186	2.56735844727708e-07
SNP.122	1.831e-35	0.232412	754570	3.71435787322091e-06	12.4284723389084	0.999834944675614	72.8660996248477	4.59122e-05	0.232412	574	0.00488282756166603	4.07551714102794	0.82168285759862	5.96191457651888	78.8280142013666	6.58227314956004e-07
SNP.123	4.997e-34	0.279449	753942	3.29355395110659e-06	12.1612792243286	0.999853641248415	69.522808323147	4.80263e-06	0.279449	574	0.00432604294948642	4.57322975658305	0.838737194388588	7.85849538478267	77.3813037079297	1.5490930888147e-07
SNP.124	3.732e-35	0.230479	755662	3.73070220547611e-06	12.3714125266185	0.999834218501152	72.160817415185	9.31052e-05	0.230479	574	0.00491141095817855	3.90789123494584	0.820826043370337	5.4079701482629	77.5687875634479	1.86853277616035e-07
SNP.125	5.339e-34	0.239348	743259	3.69499634610936e-06	12.1558705626529	0.99983580490463	69.5132357927026	5.16242e-05	0.239348	574	0.00478456322162525	4.04814936217666	0.824642117861242	5.88645364372319	75.3996894364258	2.13537116039754e-08
SNP.126	4.076e-34	0.279487	754815	3.28947090299986e-06	12.1779086210743	0.999853822664137	69.7245450135095	1.25536e-05	0.279487	574	0.00432568289137254	4.36774489487612	0.838748452037964	7.08808922167315	76.8126342351826	8.77217934881041e-08
SNP.127	2.446e-36	0.275819	742838	3.36980357328817e-06	12.5883937695757	0.999850253379707	74.8186809057533	4.03733e-06	0.275819	574	0.00436100722434536	4.60945134546364	0.83764543198541	7.98975739220071	82.808438297954	3.52413162971803e-05
SNP.128	2.758e-36	0.245614	742633	3.63369961121792e-06	12.5789126181544	0.999838528316817	74.736156189159	8.69295e-05	0.245614	574	0.0047012286469993	3.92444615306598	0.82716851845154	5.49200686360567	80.2281630527647	2.66964073596783e-06
SNP.129	3.864e-35	0.239348	754931	3.63786794980322e-06	12.3686206311901	0.999838343117182	72.1140055616901	5.84453e-05	0.239348	574	0.00478456322162525	4.01900149544589	0.824642117861242	5.78950037175466	77.9035059334448	2.61136188747959e-07
SNP.13	1.764e-40	0.186717	753596	4.36923963309414e-06	13.3202988392613	0.999805849273687	84.424518586466	0.000820625	0.186717	574	0.00573630925181395	3.34574272299657	0.796846351247359	3.66305043629001	88.087569022756	0.00691431982864897
SNP.130	7.887e-36	0.241206	756131	3.61294180102286e-06	12.4956290135363	0.999839450589096	73.68938366636	8.69469e-05	0.241206	574	0.00475933326994637	3.92439796793281	0.825405367665629	5.4833483308948	79.1727319972548	9.29148087155289e-07
SNP.131	1.678e-35	0.232283	752689	3.72508211910612e-06	12.4354467571881	0.99983446820002	72.954195460488	2.77901e-05	0.232283	574	0.00488471835391614	4.19085845056604	0.821626124074502	6.35329406217192	79.3074895226599	1.06318633692566e-06
SNP.132	1.476e-34	0.248111	753790	3.55565718526926e-06	12.2604925399136	0.999841995761051	70.7715187392798	5.02872e-05	0.248111	574	0.0046693707834218	4.05428814736808	0.828138427619717	5.92562720199008	76.6971459412699	7.81540653250398e-08
SNP.133	4.179e-35	0.240409	755062	3.62624261971585e-06	12.3623235587327	0.999838859631749	72.0345912221762	0.000222698	0.240409	574	0.00477010105388134	3.69177092852736	0.825079450770777	4.75086341070339	76.7854546328796	8.53696598538369e-08
SNP.134	2.292e-35	0.240602	754835	3.62534459280823e-06	12.4105058932034	0.999838899531196	72.6311806837493	9.39041e-05	0.240602	574	0.00476748603782649	3.90582591324814	0.825158577831016	5.42215552934885	78.0533362130982	3.03345477834109e-07
SNP.135	2.489e-35	0.241206	754834	3.61914976928598e-06	12.4039024155308	0.999839174768058	72.5484293903896	8.73595e-05	0.241206	574	0.00475933326994637	3.92325803240837	0.825405367665629	5.47965636620475	78.0280857565944	2.95781761556949e-07
SNP.136	1.246e-32	0.283887	727897	3.37888189448332e-06	11.8957025808459	0.999849850019759	66.3413083062342	9.95819e-06	0.283887	574	0.00428480486820335	4.41807927117489	0.840028520301452	7.28205675165591	73.6233650578901	3.61431081548182e-09
SNP.137	1.472e-32	0.283333	708300	3.4764676727164e-06	11.8817794501672	0.999845514195209	66.1897323823598	4.14618e-06	0.283333	574	0.0042898642031098	4.60391687975871	0.839869878750194	7.98507797047961	74.1748103528394	6.2735757465752e-09
SNP.138	1.337e-38	0.200501	744668	4.18863815805851e-06	12.9932096806863	0.999813872953813	80.1014970569518	0.000211219	0.200501	574	0.00543405017401588	3.70520599859214	0.805468589761802	4.71037768650062	84.8118747434524	0.000261296453060157
SNP.139	1.965e-40	0.183879	753114	4.42407618425641e-06	13.3122402938458	0.99980341304584	84.3232488142424	0.0012211	0.183879	574	0.00580458834743916	3.23390515505535	0.794924120563501	3.3645272730272	87.6877760872696	0.00463576698930799
SNP.14	1.817e-40	0.186717	753644	4.36896135382383e-06	13.3180885922932	0.999805861636852	84.3950548508154	0.000820625	0.186717	574	0.00573630925181395	3.34574272299657	0.796846351247359	3.66305043629001	88.0581052871054	0.00671357007835848
SNP.140	3.369e-35	0.239348	755077	3.63716453979249e-06	12.3796281694652	0.999838374369743	72.25009791279	5.84453e-05	0.239348	574	0.00478456322162525	4.01900149544589	0.824642117861242	5.78950037175466	78.0395982845446	2.99206633996743e-07
SNP.141	6.287e-35	0.238693	750735	3.6650831742124e-06	12.3294556471052	0.999837133944152	71.6340679773002	5.60612e-05	0.238693	574	0.00479356483761733	4.02880455680701	0.824370144899115	5.82059731956322	77.4546652968634	1.66700940334937e-07
SNP.142	9.75e-36	0.239295	753581	3.6449381995476e-06	12.4787543709867	0.999838028985546	73.4829977374183	7.89398e-05	0.239295	574	0.00478528950061547	3.94759620590953	0.824620167562909	5.55484011410305	79.0378378515213	8.11897406317998e-07
SNP.15	8.346e-34	0.271357	752747	3.3594265077001e-06	12.1193088300251	0.999850714444718	69.0230350993944	3.31753e-06	0.271357	574	0.00440557182123994	4.65011313075026	0.836258011890233	8.13670268998864	77.1597377893831	1.24123113410739e-07
SNP.16	1.409e-40	0.200501	754106	4.13621533297058e-06	13.3370641632826	0.99981620199534	84.6214569010727	0.000211219	0.200501	574	0.00543405017401588	3.70520599859214	0.805468589761802	4.71037768650062	89.3318345875734	0.0239953524425346
SNP.17	2.219e-35	0.229008	756200	3.74483602181429e-06	12.4130971374048	0.999833590540192	72.6791400814422	1.43293e-05	0.229008	574	0.00493352787403478	4.33875370512632	0.820164293244098	6.86185192246036	79.5409920039026	1.34282131383682e-06
SNP.18	2.273e-40	0.189223	751175	4.3386391901544e-06	13.3013586737567	0.999807208767175	84.1690650545275	0.00110947	0.189223	574	0.00567783500638368	3.26118660556077	0.798499955546714	3.44517565207871	87.6142407066062	0.00430710628225962
SNP.19	1.057e-40	0.187186	754763	4.35406454801321e-06	13.3584803643015	0.999806523460503	84.9320588265659	0.000439936	0.187186	574	0.00572523836315696	3.51489010486802	0.797158901211256	4.126564684251	89.0586235108169	0.0182588352581293
SNP.2	1.588e-40	0.190176	751270	4.32143122428164e-06	13.328143671706	0.999807973271379	84.5237131170439	0.00130864	0.190176	574	0.00565603072450534	3.21407826084189	0.799118321050038	3.32504602001306	87.8487591370569	0.00544547349854733
SNP.20	9.448e-41	0.186717	754694	4.36288285124992e-06	13.3668318882878	0.99980613168771	85.0446122104397	0.000427829	0.186717	574	0.00573630925181395	3.52229424501309	0.796846351247359	4.1461633903586	89.1907756007983	0.0208384778958974
SNP.21	3.372e-40	0.186717	753311	4.37089264665086e-06	13.2718395878137	0.999805775834948	83.7805087444902	0.000427829	0.186717	574	0.00573630925181395	3.52229424501309	0.796846351247359	4.1461633903586	87.9266721348488	0.00588671260719172
SNP.22	2.883e-42	0.18593	747937	4.41665795087273e-06	13.6240082760905	0.999803742615594	88.5205449462888	0.000881406	0.18593	574	0.00575502072787787	3.32587767815906	0.796318651353893	3.60862512094521	92.129170067234	0.393545087912772
SNP.23	2.915e-35	0.239348	756448	3.63057247717344e-06	12.391240231486	0.999838667255691	72.3930106983219	5.16242e-05	0.239348	574	0.00478456322162525	4.04814936217666	0.824642117861242	5.88645364372319	78.2794643420451	3.80315235453941e-07
SNP.24	8.657e-39	0.186717	744981	4.41976575314164e-06	13.0264247044924	0.999803604545278	80.5595171877804	0.000820625	0.186717	574	0.00573630925181395	3.34574272299657	0.796846351247359	3.66305043629001	84.2225676240704	0.000144944147541502
SNP.25	2.019e-40	0.189223	750286	4.34377996345958e-06	13.3102149650257	0.999806980376503	84.2874540044279	0.00110947	0.189223	574	0.00567783500638368	3.26118660556077	0.798499955546714	3.44517565207871	87.7326296565066	0.00484843141136765
SNP.26	1.256e-34	0.247487	739862	3.6287152008563e-06	12.2735643095726	0.999838749774679	70.9417684304531	9.26847e-05	0.247487	574	0.00467726217062011	3.90898504702303	0.82789796333214	5.44537449718391	76.387142927637	5.73216885824173e-08
SNP.27	6.937e-36	0.239241	749736	3.66419798520134e-06	12.505831648888	0.999837173273074	73.8237679312197	0.000174945	0.239241	574	0.00478602986172982	3.75269307062726	0.824597792863868	4.93594703884295	78.7597149700627	6.14771776506051e-07
SNP.28	1.723e-39	0.190476	747148	4.34003642986058e-06	13.149061374345	0.999807146691579	82.1554451962996	0.000433033	0.190476	574	0.00564921522386319	3.51908802783677	0.799311803937109	4.14632949636443	86.301774692664	0.00115928132819146
SNP.29	2.095e-40	0.18797	753251	4.34880236966722e-06	13.3074539392532	0.999806757244662	84.2512729743526	0.000616871	0.18797	574	0.00570686364765541	3.42408598257517	0.797678192125775	3.87718719468021	88.1284601690328	0.00720291456514914
SNP.3	1.692e-40	0.187657	753196	4.35469545177459e-06	13.3234096483315	0.999806495431186	84.4643427995271	0.0005522	0.187657	574	0.00571417978309201	3.45406708286071	0.797471348555156	3.95871066981184	88.4230534693389	0.00967049062635896
SNP.30	2.13e-35	0.251302	754400	3.52261927107686e-06	12.416373411903	0.999843463650973	72.689986878389	5.75063e-05	0.251302	574	0.00462972818484388	4.02281649923615	0.829348523018734	5.82662940596789	78.5166162843569	4.82100413017297e-07
SNP.31	1.42e-35	0.229323	748150	3.78147567744668e-06	12.4487795061675	0.99983196265563	73.1273728879049	1.47882e-05	0.229323	574	0.00492876485728524	4.3318197322585	0.820306715124428	6.83813727468187	79.9655101625868	2.05297716938479e-06
SNP.32	6.966e-41	0.18797	753798	4.34564662383583e-06	13.3894872366123	0.99980689744585	85.3457301035087	0.000309767	0.18797	574	0.00570686364765541	3.60699217357418	0.797678192125775	4.39010532969505	89.7358354332037	0.0359403639893307
SNP.33	8.2e-41	0.187186	754443	4.35591134181389e-06	13.3773679735528	0.999806441412544	85.1847027538298	0.000457661	0.187186	574	0.00572523836315696	3.50438627199825	0.797158901211256	4.09717769800016	89.2818804518299	0.0228261321741794
SNP.34	3.9e-39	0.200501	745306	4.18505258227509e-06	13.0871436622465	0.999814032253445	81.3257703081442	0.000211219	0.200501	574	0.00543405017401588	3.70520599859214	0.805468589761802	4.71037768650062	86.0361479946448	0.000888850317366532
SNP.35	9.78e-36	0.23995	756004	3.62646085033067e-06	12.4785097257423	0.999838849935736	73.4774686157677	8.80644e-05	0.23995	574	0.0047763395621836	3.92132224443972	0.824890742715141	5.47090426147173	78.9483728772394	7.42415464001381e-07
SNP.36	1.05e-35	0.240602	755211	3.62353962761719e-06	12.4728516860568	0.999838979726032	73.4064993279833	9.39041e-05	0.240602	574	0.00476748603782649	3.90582591324814	0.825158577831016	5.42215552934885	78.8286548573322	6.58649147322305e-07
SNP.37	1.598e-40	0.18593	752730	4.38853492992427e-06	13.3276752767483	0.999804992038637	84.5249097222752	0.00104231	0.18593	574	0.00575502072787787	3.27885006121866	0.796318651353893	3.48495500041909	88.0098647226943	0.0063973913037975
SNP.38	1.184e-35	0.231061	755930	3.72280154968711e-06	12.4632792156582	0.999834569525118	73.3003361991771	5.31041e-05	0.231061	574	0.00490274804086233	4.04152772954863	0.8210855337008	5.84535982938325	79.1456960285604	9.0436420628865e-07
SNP.39	3.057e-40	0.190476	753019	4.30619883229702e-06	13.2791858005337	0.999808650007059	83.8708135506808	0.000824771	0.190476	574	0.00564921522386319	3.34434500837455	0.799311803937109	3.66700738081979	87.5378209315006	0.0039902205589057
SNP.4	2.144e-40	0.18797	752736	4.35177769331373e-06	13.3057261284166	0.999806625059175	84.2286163479071	0.000618895	0.18797	574	0.00570686364765541	3.42319571231819	0.797678192125775	3.87475589897713	88.1033722468842	0.00702445633843779
SNP.40	1.695e-35	0.247487	754787	3.55696174673907e-06	12.4346412779499	0.999841937798865	72.9216710807065	0.000105349	0.247487	574	0.00467726217062011	3.87793004048383	0.82789796333214	5.34527223720453	78.2669433179111	3.75582987333848e-07
SNP.41	6.297e-35	0.238693	748526	3.67589932319298e-06	12.3293275738881	0.999836653383223	71.6339257973417	6.70766e-05	0.238693	574	0.00479356483761733	3.98642399983953	0.824370144899115	5.68058223394415	77.3145080312859	1.44900045747565e-07
SNP.42	1.434e-36	0.237437	751245	3.67590504460373e-06	12.6304804461809	0.999836653129021	75.3916715785134	3.75445e-05	0.237437	574	0.00481098481747967	4.12209334353567	0.823844330417535	6.13104511941314	81.5227166979266	9.74249799764943e-06
SNP.43	1.858e-36	0.244361	750369	3.60868406820264e-06	12.6100818317232	0.999839639760944	75.1252882369951	7.66888e-05	0.244361	574	0.00471749939995321	3.95451893046395	0.826674033105285	5.58756455934038	80.7128527963355	4.3346187139826e-06
SNP.44	3.539e-36	0.235677	746168	3.71996843213446e-06	12.5591983918768	0.999834695399812	74.4998347275422	1.46369e-05	0.235677	574	0.0048357515767751	4.33408292203519	0.823097910324747	6.8645692245972	81.3644039521394	8.31602858147889e-06
SNP.45	3.277e-39	0.200501	745620	4.18329014764239e-06	13.1003599104297	0.999814110554749	81.4985845504317	0.000211219	0.200501	574	0.00543405017401588	3.70520599859214	0.805468589761802	4.71037768650062	86.2089622369323	0.00105652773840497
SNP.46	1.258e-40	0.188917	748365	4.36033841594746e-06	13.3455139199093	0.999806244729893	84.7596593760508	0.000407671	0.188917	574	0.00568488616489638	3.53506750361677	0.798300190689549	4.18757250691223	88.947231882963	0.0163341410254503
SNP.47	9.471e-36	0.24812	755006	3.54984422873789e-06	12.4810660749909	0.999842254033105	73.4989562749305	7.08815e-05	0.24812	574	0.00466925730272209	3.9733073193114	0.828141886592745	5.65646577785659	79.1554220527871	9.13202987895155e-07
SNP.48	3.969e-40	0.186717	752973	4.37285468475126e-06	13.259620342945	0.999805688667132	83.6186597117471	0.000820625	0.186717	574	0.00573630925181395	3.34574272299657	0.796846351247359	3.66305043629001	87.2817101480371	0.00308865500853284
SNP.49	9.218e-41	0.18593	752102	4.39219932642367e-06	13.3686653550227	0.999804829240109	85.0723482643572	0.000881406	0.18593	574	0.00575502072787787	3.32587767815906	0.796318651353893	3.60862512094521	88.6809733853024	0.0125158890497862
SNP.5	2.905e-39	0.203008	745082	4.14761864357362e-06	13.1095019102837	0.999815695368078	81.6142226787339	0.000527309	0.203008	574	0.00538382577385213	3.4664860994248	0.806919401321867	4.02586014976234	85.6400828284962	0.00059816323400941
SNP.50	5.117e-35	0.221662	750335	3.8623828306096e-06	12.3460379902706	0.999828368003461	71.8641675906175	1.20839e-05	0.221662	574	0.00504892163973076	4.37606859591911	0.816728883048211	6.97177504534452	78.835942635962	6.63466770064092e-07
SNP.51	1.195e-35	0.240602	755506	3.62212475574304e-06	12.4625418898436	0.999839042588981	73.2777902539979	9.39041e-05	0.240602	574	0.00476748603782649	3.90582591324814	0.825158577831016	5.42215552934885	78.6999457833468	5.79103904811477e-07
SNP.52	3.013e-35	0.229323	752501	3.75961098800099e-06	12.3885884685104	0.999832934093992	72.3771806353254	1.47882e-05	0.229323	574	0.00492876485728524	4.3318197322585	0.820306715124428	6.83813727468187	79.2153179100073	9.69571327850138e-07
SNP.53	7.675e-41	0.188442	755148	4.32952906722068e-06	13.3822859958267	0.999807613505587	85.2475603049521	0.00040125	0.188442	574	0.0056958801673407	3.53926029087082	0.797988921305665	4.19823324230012	89.4457935472522	0.0268917385690797
SNP.54	1.775e-35	0.238636	755088	3.64455188301459e-06	12.4309554672907	0.999838046149609	72.8877140909187	9.72102e-05	0.238636	574	0.00479435085756397	3.8974517056158	0.824346404771325	5.39134372716355	78.2790578180823	3.80160659618827e-07
SNP.55	8.217e-41	0.184478	754978	4.40205480233791e-06	13.3772140081202	0.99980439139011	85.1877278516267	0.000280293	0.184478	574	0.00578999047135796	3.63286378672958	0.795334308181545	4.45510281705752	89.6428306686843	0.0327484700342605
SNP.56	3.093e-40	0.189223	752862	4.32891724335168e-06	13.2783090497131	0.999807640687297	83.8617150815824	0.000475082	0.189223	574	0.00567783500638368	3.4944261641041	0.798499955546714	4.0742643159862	87.9359793975686	0.00594175754949637
SNP.57	7.818e-36	0.240602	756172	3.61893456212661e-06	12.4963277856794	0.999839184329745	73.6989218430527	9.39041e-05	0.240602	574	0.00476748603782649	3.90582591324814	0.825158577831016	5.42215552934885	79.1210773724015	8.82371797377025e-07
SNP.58	5.524e-41	0.193798	754444	4.24179653815248e-06	13.406703704184	0.999811511244124	85.5646765475848	0.000193801	0.193798	574	0.00557525774813573	3.72696286391167	0.801417397547991	4.75766981421006	90.3223463617948	0.0646101770328948
SNP.59	1.519e-40	0.186717	752203	4.37733100046292e-06	13.3314578422828	0.999805489797115	84.5740861985124	0.000820625	0.186717	574	0.00573630925181395	3.34574272299657	0.796846351247359	3.66305043629001	88.2371366348024	0.00802982079358558
SNP.6	1.14e-40	0.200501	754096	4.13627018295431e-06	13.3528515399386	0.999816199558459	84.8321064661726	0.000211219	0.200501	574	0.00543405017401588	3.70520599859214	0.805468589761802	4.71037768650062	89.5424841526732	0.0296217748725616
SNP.60	4.165e-40	0.182957	746073	4.48326837368983e-06	13.2560049335993	0.999800783323028	83.5827713082487	0.00134539	0.182957	574	0.00582725694314267	3.20611758369049	0.794287990720778	3.29167951919505	86.8744508274438	0.00205541218245263
SNP.61	2.59e-36	0.244975	742377	3.64134977489716e-06	12.583876945464	0.999838188419452	74.7996287457591	9.81303e-05	0.244975	574	0.0047095023028551	3.89516896399015	0.826916999420422	5.39614143993634	80.1957701856954	2.58454904088291e-06
SNP.62	2.59e-39	0.189223	735410	4.43164669186472e-06	13.11820411458	0.999803076711226	81.7603474483323	0.00366374	0.189223	574	0.00567783500638368	2.90575003651784	0.798499955546714	2.57003774627347	84.3303851946058	0.00016144524571918
SNP.63	1.564e-40	0.189223	746834	4.36385768947883e-06	13.3292798961448	0.999806088378366	84.5435711341725	0.000617076	0.189223	574	0.00567783500638368	3.42399568831715	0.798499955546714	3.87972268051924	88.4232938146917	0.00967281516317458
SNP.64	3.786e-39	0.200501	745089	4.18627143855984e-06	13.0893973035191	0.999813978102204	81.3554020223135	0.000211219	0.200501	574	0.00543405017401588	3.70520599859214	0.805468589761802	4.71037768650062	86.0657797088141	0.000915582581344937
SNP.65	4.148e-41	0.185606	753609	4.3893210847226e-06	13.4279382291881	0.999804957112051	85.8660329555053	0.000500081	0.185606	574	0.00576277329849602	3.48071301376977	0.796100218558428	4.02745826298732	89.8934912184927	0.0420776530895471
SNP.66	2.777e-35	0.233083	755717	3.70127921585411e-06	12.3951285640409	0.999835525757744	72.4505929220294	1.67643e-05	0.233083	574	0.00487303070586693	4.30413027477474	0.821976939337503	6.75086118355561	79.2014541055851	9.56222129737975e-07
SNP.67	3.719e-35	0.239348	756135	3.63207534264767e-06	12.3716927745637	0.999838600483225	72.1512253493158	5.16242e-05	0.239348	574	0.00478456322162525	4.04814936217666	0.824642117861242	5.88645364372319	78.037678993039	2.98632919984007e-07
SNP.68	3.821e-35	0.238035	756122	3.64587930755765e-06	12.3695195663697	0.999837987172074	72.1261952433064	5.61253e-05	0.238035	574	0.00480266472785559	4.02853586306594	0.824095384984321	5.8182570051874	77.9444522484938	2.72050682661568e-07
SNP.69	8.845e-35	0.239348	747439	3.67433233911114e-06	12.3019167195574	0.999836723004215	71.2961913300589	5.16242e-05	0.239348	574	0.00478456322162525	4.04814936217666	0.824642117861242	5.88645364372319	77.1826449737821	1.26999240679731e-07
SNP.7	3.845e-36	0.228426	755662	3.75421639068706e-06	12.5526347072786	0.999833173773825	74.421896831992	0.000189505	0.228426	574	0.00494236701431945	3.7326111881006	0.819900119703941	4.85446074426901	79.276357576261	1.03059719071786e-06
SNP.70	9.905e-35	0.239348	747644	3.67332485676725e-06	12.2927722038319	0.999836767766589	71.1836227195994	5.16242e-05	0.239348	574	0.00478456322162525	4.04814936217666	0.824642117861242	5.88645364372319	77.0700763633225	1.13478398484038e-07
SNP.71	3.056e-34	0.250627	750922	3.54526970174863e-06	12.2013800855971	0.999842457281319	70.047204061397	1.03461e-05	0.250627	574	0.00463801570553394	4.40981074106358	0.829095253099579	7.17814726472151	77.2253513261185	1.32540394070809e-07
SNP.72	3.622e-35	0.235443	755741	3.67537256011695e-06	12.3738151067489	0.999836676787268	72.1832571231112	1.74711e-05	0.235443	574	0.00483907619155984	4.29497756975739	0.82299781610566	6.72505475460639	78.9083118777176	7.13261427342915e-07
SNP.73	1.001e-38	0.185606	745134	4.43924431489734e-06	13.0153367784517	0.999802739172183	80.417295982682	0.00123523	0.185606	574	0.00576277329849602	3.23061778090669	0.796100218558428	3.35934236448287	83.7766383471649	9.27974538024036e-05
SNP.74	2.199e-35	0.229765	755147	3.74137620708389e-06	12.413821857604	0.999833744258586	72.6876846320361	6.51717e-06	0.229765	574	0.00492210630426965	4.50887692574407	0.820505899522996	7.48162415625831	80.1693087882944	2.51705519065769e-06
SNP.75	1.279e-40	0.18593	751533	4.39552474449146e-06	13.3442801954867	0.999804681501458	84.7470773004982	0.000950235	0.18593	574	0.00575502072787787	3.30486104120505	0.796318651353893	3.55313929827962	88.3002165987778	0.00855265853662042
SNP.76	2.692e-39	0.200501	745365	4.1847213108814e-06	13.1152761132611	0.999814046971143	81.6942326052372	0.000211219	0.200501	574	0.00543405017401588	3.70520599859214	0.805468589761802	4.71037768650062	86.4046102917378	0.00128484214639947
SNP.77	1.259e-40	0.189433	751001	4.33595666687326e-06	13.3454547082379	0.999807327944481	84.7561626221257	0.000505264	0.189433	574	0.00567301009194859	3.47795008684196	0.798636706783069	4.02888714528723	88.7850497674129	0.0138886969907902
SNP.78	2.443e-40	0.186717	748707	4.39777043695492e-06	13.2959652628246	0.999804581731899	84.1038886853764	0.00101398	0.186717	574	0.00573630925181395	3.28661878144311	0.796846351247359	3.50681621698768	87.6107049023641	0.00429190408942254
SNP.79	1.252e-35	0.240602	754183	3.62847874549334e-06	12.4588260739904	0.999838760280418	73.232350387683	9.39041e-05	0.240602	574	0.00476748603782649	3.90582591324814	0.825158577831016	5.42215552934885	78.6545059170319	5.5337840865578e-07
SNP.8	2.504e-40	0.187186	753013	4.36418338123259e-06	13.2941205574653	0.999806073908791	84.0756673437612	0.00041641	0.187186	574	0.00572523836315696	3.52945914055635	0.797158901211256	4.16747064437676	88.243137988138	0.00807815547707721
SNP.80	1.015e-35	0.232412	756584	3.70447038319116e-06	12.475552280018	0.999835383974755	73.4509445177728	5.13094e-05	0.232412	574	0.00488282756166603	4.04958107538709	0.82168285759862	5.87533669655733	79.3262812143301	1.08335430842249e-06
SNP.81	2.869e-39	0.200501	745910	4.18166373943923e-06	13.1104476429137	0.999814182812691	81.6305755974305	0.000211219	0.200501	574	0.00543405017401588	3.70520599859214	0.805468589761802	4.71037768650062	86.3409532839311	0.00120560179802783
SNP.82	6.032e-36	0.23995	756117	3.62591888384124e-06	12.5169346843861	0.999838874015374	73.9575428553309	0.000130547	0.23995	574	0.0047763395621836	3.8254243866038	0.824890742715141	5.16450007695911	79.1220429322901	8.83224191643985e-07
SNP.83	3.139e-36	0.253133	741230	3.56800109575416e-06	12.5686853908343	0.999841447316462	74.5986909805089	9.56146e-05	0.253133	574	0.00460750775645619	3.90145914595383	0.830028352371906	5.43102810294479	80.0297190834537	2.18912066032612e-06
SNP.84	1.324e-36	0.244949	754118	3.58491398129033e-06	12.6367588814193	0.999840695871569	75.4587703479645	9.50586e-05	0.244949	574	0.00470984000303606	3.90287042004215	0.826906736588288	5.42092369259749	80.879694040562	5.1216409991112e-06
SNP.85	1.851e-40	0.200501	754107	4.13620984805222e-06	13.3167042052195	0.999816202239025	84.3501713274579	0.000211219	0.200501	574	0.00543405017401588	3.70520599859214	0.805468589761802	4.71037768650062	89.0605490139585	0.0182940265724017
SNP.86	3.613e-35	0.233083	755214	3.70374440247085e-06	12.3740148791707	0.999835416229944	72.1894764521443	1.67643e-05	0.233083	574	0.00487303070586693	4.30413027477474	0.821976939337503	6.75086118355561	78.9403376356999	7.36473879427298e-07
SNP.87	1.478e-35	0.236776	753947	3.6697754317068e-06	12.4455836493815	0.999836925467343	73.0729950685306	0.000114081	0.236776	574	0.00482023724287291	3.85850871607236	0.823565322657278	5.263254835776	78.3362499043066	4.02536605500207e-07
SNP.88	5.926e-34	0.271357	754841	3.35010714228788e-06	12.1473434149631	0.99985112851525	69.3617788634892	3.52915e-06	0.271357	574	0.00440557182123994	4.63734387352797	0.836258011890233	8.08711512900183	77.4488939924911	1.65741629369619e-07
SNP.89	5.218e-35	0.239348	752966	3.64736161953248e-06	12.3444649115046	0.999837921312891	71.816843420473	5.16242e-05	0.239348	574	0.00478456322162525	4.04814936217666	0.824642117861242	5.88645364372319	77.7032970641962	2.13755576839798e-07
SNP.9	1.927e-40	0.192982	752921	4.26403312179229e-06	13.3136989834008	0.999810523325023	84.3248751919171	0.00159717	0.192982	574	0.00559317087472644	3.15642309328528	0.800906387546368	3.18272779488437	87.5076029868015	0.00387144786576997
SNP.90	4.466e-34	0.273183	753457	3.34220269864349e-06	12.1704524657936	0.999851479719388	69.6415626858969	4.46419e-06	0.273183	574	0.00438711849949795	4.58851090089652	0.836831957296582	7.90302355432214	77.544586240219	1.82385462631338e-07
SNP.91	4.339e-40	0.183206	747352	4.47087545266145e-06	13.2529343818624	0.999801333900388	83.5407454643778	0.00148394	0.183206	574	0.00582111099529171	3.17780601355393	0.7944603586964	3.22035134465108	86.7610968090289	0.00183514295815499
SNP.92	1.74e-40	0.18797	752984	4.35034440805409e-06	13.3213215182909	0.999806688736112	84.4360467687367	0.000618895	0.18797	574	0.00570686364765541	3.42319571231819	0.797678192125775	3.87475589897713	88.3108026677138	0.00864367849122216
SNP.93	1.992e-40	0.188131	752466	4.35047623199975e-06	13.311220804384	0.999806682879535	84.3015835534986	0.000696262	0.188131	574	0.00570311053726119	3.3910468416922	0.797784342626804	3.78773006069004	88.0893136141887	0.0069263930201158
SNP.94	6.02e-36	0.235969	756488	3.66608076897768e-06	12.5170927809742	0.99983708962105	73.9648884738324	4.09298e-05	0.235969	574	0.00483161342989963	4.10216738200241	0.823222531582638	6.06007089709094	80.0249593709233	2.17872583310789e-06
SNP.95	2.571e-35	0.26005	742847	3.49793228514111e-06	12.4013056087052	0.999844560508075	72.499610684723	1.94946e-05	0.26005	574	0.00452687892721292	4.27060204062124	0.832504561869522	6.69822691303899	79.197837597762	9.52770190669858e-07
SNP.96	2.81e-41	0.181934	750001	4.47925668723843e-06	13.4567517591474	0.999800961549203	86.2630563316257	0.00091873	0.181934	574	0.00585269511269253	3.31429962916765	0.793575351851737	3.56963685886414	89.8326931904899	0.0395956303028605
SNP.97	9.059e-41	0.200252	753195	4.14507650879323e-06	13.3699596325097	0.999815808310216	85.0616808439748	0.000259152	0.200252	574	0.00543911306801484	3.65304182433351	0.805322629434446	4.55519451313926	89.6168753571141	0.0319094094349231
SNP.98	2.04e-36	0.236842	753395	3.67175833766834e-06	12.6027147861164	0.999836837366937	75.0408710056294	3.19967e-05	0.236842	574	0.00481931075402028	4.15876919463138	0.823593252501399	6.25468995529333	81.2955609609227	7.76279007793464e-06
SNP.99	8.853e-36	0.24812	755507	3.54749021751285e-06	12.4864373134875	0.999842358622833	73.5656754354839	7.08815e-05	0.24812	574	0.00466925730272209	3.9733073193114	0.828141886592745	5.65646577785659	79.2221412133405	9.76209628939094e-07
