snp	pvalues.df1	MAF.df1	N.df1	V.df1	z.df1	r.df1	lABF.df1	pvalues.df2	MAF.df2	N.df2	V.df2	z.df2	r.df2	lABF.df2	internal.sum.lABF	SNP.PP.H4
SNP.1	4.74e-35	0.241573	754748	3.61581211294911e-06	12.3521954278317	0.999839323060652	71.9080507641367	0.0805742	0.241573	387	0.00705174925225869	1.747364103603	0.761376249099037	0.445914320079821	72.3539650842166	6.11919652747849e-11
SNP.10	3.308e-40	0.166667	753048	4.78056410748332e-06	13.273275278548	0.999787575617818	83.8427436228423	6.23185e-06	0.166667	387	0.00930231069770567	4.51836665705205	0.707495760728582	6.60735034302069	90.450093965863	0.00442326866274315
SNP.100	7.812e-34	0.282772	753602	3.27140507216344e-06	12.124727092797	0.999854625355875	69.0757196488056	0.0440665	0.282772	387	0.00637038089197032	2.01345770679779	0.779345450418283	0.824159417304886	69.8998790661105	5.25894205574472e-12
SNP.101	1.524e-35	0.2397	755070	3.6335384842525e-06	12.4431364009181	0.999838535475703	73.037709285483	0.0688533	0.2397	387	0.00708934341939156	1.8193811533357	0.760408897253681	0.54412213838634	73.5818314238693	2.0890554963382e-10
SNP.102	5.477e-34	0.277154	753421	3.31257218048651e-06	12.1537849880503	0.999852796241893	69.4345262931966	0.0331717	0.277154	387	0.00644899598138068	2.12999895065796	0.777229027717282	1.01229791804164	70.4468242112382	9.08727443925178e-12
SNP.103	8.321e-36	0.230337	756785	3.72677500036745e-06	12.4913684123061	0.999834392985765	73.6512757397567	0.0809047	0.230337	387	0.0072877711076307	1.74546074387898	0.755343523981766	0.446677236437488	74.0979529761942	3.5002472208494e-10
SNP.104	2.186e-35	0.237828	754957	3.65369099105526e-06	12.4142964463408	0.999837640098749	72.6820195634091	0.0715794	0.237828	387	0.00712759583858942	1.80178397467822	0.759427127417951	0.520345677241026	73.2023652406501	1.42938726293274e-10
SNP.105	2.003e-35	0.237452	754814	3.65836505014453e-06	12.4212921374757	0.999837432430283	72.7694996146614	0.0283543	0.237452	387	0.00713536216268679	2.19234922390019	0.759228109866976	1.11262248709473	73.8821221017562	2.82074977167394e-10
SNP.106	3.356e-34	0.282772	754694	3.26667153202823e-06	12.1937534990881	0.999854835674317	69.9141980405697	0.0440665	0.282772	387	0.00637038089197032	2.01345770679779	0.779345450418283	0.824159417304886	70.7383574578746	1.21631181222953e-11
SNP.107	3.045e-36	0.227444	748923	3.7995169095856e-06	12.5710891113273	0.999831161093186	74.6595169677658	0.0659865	0.227444	387	0.00735283101415394	1.83851536408887	0.753697362549375	0.573203695384489	75.2327206631503	1.08873469806029e-09
SNP.108	1.007e-33	0.282772	745810	3.30558373472133e-06	12.1039084349628	0.999853106748143	68.8286372260596	0.0440665	0.282772	387	0.00637038089197032	2.01345770679779	0.779345450418283	0.824159417304886	69.6527966433645	4.1076350681509e-12
SNP.109	1.929e-35	0.236842	754563	3.66607476487403e-06	12.4243031331604	0.999837089887812	72.8079245162711	0.0532513	0.236842	387	0.00714802163516186	1.93287742075387	0.758903925424674	0.706358383775307	73.5142829000464	1.95260333225551e-10
SNP.11	4.921e-34	0.279468	753790	3.29408098750907e-06	12.1625310338521	0.999853617831432	69.538108743763	0.0468281	0.279468	387	0.00641613774567045	1.98785164494141	0.778112215327542	0.784584531928807	70.3226932756918	8.02646402994424e-12
SNP.110	1.07e-35	0.242481	755611	3.60247095545305e-06	12.4713483744681	0.999839915810808	73.3849104797542	0.0692643	0.242481	387	0.00703376403390397	1.81669191766564	0.761839905478035	0.539770520298335	73.9246810000526	2.94338895826701e-10
SNP.111	2.845e-35	0.236842	754166	3.6680046207435e-06	12.3931891540532	0.999837004144391	72.4221584530459	0.0609886	0.236842	387	0.00714802163516186	1.87357809179122	0.758903925424674	0.620708388997421	73.0428668420433	1.21865460369905e-10
SNP.112	2.044e-35	0.2397	754864	3.63453006542176e-06	12.4196711259297	0.999838491419661	72.7461830878927	0.0688533	0.2397	387	0.00708934341939156	1.8193811533357	0.760408897253681	0.54412213838634	73.290305226279	1.56078024084558e-10
SNP.113	4.204e-39	0.185393	743271	4.45431930630283e-06	13.081439958072	0.999802069437317	81.2813032053049	4.31031e-05	0.185393	387	0.0085549518478424	4.09018405607508	0.72452213451309	5.41586078565244	86.6971639909574	0.000103720962800493
SNP.114	1.027e-35	0.230337	756735	3.7270212407951e-06	12.4746160773187	0.999834382045371	73.4422232824957	0.0809047	0.230337	387	0.0072877711076307	1.74546074387898	0.755343523981766	0.446677236437488	73.8889005189332	2.83993493945556e-10
SNP.115	6.388e-35	0.237736	755744	3.65085795160154e-06	12.3281713081942	0.999837765970746	71.6163401092423	0.0697146	0.237736	387	0.00712949351879885	1.81376054027891	0.759378488387746	0.536809035560918	72.1531491448032	5.00588821287684e-11
SNP.116	1.224e-35	0.241445	755455	3.61373342637856e-06	12.4606298954055	0.999839415417044	73.2528370492373	0.0497135	0.241445	387	0.00705429712047755	1.96242091257686	0.761310611051894	0.749643962803149	74.0024810120404	3.18152816494144e-10
SNP.117	1.103e-33	0.254	753448	3.50222606453417e-06	12.0964334552494	0.999844369732793	68.7664512472863	0.00810807	0.254	387	0.00681846311077815	2.64753610989996	0.767434497333132	1.96035421055745	70.7268054578438	1.20234182414467e-11
SNP.118	2.73e-35	0.232955	754614	3.70810707669633e-06	12.3964968172859	0.999835222397169	72.4684487977862	0.0581052	0.232955	387	0.00723046385936466	1.89490340500051	0.756799493826694	0.651769900622872	73.120218698409	1.316661442801e-10
SNP.119	4.775e-34	0.282772	754033	3.26953515985708e-06	12.1649906534422	0.999854708438934	69.5643641339918	0.0440665	0.282772	387	0.00637038089197032	2.01345770679779	0.779345450418283	0.824159417304886	70.3885235512967	8.57262821353988e-12
SNP.12	4.599e-35	0.219101	749702	3.89800245671836e-06	12.3546242416474	0.999826785454845	71.9746608311886	0.138413	0.219101	387	0.00755126676435831	1.48172681162437	0.748720517388827	0.13131857651089	72.1059794076995	4.77524425272973e-11
SNP.120	9.043e-36	0.2397	753570	3.64077113380911e-06	12.4847472920404	0.999838214128512	73.557230339937	0.0688533	0.2397	387	0.00708934341939156	1.8193811533357	0.760408897253681	0.54412213838634	74.1013524783233	3.51216656717181e-10
SNP.121	2.744e-34	0.282772	754604	3.26706114093288e-06	12.2101449131712	0.999854818363393	70.1142345400099	0.0440665	0.282772	387	0.00637038089197032	2.01345770679779	0.779345450418283	0.824159417304886	70.9383939573148	1.48566082703898e-11
SNP.122	1.831e-35	0.229323	754570	3.74930228882904e-06	12.4284723389084	0.999833392105535	72.8706609131593	0.0687668	0.229323	387	0.00731036441364788	1.81994881527436	0.754771048343809	0.547199995526678	73.417860908686	1.77312146517258e-10
SNP.123	4.997e-34	0.283019	753942	3.26820152178532e-06	12.1612792243286	0.999854767694518	69.5190285004001	0.044291	0.283019	387	0.00636701393213919	2.01132632177645	0.77943635087762	0.820794507001359	70.3398230074015	8.16513955167514e-12
SNP.124	3.732e-35	0.226415	755662	3.77771495465581e-06	12.3714125266185	0.999832129742726	72.16691794782	0.0449128	0.226415	387	0.00737642283737757	2.00547023229948	0.753102207800154	0.815064558972329	72.9819825067923	1.14667119418593e-10
SNP.125	5.339e-34	0.237828	743259	3.7111956794793e-06	12.1558705626529	0.999835085171188	69.5153695293753	0.0610743	0.237828	387	0.00712759583858942	1.87295716701355	0.759427127417951	0.619657123880408	70.1350266532557	6.65306375480147e-12
SNP.126	4.076e-34	0.279693	754815	3.2879881960362e-06	12.1779086210743	0.999853888542965	69.7243245089602	0.0375801	0.279693	387	0.00641297883770301	2.07940545006651	0.778197228528374	0.929450659514918	70.6537751684751	1.11766410384677e-11
SNP.127	2.446e-36	0.264151	742838	3.46285996273806e-06	12.5883937695757	0.999846118795837	74.8319714245669	0.0448211	0.264151	387	0.00664688364082794	2.00632954322505	0.771952167417404	0.814592067461641	75.6465634920286	1.64684119102767e-09
SNP.128	2.758e-36	0.245318	742633	3.63665710012644e-06	12.5789126181544	0.999838396915328	74.7365525150223	0.0786891	0.245318	387	0.00697855703420722	1.7583433844477	0.763266667832173	0.459512573050041	75.1960650880723	1.04954907485935e-09
SNP.129	3.864e-35	0.237828	754931	3.65381682502653e-06	12.3686206311901	0.999837634507944	72.1161382771967	0.0610743	0.237828	387	0.00712759583858942	1.87295716701355	0.759427127417951	0.619657123880408	72.7357954010771	8.9643994668593e-11
SNP.13	1.764e-40	0.166667	753596	4.77708777649045e-06	13.3202988392613	0.999787730055807	84.4675231313741	6.23185e-06	0.166667	387	0.00930231069770567	4.51836665705205	0.707495760728582	6.60735034302069	91.0748734743948	0.00826193191146128
SNP.130	7.887e-36	0.2397	756131	3.62843991755996e-06	12.4956290135363	0.999838762005547	73.691469782688	0.0688533	0.2397	387	0.00708934341939156	1.8193811533357	0.760408897253681	0.54412213838634	74.2355919210744	4.01674770028331e-10
SNP.131	1.678e-35	0.2393	752689	3.6492054960718e-06	12.4354467571881	0.999837839389392	72.9441680945902	0.0698631	0.2393	387	0.00709745952359893	1.81279723883558	0.760200380781333	0.535122291969462	73.4792903865597	1.88545846888548e-10
SNP.132	1.476e-34	0.243396	753790	3.60194903006865e-06	12.2604925399136	0.999839939000066	70.7778307188065	0.0941431	0.243396	387	0.00701579627745594	1.6739363972596	0.762303675919644	0.34963080155288	71.1274615203594	1.79486038269825e-11
SNP.133	4.179e-35	0.240458	755062	3.62573756253488e-06	12.3623235587327	0.999838882071502	72.0345233040608	0.0356997	0.240458	387	0.00707404820527832	2.10033138794773	0.760802168300525	0.962866115408677	72.9973894194695	1.16447465314274e-10
SNP.134	2.292e-35	0.238722	754835	3.64487174802494e-06	12.4105058932034	0.999838031937991	72.6337993538654	0.073202	0.238722	387	0.00710924228920001	1.7915692032716	0.759897865005715	0.506184325619624	73.139983679485	1.34294411393556e-10
SNP.135	2.489e-35	0.238722	754834	3.64487657673131e-06	12.4039024155308	0.999838031723451	72.5518825741951	0.073202	0.238722	387	0.00710924228920001	1.7915692032716	0.759897865005715	0.506184325619624	73.0580668998147	1.23731972013567e-10
SNP.136	1.246e-32	0.282443	727897	3.38932217971035e-06	11.8957025808459	0.99984938614663	66.34281780349	0.0249989	0.282443	387	0.00637487712311273	2.24141972506076	0.779224095190694	1.20209272277826	67.5449105262682	4.99055152438852e-13
SNP.137	1.472e-32	0.280303	708300	3.49925284410346e-06	11.8817794501672	0.999844501834813	66.1929267807009	0.0282434	0.280303	387	0.00640444648444052	2.19388886627404	0.778426945906469	1.11984072380886	67.3127675045098	3.95667255369056e-13
SNP.138	1.337e-38	0.183521	744668	4.48101632970772e-06	12.9932096806863	0.999800883374006	80.1341311981857	2.98979e-05	0.183521	387	0.00862240172664286	4.17424262486656	0.722951917323864	5.65668398346999	85.7908151816557	4.1902916638432e-05
SNP.139	1.965e-40	0.166667	753114	4.78014515732292e-06	13.3122402938458	0.999787594229915	84.360543946088	6.23185e-06	0.166667	387	0.00930231069770567	4.51836665705205	0.707495760728582	6.60735034302069	90.9678942891087	0.00742371245178827
SNP.14	1.817e-40	0.166667	753644	4.77678352114804e-06	13.3180885922932	0.999787743572527	84.4380600320104	6.23185e-06	0.166667	387	0.00930231069770567	4.51836665705205	0.707495760728582	6.60735034302069	91.0454103750311	0.0080220608154941
SNP.140	3.369e-35	0.237828	755077	3.65311033117696e-06	12.3796281694652	0.999837665897476	72.2522305423418	0.0610743	0.237828	387	0.00712759583858942	1.87295716701355	0.759427127417951	0.619657123880408	72.8718876662222	1.02712977951967e-10
SNP.141	6.287e-35	0.236842	750735	3.68476809101433e-06	12.3294556471052	0.999836259344681	71.6366793441756	0.0623042	0.236842	387	0.00714802163516186	1.86412466177121	0.758903925424674	0.607300791069776	72.2439801352454	5.48186763703028e-11
SNP.142	9.75e-36	0.238722	753581	3.65093701396453e-06	12.4787543709867	0.999837762458004	73.4837990725618	0.0711582	0.238722	387	0.00710924228920001	1.80446653994466	0.759897865005715	0.523806084939762	74.0076051575016	3.19787261796177e-10
SNP.15	8.346e-34	0.274436	752747	3.33583194950886e-06	12.1193088300251	0.999851762779775	69.0195885277359	0.0254977	0.274436	387	0.00648846897286032	2.23377775373486	0.776170691217429	1.18801815297488	70.2076066807108	7.15389877302648e-12
SNP.16	1.409e-40	0.183521	754106	4.42493425090211e-06	13.3370641632826	0.999803374924539	84.6540467745056	2.98979e-05	0.183521	387	0.00862240172664286	4.17424262486656	0.722951917323864	5.65668398346999	90.3107307579756	0.00384785454276559
SNP.17	2.219e-35	0.228302	756200	3.75297991811439e-06	12.4130971374048	0.999833228709831	72.6801981937532	0.068069	0.228302	387	0.00733334215524058	1.82454976522642	0.75418972111536	0.553744312615291	73.2339425063685	1.47524360295878e-10
SNP.18	2.273e-40	0.169173	751175	4.73573318747447e-06	13.3013586737567	0.999789567260704	84.2112835154514	4.81483e-06	0.169173	387	0.00919215601318123	4.57269837946383	0.709954854148828	6.80356618012795	91.0148496955793	0.00778060943722633
SNP.19	1.057e-40	0.169173	754763	4.71322041104444e-06	13.3584803643015	0.999790567408485	84.9702579890711	6.61749e-06	0.169173	387	0.00919215601318123	4.50563452348181	0.709954854148828	6.58744597947953	91.5577039685506	0.0133897426764556
SNP.2	1.588e-40	0.168539	751270	4.74932250445251e-06	13.328143671706	0.999788963545588	84.5692228359567	4.27159e-06	0.168539	387	0.00921969901271327	4.59771048565279	0.70933838278169	6.87953360517817	91.4487564411348	0.0120076195947522
SNP.20	9.448e-41	0.170412	754694	4.68636890000711e-06	13.3668318882878	0.999791760310578	85.0790836493443	7.01799e-06	0.170412	387	0.00913895217214978	4.49314216464769	0.711148709273806	6.55752952647675	91.6366131758211	0.0144891218292296
SNP.21	3.372e-40	0.168539	753311	4.7364548213421e-06	13.2718395878137	0.999789535201585	83.8192311322669	5.31857e-06	0.168539	387	0.00921969901271327	4.55181259974526	0.70933838278169	6.73059248901947	90.5498236212864	0.00488714649674104
SNP.22	2.883e-42	0.165414	747937	4.84241077508861e-06	13.6240082760905	0.999784828052261	88.564794787137	5.35198e-06	0.165414	387	0.00935870332787456	4.5504952320062	0.706243432711016	6.6995918732339	95.2643866603709	0.545210322873788
SNP.23	2.915e-35	0.237828	756448	3.64648936811797e-06	12.391240231486	0.999837960067057	72.3951433251691	0.0610743	0.237828	387	0.00712759583858942	1.87295716701355	0.759427127417951	0.619657123880408	73.0148004490495	1.18492688633066e-10
SNP.24	8.657e-39	0.166667	744981	4.83233027421115e-06	13.0264247044924	0.99978527588194	80.6025740028743	6.23185e-06	0.166667	387	0.00930231069770567	4.51836665705205	0.707495760728582	6.60735034302069	87.209924345895	0.000173203048714977
SNP.25	2.019e-40	0.168539	750286	4.75555124035373e-06	13.3102149650257	0.999788686829789	84.3311082415075	4.27159e-06	0.168539	387	0.00921969901271327	4.59771048565279	0.70933838278169	6.87953360517817	91.2106418466857	0.0094633535682868
SNP.26	1.256e-34	0.241573	739862	3.68856213810699e-06	12.2735643095726	0.999836090775611	70.9497458600098	0.0682574	0.241573	387	0.00705174925225869	1.8233037412214	0.761376249099037	0.549139893077756	71.4988857530875	2.60218498360437e-11
SNP.27	6.937e-36	0.237643	749736	3.68110513075307e-06	12.505831648888	0.999836422089633	73.826010581466	0.0736319	0.237643	387	0.00713141353051753	1.78889392722976	0.759329283323833	0.502817769062536	74.3288283505285	4.40926925918418e-10
SNP.28	1.723e-39	0.172285	747148	4.69283271493079e-06	13.149061374345	0.999791473149631	82.1931592216101	9.36474e-06	0.172285	387	0.00906005317130518	4.43134434901012	0.712926555537533	6.37579403810006	88.5689532597102	0.000674177555762823
SNP.29	2.095e-40	0.168539	753251	4.73683210234044e-06	13.3074539392532	0.999789518440599	84.2924720024744	5.31857e-06	0.168539	387	0.00921969901271327	4.55181259974526	0.70933838278169	6.73059248901947	91.0230644914939	0.00784478880513192
SNP.3	1.692e-40	0.166667	753196	4.77962474576617e-06	13.3234096483315	0.999787617349494	84.5092114844025	6.23185e-06	0.166667	387	0.00930231069770567	4.51836665705205	0.707495760728582	6.60735034302069	91.1165618274232	0.00861363834163575
SNP.30	2.13e-35	0.243243	754400	3.60057222223631e-06	12.416373411903	0.999840000171942	72.7006621501791	0.122519	0.243243	387	0.00701878988231285	1.54428625867749	0.762226368008453	0.190668270050451	72.8913304202295	1.04729541364001e-10
SNP.31	1.42e-35	0.222846	748150	3.85895215771177e-06	12.4487795061675	0.999828520425501	73.1372451219543	0.109397	0.222846	387	0.00746014226561256	1.60090934272975	0.750997768986728	0.26722340645022	73.4044685284045	1.74953345060931e-10
SNP.32	6.966e-41	0.168539	753798	4.73339477939718e-06	13.3894872366123	0.999789671146227	85.3869113819542	5.31857e-06	0.168539	387	0.00921969901271327	4.55181259974526	0.70933838278169	6.73059248901947	92.1175038709737	0.0234363642607965
SNP.33	8.2e-41	0.171053	754443	4.67397205419736e-06	13.3773679735528	0.999792311052362	85.2186690478599	7.28757e-06	0.171053	387	0.00911174547412098	4.48511183848505	0.711760760519209	6.53698871700903	91.7556577648689	0.0163208386852924
SNP.34	3.9e-39	0.183521	745306	4.47718047112298e-06	13.0871436622465	0.999801053788754	81.3583894956587	2.98979e-05	0.183521	387	0.00862240172664286	4.17424262486656	0.722951917323864	5.65668398346999	87.0150734791287	0.000142538727039941
SNP.35	9.78e-36	0.238722	756004	3.63923572616071e-06	12.4785097257423	0.999838282346778	73.47918238835	0.0658662	0.238722	387	0.00710924228920001	1.8393331504426	0.759897865005715	0.57207743589444	74.0512598242445	3.34056665097624e-10
SNP.36	1.05e-35	0.2397	755211	3.63286009248347e-06	12.4728516860568	0.999838565616713	73.4077513572411	0.0688533	0.2397	387	0.00708934341939156	1.8193811533357	0.760408897253681	0.54412213838634	73.9518734956274	3.02452519841721e-10
SNP.37	1.598e-40	0.166667	752730	4.78258371529246e-06	13.3276752767483	0.999787485895609	84.5663389283354	6.23185e-06	0.166667	387	0.00930231069770567	4.51836665705205	0.707495760728582	6.60735034302069	91.1736892713561	0.00912004049878675
SNP.38	1.184e-35	0.227273	755930	3.76629636594177e-06	12.4632792156582	0.999832637065443	73.3059929614358	0.0794826	0.227273	387	0.00735673491448673	1.75369606599563	0.753598813280913	0.45843057886391	73.7644235402998	2.50754494428338e-10
SNP.39	3.057e-40	0.168539	753019	4.73829148789079e-06	13.2791858005337	0.999789453606324	83.9169219606598	8.46282e-06	0.168539	387	0.00921969901271327	4.45312817473222	0.70933838278169	6.41541663330568	90.3323385939655	0.00393190313659857
SNP.4	2.144e-40	0.166667	752736	4.78254559369035e-06	13.3057261284166	0.999787487589182	84.2741069704109	6.23185e-06	0.166667	387	0.00930231069770567	4.51836665705205	0.707495760728582	6.60735034302069	90.8814573134316	0.00680897971130424
SNP.40	1.695e-35	0.242481	754787	3.6064037683755e-06	12.4346412779499	0.999839741075112	72.9284023287368	0.083141	0.242481	387	0.00703376403390397	1.73274501349997	0.761839905478035	0.426269995354867	73.3546723240917	1.66454689028103e-10
SNP.41	6.297e-35	0.237828	748526	3.6850818669413e-06	12.3293275738881	0.999836245403651	71.6351420469277	0.0610743	0.237828	387	0.00712759583858942	1.87295716701355	0.759427127417951	0.619657123880408	72.2547991708081	5.54149814860553e-11
SNP.42	1.434e-36	0.234962	751245	3.70260831539551e-06	12.6304804461809	0.999835466706086	75.3951954249565	0.0959572	0.234962	387	0.00718750900232378	1.66477727175956	0.757894507021078	0.341055145947348	75.7362505709038	1.80136750641899e-09
SNP.43	1.858e-36	0.241573	750369	3.63691325284509e-06	12.6100818317232	0.999838385534442	75.1290839561818	0.0787084	0.241573	387	0.00705174925225869	1.75822989811603	0.761376249099037	0.460415135822258	75.5894990920041	1.55549624501132e-09
SNP.44	3.539e-36	0.227799	746168	3.80935293143406e-06	12.5591983918768	0.999830724084457	74.5113916159789	0.16353	0.227799	387	0.00734474743706019	1.39329699161558	0.753901504693595	0.0307539218888848	74.5421455378678	5.45769294110329e-10
SNP.45	3.277e-39	0.183521	745620	4.47529501382847e-06	13.1003599104297	0.999801137553524	81.5312019635707	2.98979e-05	0.183521	387	0.00862240172664286	4.17424262486656	0.722951917323864	5.65668398346999	87.1878859470406	0.000169427685132613
SNP.46	1.258e-40	0.171053	748365	4.71193267788421e-06	13.3455139199093	0.999790624617103	84.7970348150555	2.82928e-05	0.171053	387	0.00911174547412098	4.18678949605048	0.711760760519209	5.61631837256452	90.41335318762	0.00426370355200967
SNP.47	9.471e-36	0.243446	755006	3.59564681636311e-06	12.4810660749909	0.999840219008873	73.5052068386591	0.0797115	0.243446	387	0.00701481891533604	1.75236247279135	0.762328919060686	0.452036215007096	73.9572430536662	3.04080924194308e-10
SNP.48	3.969e-40	0.166667	752973	4.78104027636063e-06	13.259620342945	0.999787554463747	83.6616775434065	6.23185e-06	0.166667	387	0.00930231069770567	4.51836665705205	0.707495760728582	6.60735034302069	90.2690278864272	0.00369068788657278
SNP.49	9.218e-41	0.165414	752102	4.81559441124668e-06	13.3686653550227	0.999786019379228	85.1166726971089	5.35198e-06	0.165414	387	0.00935870332787456	4.5504952320062	0.706243432711016	6.6995918732339	91.8162645703428	0.0173405821546193
SNP.5	2.905e-39	0.185393	745082	4.44349261573224e-06	13.1095019102837	0.999802550433332	81.6475397389075	4.31031e-05	0.185393	387	0.0085549518478424	4.09018405607508	0.72452213451309	5.41586078565244	87.06340052456	0.000149596366466352
SNP.50	5.117e-35	0.216981	750335	3.92211923726584e-06	12.3460379902706	0.99982571397037	71.8716379047454	0.133859	0.216981	387	0.00760440138990662	1.49905640450879	0.747399016794394	0.151794274746239	72.0234321794916	4.39689186424708e-11
SNP.51	1.195e-35	0.2397	755506	3.63144158127736e-06	12.4625418898436	0.999838628641306	73.2790423491195	0.0688533	0.2397	387	0.00708934341939156	1.8193811533357	0.760408897253681	0.54412213838634	73.8231644875058	2.65925261588226e-10
SNP.52	3.013e-35	0.222846	752501	3.83663949521936e-06	12.3885884685104	0.999829511760297	72.3870569791951	0.109397	0.222846	387	0.00746014226561256	1.60090934272975	0.750997768986728	0.26722340645022	72.6542803856453	8.2626561445201e-11
SNP.53	7.675e-41	0.168539	755148	4.7249327521493e-06	13.3822859958267	0.999790047078279	85.2896758494995	5.31857e-06	0.168539	387	0.00921969901271327	4.55181259974526	0.70933838278169	6.73059248901947	92.0202683385189	0.0212648040054408
SNP.54	1.775e-35	0.239623	755088	3.63425137170778e-06	12.4309554672907	0.999838503802048	72.8863345410137	0.0598923	0.239623	387	0.00709090335855319	1.88158562134763	0.760368810893244	0.631664228839139	73.5179987698528	1.95987244920367e-10
SNP.55	8.217e-41	0.169173	754978	4.71187819658472e-06	13.3772140081202	0.99979062703748	85.2204969855804	8.48656e-06	0.169173	387	0.00919215601318123	4.45252691095083	0.709954854148828	6.41856668738169	91.6390636729621	0.0145246709195308
SNP.56	3.093e-40	0.172285	752862	4.6572155020377e-06	13.2783090497131	0.999793055479253	83.8969721462068	7.71121e-06	0.172285	387	0.00906005317130518	4.47304899487938	0.712926555537533	6.50816830572433	90.4051404519312	0.00422883028017726
SNP.57	7.818e-36	0.2397	756172	3.62824318184822e-06	12.4963277856794	0.999838770746537	73.7001737922813	0.0688533	0.2397	387	0.00708934341939156	1.8193811533357	0.760408897253681	0.54412213838634	74.2442959306676	4.05186210717942e-10
SNP.58	5.524e-41	0.173077	754444	4.63061383479246e-06	13.406703704184	0.999794237287683	85.6069667738369	6.07431e-06	0.173077	387	0.00902723210329758	4.52378615034418	0.713668739655919	6.67718438008839	92.2841511539253	0.0276862562914989
SNP.59	1.519e-40	0.166667	752203	4.78593443526827e-06	13.3314578422828	0.999787337038032	84.6170850516502	6.23185e-06	0.166667	387	0.00930231069770567	4.51836665705205	0.707495760728582	6.60735034302069	91.2244353946709	0.00959479120152385
SNP.6	1.14e-40	0.183521	754096	4.42499292956173e-06	13.3528515399386	0.999803372317624	84.8646936219309	2.98979e-05	0.183521	387	0.00862240172664286	4.17424262486656	0.722951917323864	5.65668398346999	90.5213776054009	0.00475008531423876
SNP.60	4.165e-40	0.164794	746073	4.86915590050199e-06	13.2560049335993	0.999783639892915	83.6225406324705	2.80565e-06	0.164794	387	0.0093869399228817	4.68455779115042	0.705618038432539	7.13098416778675	90.7535248002573	0.00599130812824215
SNP.61	2.59e-36	0.244361	742377	3.64753306685571e-06	12.583876945464	0.99983791369548	74.8004551749621	0.0734667	0.244361	387	0.00699701461388409	1.78992045487201	0.762789058300475	0.502514860778677	75.3029700357408	1.16796809380114e-09
SNP.62	2.59e-39	0.179775	735410	4.61082005689684e-06	13.11820411458	0.999795116649927	81.779475804351	0.00163231	0.179775	387	0.00876186867711242	3.15007062151996	0.719726649497213	2.93490900029061	84.7143848046416	1.42809296595316e-05
SNP.63	1.564e-40	0.170412	746834	4.73569024792921e-06	13.3292798961448	0.999789569168325	84.5829809085217	8.17177e-06	0.170412	387	0.00913895217214978	4.46063359303116	0.711148709273806	6.45403091304853	91.0370118215702	0.0079549692393254
SNP.64	3.786e-39	0.183521	745089	4.47848440684373e-06	13.0893973035191	0.999800995859116	81.3880205014411	2.98979e-05	0.183521	387	0.00862240172664286	4.17424262486656	0.722951917323864	5.65668398346999	87.0447044849111	0.000146825489788663
SNP.65	4.148e-41	0.167293	753609	4.76270786079623e-06	13.4279382291881	0.999788368892282	85.9053500627392	6.03691e-06	0.167293	387	0.00927446901360928	4.52509248557832	0.708115688427808	6.6341531196908	92.53950318243	0.0357406306763032
SNP.66	2.777e-35	0.228464	755717	3.7535036376461e-06	12.3951285640409	0.99983320544117	72.4574191225002	0.0723788	0.228464	387	0.00732968090059689	1.79672807276568	0.75428228934054	0.515713064244034	72.9731321867443	1.13656756326105e-10
SNP.67	3.719e-35	0.237828	756135	3.64799882234536e-06	12.3716927745637	0.999837893001946	72.1533581247791	0.0610743	0.237828	387	0.00712759583858942	1.87295716701355	0.759427127417951	0.619657123880408	72.7730152486595	9.30434007459981e-11
SNP.68	3.821e-35	0.236842	756122	3.65851591781173e-06	12.3695195663697	0.999837425727233	72.1278820132183	0.0715207	0.236842	387	0.00714802163516186	1.80215704984915	0.758903925424674	0.521092825582	72.6489748388003	8.21893432192954e-11
SNP.69	8.845e-35	0.237828	747439	3.69044107884939e-06	12.3019167195574	0.999836007294514	71.2983240877829	0.0610743	0.237828	387	0.00712759583858942	1.87295716701355	0.759427127417951	0.619657123880408	71.9179812116633	3.95684475643882e-11
SNP.7	3.845e-36	0.222433	755662	3.82565128545188e-06	12.5526347072786	0.999829999958908	74.4310697701148	0.059299	0.222433	387	0.0074700240353156	1.88596998110547	0.750750148664773	0.640515400747414	75.0715851708622	9.26705646022906e-10
SNP.70	9.905e-35	0.237828	747644	3.68942917957491e-06	12.2927722038319	0.999836052253068	71.1857555727285	0.0610743	0.237828	387	0.00712759583858942	1.87295716701355	0.759427127417951	0.619657123880408	71.8054126966089	3.53558372826367e-11
SNP.71	3.056e-34	0.256554	750922	3.49097675293255e-06	12.2013800855971	0.999844869546839	70.0396684953313	0.0527868	0.256554	387	0.00677377582755973	1.93666096769194	0.768606008754683	0.709571539588074	70.7492400349194	1.22962070541645e-11
SNP.72	3.622e-35	0.234962	755741	3.68058102431825e-06	12.3738151067489	0.999836445375632	72.1839473526843	0.0364458	0.234962	387	0.00718750900232378	2.09191857683861	0.757894507021078	0.949129054525666	73.1330764072099	1.33369999586395e-10
SNP.73	1.001e-38	0.167293	745134	4.81687791493448e-06	13.0153367784517	0.999785962359033	80.4566875149809	6.65557e-06	0.167293	387	0.00927446901360928	4.50441605437789	0.708115688427808	6.56805122400763	87.0247387389885	0.000143923080166365
SNP.74	2.199e-35	0.226923	755147	3.77430709811457e-06	12.413821857604	0.999832281152192	72.6919528169054	0.0632334	0.226923	387	0.0073647459488887	1.85754679536066	0.753396665034656	0.599803016627806	73.2917558335332	1.56304596292425e-10
SNP.75	1.279e-40	0.166667	751533	4.79020114886784e-06	13.3442801954867	0.999787147486999	84.7885001344769	6.23185e-06	0.166667	387	0.00930231069770567	4.51836665705205	0.707495760728582	6.60735034302069	91.3958504774975	0.0113888573375201
SNP.76	2.692e-39	0.183521	745365	4.476826076098e-06	13.1152761132611	0.999801069533378	81.7268470981253	2.98979e-05	0.183521	387	0.00862240172664286	4.17424262486656	0.722951917323864	5.65668398346999	87.3835310815953	0.000206040207947385
SNP.77	1.259e-40	0.164122	751001	4.85310618245361e-06	13.3454547082379	0.999784352905591	84.8104435315336	7.437e-05	0.164122	387	0.00941779740601769	3.96185404583625	0.704935861136769	4.92215670266184	89.7326002341954	0.00215843885392571
SNP.78	2.443e-40	0.168539	748707	4.76558055143071e-06	13.2959652628246	0.999788241271193	84.1425969944974	4.27159e-06	0.168539	387	0.00921969901271327	4.59771048565279	0.70933838278169	6.87953360517817	91.0221305996756	0.00783746604091725
SNP.79	1.252e-35	0.2397	754183	3.63781191475349e-06	12.4588260739904	0.999838345606823	73.2336024452681	0.0688533	0.2397	387	0.00708934341939156	1.8193811533357	0.760408897253681	0.54412213838634	73.7777245836544	2.5411207096455e-10
SNP.8	2.504e-40	0.165414	753013	4.80976847396719e-06	13.2941205574653	0.999786278199041	84.1225170900527	5.77247e-06	0.165414	387	0.00935870332787456	4.53455631289013	0.706243432711016	6.64845776467325	90.7709748547259	0.006096774300414
SNP.80	1.015e-35	0.230337	756584	3.72776508444942e-06	12.475552280018	0.999834348996603	73.4539977479999	0.0809047	0.230337	387	0.0072877711076307	1.74546074387898	0.755343523981766	0.446677236437488	73.9006749844374	2.87357129186429e-10
SNP.81	2.869e-39	0.183521	745910	4.47355507797293e-06	13.1104476429137	0.999801214853259	81.6631917313126	2.98979e-05	0.183521	387	0.00862240172664286	4.17424262486656	0.722951917323864	5.65668398346999	87.3198757147826	0.000193333362772032
SNP.82	6.032e-36	0.2397	756117	3.62850710049441e-06	12.5169346843861	0.999838759020602	73.9578905671087	0.0688533	0.2397	387	0.00708934341939156	1.8193811533357	0.760408897253681	0.54412213838634	74.502012705495	5.24299725392546e-10
SNP.83	3.139e-36	0.249064	741230	3.60664280201585e-06	12.5686853908343	0.999839730454799	74.6039404370767	0.090657	0.249064	387	0.00690788590216591	1.69194217249252	0.765100900991419	0.370815442064075	74.9747558791408	8.4118085924631e-10
SNP.84	1.324e-36	0.24053	754118	3.62953361197749e-06	12.6367588814193	0.999838713412583	75.4647959088287	0.0746661	0.24053	387	0.00707260110696961	1.78251001201533	0.760839397204639	0.493413477035986	75.9582093858647	2.24904328068647e-09
SNP.85	1.851e-40	0.183521	754107	4.42492838312174e-06	13.3167042052195	0.999803375185227	84.3827646828379	2.98979e-05	0.183521	387	0.00862240172664286	4.17424262486656	0.722951917323864	5.65668398346999	90.0394486663079	0.00293360968649819
SNP.86	3.613e-35	0.228464	755214	3.75600360762777e-06	12.3740148791707	0.999833094368468	72.1963031402931	0.0723788	0.228464	387	0.00732968090059689	1.79672807276568	0.75428228934054	0.515713064244034	72.7120162045371	8.75374774047078e-11
SNP.87	1.478e-35	0.234962	753947	3.68933888442994e-06	12.4455836493815	0.99983605626487	73.0755857213464	0.0353779	0.234962	387	0.00718750900232378	2.10400627088361	0.757894507021078	0.968348901419859	74.0439346227663	3.31618573379219e-10
SNP.88	5.926e-34	0.276316	754841	3.31252770151719e-06	12.1473434149631	0.999852798218154	69.3562625003852	0.0297331	0.276316	387	0.00646106388305152	2.17362778512884	0.776905161041662	1.08522633883764	70.4414888392228	9.03891955985399e-12
SNP.89	5.218e-35	0.237828	752966	3.6633521162099e-06	12.3444649115046	0.999837210855011	71.8189762057078	0.0610743	0.237828	387	0.00712759583858942	1.87295716701355	0.759427127417951	0.619657123880408	72.4386333295882	6.65986388674216e-11
SNP.9	1.927e-40	0.172285	752921	4.6568505557623e-06	13.3136989834008	0.999793071692375	84.3673817327773	7.4583e-06	0.172285	387	0.00906005317130518	4.48017174890097	0.712926555537533	6.53090053538879	90.8982822681661	0.00692450965443727
SNP.90	4.466e-34	0.277154	753457	3.31241390655913e-06	12.1704524657936	0.999852803274219	69.6371849303206	0.0466728	0.277154	387	0.00644899598138068	1.98925739231146	0.777229027717282	0.786998437197822	70.4241833675184	8.88384250415085e-12
SNP.91	4.339e-40	0.165414	747352	4.84620123835549e-06	13.2529343818624	0.999784659659745	83.5795782455036	5.72e-06	0.165414	387	0.00935870332787456	4.53648336116358	0.706243432711016	6.65463044927929	90.2342086947829	0.00356439262670136
SNP.92	1.74e-40	0.167293	752984	4.7666610555693e-06	13.3213215182909	0.999788193269126	84.4800919660796	6.79584e-06	0.167293	387	0.00927446901360928	4.49998455513705	0.708115688427808	6.55392325580956	91.0340152218892	0.00793116706165013
SNP.93	1.992e-40	0.166038	752466	4.79876372723775e-06	13.311220804384	0.999786767090094	84.3488456732549	7.51286e-06	0.166038	387	0.0093305078728157	4.47861583319185	0.70686902294813	6.47562147925949	90.8244671525144	0.00643178513629027
SNP.94	6.02e-36	0.233716	756488	3.6905386557158e-06	12.5170927809742	0.999836002959187	73.9681274243568	0.12967	0.233716	387	0.00721407805319156	1.51540449411158	0.757216830342926	0.161662320667211	74.129789745024	3.61347664825868e-10
SNP.95	2.571e-35	0.252809	742847	3.56325142629657e-06	12.4013056087052	0.999841658345992	72.5086367841007	0.0898817	0.252809	387	0.00683966571646027	1.69602207276095	0.766879903044599	0.374860759926706	72.8834975440274	1.03912412245243e-10
SNP.96	2.81e-41	0.162214	750001	4.90553896361408e-06	13.4567517591474	0.999782023570145	86.3067861029707	4.29271e-06	0.162214	387	0.00950687113242771	4.59668249286895	0.702974055380382	6.81977372152097	93.1265598244917	0.0642861876977061
SNP.97	9.059e-41	0.183521	753195	4.43028627143142e-06	13.3699596325097	0.999803137150549	85.0938134636906	2.98979e-05	0.183521	387	0.00862240172664286	4.17424262486656	0.722951917323864	5.65668398346999	90.7504974471605	0.00597319775011301
SNP.98	2.04e-36	0.23221	753395	3.72240738252285e-06	12.6027147861164	0.999834587037863	75.047541145377	0.091822	0.23221	387	0.0072466230231416	1.68586398590018	0.756388380035474	0.368789822312983	75.41633096769	1.3081664483525e-09
SNP.99	8.853e-36	0.243446	755507	3.59326243202915e-06	12.4864373134875	0.999840324947659	73.5719259685996	0.0797115	0.243446	387	0.00701481891533604	1.75236247279135	0.762328919060686	0.452036215007096	74.0239621836067	3.25061044502295e-10
