snp	pvalues.df1	MAF.df1	N.df1	V.df1	z.df1	r.df1	lABF.df1	pvalues.df2	MAF.df2	N.df2	V.df2	z.df2	r.df2	lABF.df2	internal.sum.lABF	SNP.PP.H4
SNP.1	4.74e-35	0.241036	754748	3.62130367534989e-06	12.3521954278317	0.999839079069698	71.908790833977	0.563461	0.241036	396	0.00690194875344187	0.577708410380663	0.765255398160167	-0.596927728732099	71.3118631052449	1.293324244066e-09
SNP.10	3.308e-40	0.151394	753048	5.16811992899991e-06	13.273275278548	0.999770358528252	83.8801935696955	0.00339192	0.151394	396	0.00982788478862002	2.92978921789792	0.695993571714299	2.39173456654972	86.2719281362452	0.00406238528693231
SNP.100	7.812e-34	0.292829	753602	3.20397733306213e-06	12.124727092797	0.999857621282006	69.0655280492013	0.516882	0.292829	396	0.00609728213674314	0.648159180867714	0.786788055326801	-0.607465388973805	68.4580626602275	7.45276853003068e-11
SNP.101	1.524e-35	0.239044	755070	3.64036890218473e-06	12.4431364009181	0.999838231999689	73.0386246702449	0.630156	0.239044	396	0.00694124582568845	0.481507289734328	0.764233963916296	-0.63386412576167	72.4047605444832	3.85786251071053e-09
SNP.102	5.477e-34	0.280876	753421	3.28559378631803e-06	12.1537849880503	0.99985399493009	69.4305266299672	0.387783	0.280876	396	0.00625109938404423	0.863644883243742	0.782578770274317	-0.471103429428263	68.959423200539	1.23042670695504e-10
SNP.103	8.321e-36	0.231076	756785	3.71842675469925e-06	12.4913684123061	0.999834763896162	73.6501835700746	0.634446	0.231076	396	0.00710618583726028	0.475478435612603	0.75997631453367	-0.627601210696969	73.0225823593776	7.15588497283702e-09
SNP.104	2.186e-35	0.238	754957	3.65187463012738e-06	12.4142964463408	0.999837720799696	72.6817771953557	0.713016	0.238	396	0.00696214220994212	0.367808540992287	0.76369192164198	-0.669652140231773	72.0121250551239	2.60511751897317e-09
SNP.105	2.003e-35	0.248963	754814	3.54269623613663e-06	12.4212921374757	0.999842571621546	72.7538345166528	0.600602	0.248963	396	0.00675271898177585	0.523535001844811	0.769159270767865	-0.62760463653774	72.126229880115	2.91999706758635e-09
SNP.106	3.356e-34	0.292829	754694	3.19934135709345e-06	12.1937534990881	0.999857827266756	69.9040086311212	0.516882	0.292829	396	0.00609728213674314	0.648159180867714	0.786788055326801	-0.607465388973805	69.2965432421474	1.72371365844029e-10
SNP.107	3.045e-36	0.229084	748923	3.78034137030568e-06	12.5710891113273	0.999832013052342	74.6570549051236	0.659379	0.229084	396	0.00714945606079151	0.44077071008548	0.758867210038097	-0.637487838148259	74.0195670669754	1.93931478270936e-08
SNP.108	1.007e-33	0.292	745810	3.24284128181283e-06	12.1039084349628	0.999855894490199	68.8192612311201	0.521026	0.292	396	0.00610743297067885	0.641764658195573	0.786508877712353	-0.610113503351692	68.2091477277684	5.81052335819361e-11
SNP.109	1.929e-35	0.238	754563	3.65378148032315e-06	12.4243031331604	0.99983763607831	72.8062875002783	0.608691	0.238	396	0.00696214220994212	0.511942860880576	0.76369192164198	-0.62123316743249	72.1850543328458	3.09691688930523e-09
SNP.11	4.921e-34	0.29065	753790	3.21727905982208e-06	12.1625310338521	0.999857030262832	69.5265672318855	0.483457	0.29065	396	0.00612412318813962	0.700753278735471	0.786050278365307	-0.578010096913209	68.9485571349723	1.21712918638525e-10
SNP.110	1.07e-35	0.25	755611	3.52915278717047e-06	12.4713483744681	0.999843173363466	73.3748843657382	0.540631	0.25	396	0.00673400673400673	0.611859075655286	0.769651598042039	-0.590013339967064	72.7848710257712	5.64191618930375e-09
SNP.111	2.845e-35	0.237052	754166	3.66576391998643e-06	12.3931891540532	0.99983710369864	72.4218606161759	0.494753	0.237052	396	0.00698129927394061	0.682768717148314	0.763195671633387	-0.542369894648143	71.8794907215277	2.28152357270712e-09
SNP.112	2.044e-35	0.239044	754864	3.64136234735347e-06	12.4196711259297	0.999838187860857	72.7470985547535	0.630156	0.239044	396	0.00694124582568845	0.481507289734328	0.764233963916296	-0.63386412576167	72.1132344289919	2.88229589089949e-09
SNP.113	4.204e-39	0.171315	743271	4.73846795111385e-06	13.081439958072	0.999789445766817	81.3111365904072	0.00406189	0.171315	396	0.00889385306184936	2.87331491802475	0.716700812597693	2.32789308795055	83.6390296783578	0.000291963014416623
SNP.114	1.027e-35	0.233068	756735	3.69646565028399e-06	12.4746160773187	0.999835739623669	73.4382134987939	0.575227	0.233068	396	0.00706374983299912	0.560370131922177	0.761067189619006	-0.596293310532697	72.8419201882612	5.97314100283767e-09
SNP.115	6.388e-35	0.237052	755744	3.65810977325719e-06	12.3281713081942	0.999837443772234	71.6173076453401	0.494753	0.237052	396	0.00698129927394061	0.682768717148314	0.763195671633387	-0.542369894648143	71.0749377506919	1.02049773381652e-09
SNP.116	1.224e-35	0.242915	755455	3.59883909293168e-06	12.4606298954055	0.99984007717527	73.2508237004748	0.478578	0.242915	396	0.0068655580478553	0.708591520288916	0.766203726260985	-0.534296394241529	72.7165273062332	5.26920784991834e-09
SNP.117	1.103e-33	0.261603	753448	3.43545351368447e-06	12.0964334552494	0.999847336486876	68.7570448638494	0.825749	0.261603	396	0.00653645348226903	0.220156851094684	0.774888021835708	-0.726799621016744	68.0302452428327	4.85868663040871e-11
SNP.118	2.73e-35	0.23494	754614	3.68631705528915e-06	12.3964968172859	0.999836190524372	72.4655768430678	0.509071	0.23494	396	0.00702461226858578	0.660284928580798	0.762076053541947	-0.5517785985582	71.9137982445096	2.36115516605119e-09
SNP.119	4.775e-34	0.292	754033	3.20747693587525e-06	12.1649906534422	0.999857465788414	69.5549879412705	0.520251	0.292	396	0.00610743297067885	0.642958543978465	0.786508877712353	-0.609510324673077	68.9454776165974	1.21338678005333e-10
SNP.12	4.599e-35	0.219124	749702	3.89770810923251e-06	12.3546242416474	0.999826798532424	71.9746240781672	0.579155	0.219124	396	0.00737908981037332	0.554619424330652	0.753034986768189	-0.583436499848023	71.3911875783192	1.4000953062998e-09
SNP.120	9.043e-36	0.238	753570	3.6585961690846e-06	12.4847472920404	0.99983742216167	73.5596102245411	0.577478	0.238	396	0.00696214220994212	0.557072347228731	0.76369192164198	-0.602811349949352	72.9567988745918	6.70029534323471e-09
SNP.121	2.744e-34	0.292	754604	3.20504987568158e-06	12.2101449131712	0.99985757362702	70.1048597081841	0.49553	0.292	396	0.00610743297067885	0.681539787397128	0.786508877712353	-0.589414711181423	69.5154449970027	2.14552187661798e-10
SNP.122	1.831e-35	0.231076	754570	3.72934199816461e-06	12.4284723389084	0.999834278934772	72.8680608714076	0.634446	0.231076	396	0.00710618583726028	0.475478435612603	0.75997631453367	-0.627601210696969	72.2404596607106	3.2733449829044e-09
SNP.123	4.997e-34	0.292	753942	3.20786407494055e-06	12.1612792243286	0.999857448587138	69.5099108277329	0.503688	0.292	396	0.00610743297067885	0.668698225047783	0.786508877712353	-0.596233415028835	68.913677412704	1.17540790155326e-10
SNP.124	3.732e-35	0.226908	755662	3.77191097448449e-06	12.3714125266185	0.999832387610868	72.1661690330366	0.63438	0.226908	396	0.00719770149192146	0.475571055879886	0.757634391541062	-0.62297769424627	71.5431913387904	1.62994141214568e-09
SNP.125	5.339e-34	0.237052	743259	3.71955739853871e-06	12.1558705626529	0.999834713661933	69.5164671815467	0.494753	0.237052	396	0.00698129927394061	0.682768717148314	0.763195671633387	-0.542369894648143	68.9740972868986	1.24861521822997e-10
SNP.126	4.076e-34	0.293033	754815	3.1975239699321e-06	12.1779086210743	0.999857908016559	69.7106749977494	0.488355	0.293033	396	0.00609479559435429	0.692927580873214	0.786856472736681	-0.583990722026788	69.1266842757226	1.45444167815844e-10
SNP.127	2.446e-36	0.270916	742838	3.40771817015044e-06	12.5883937695757	0.999848568793988	74.8241408137506	0.273083	0.270916	396	0.00639238017696519	1.09599034440274	0.778752039886918	-0.286519143443941	74.5376216703066	3.25564140744294e-08
SNP.128	2.758e-36	0.243028	742633	3.65981920806263e-06	12.5789126181544	0.999837367822058	74.739645018618	0.502735	0.243028	396	0.00686339019682115	0.670192632267471	0.766260293827918	-0.554687541281429	74.1849574773366	2.28810763631726e-08
SNP.129	3.864e-35	0.237052	754931	3.66204926341677e-06	12.3686206311901	0.999837268740732	72.1172354022659	0.494753	0.237052	396	0.00698129927394061	0.682768717148314	0.763195671633387	-0.542369894648143	71.5748655076178	1.68239477468372e-09
SNP.13	1.764e-40	0.151394	753596	5.16436177513353e-06	13.3202988392613	0.999770525480636	84.5049634295069	0.00339192	0.151394	396	0.00982788478862002	2.92978921789792	0.695993571714299	2.39173456654972	86.8966979960566	0.00758778843382522
SNP.130	7.887e-36	0.239044	756131	3.63526075107703e-06	12.4956290135363	0.999838458955233	73.6923850022568	0.630156	0.239044	396	0.00694124582568845	0.481507289734328	0.764233963916296	-0.63386412576167	73.0585208764951	7.41773391622471e-09
SNP.131	1.678e-35	0.233193	752689	3.71494900636152e-06	12.4354467571881	0.999834918411703	72.9528685234104	0.444668	0.233193	396	0.00706111427436679	0.76433438408103	0.761135043529477	-0.493598231737798	72.4592702916726	4.0739906533642e-09
SNP.132	1.476e-34	0.25	753790	3.53767848693491e-06	12.2604925399136	0.99984279456246	70.7690445810062	0.52937	0.25	396	0.00673400673400673	0.628968009345478	0.769651598042039	-0.581843785216885	70.1872007957894	4.20022720685683e-10
SNP.133	4.179e-35	0.240816	755062	3.62205470411102e-06	12.3623235587327	0.999839045701385	72.0340277541736	0.562586	0.240816	396	0.00690625219443302	0.579004702741914	0.765143407300966	-0.596134293561792	71.4378934606119	1.46703915968827e-09
SNP.134	2.292e-35	0.238	754835	3.65246486336362e-06	12.4105058932034	0.999837694575622	72.6348137375675	0.654331	0.238	396	0.00696214220994212	0.447753646724296	0.76369192164198	-0.644755705182565	71.990058032385	2.54825997700943e-09
SNP.135	2.489e-35	0.238956	754834	3.64242689706934e-06	12.4039024155308	0.999838140562849	72.5515548442329	0.610913	0.238956	396	0.00694299915258191	0.508770641824223	0.764188453879942	-0.623457002552591	71.9280978416803	2.39516129127126e-09
SNP.136	1.246e-32	0.293522	727897	3.31253728012506e-06	11.8957025808459	0.999852797792563	66.331603142327	0.440549	0.293522	396	0.00608885340553331	0.771266473972594	0.787020020734556	-0.539198349468489	65.7924047928585	5.18366742961439e-12
SNP.137	1.472e-32	0.293522	708300	3.4041874185955e-06	11.8817794501672	0.999848725668781	66.1794554438482	0.440549	0.293522	396	0.00608885340553331	0.771266473972594	0.787020020734556	-0.539198349468489	65.6402570943797	4.4520519634329e-12
SNP.138	1.337e-38	0.169323	744668	4.77374451479062e-06	12.9932096806863	0.999787878582163	80.1646675024853	0.00457818	0.169323	396	0.00897690601095985	2.83530607817737	0.714809771715358	2.24586435341815	82.4105318559034	8.54669121662859e-05
SNP.139	1.965e-40	0.15	753114	5.20713813240888e-06	13.3122402938458	0.999768625185254	84.4016333969815	0.00331414	0.15	396	0.00990295107942167	2.93699073961264	0.694381198331321	2.40212811001396	86.8037615069955	0.00691438262751099
SNP.14	1.817e-40	0.151394	753644	5.16403285409759e-06	13.3180885922932	0.99977054009264	84.4755009343079	0.00339192	0.151394	396	0.00982788478862002	2.92978921789792	0.695993571714299	2.39173456654972	86.8672355008576	0.00736749439463903
SNP.140	3.369e-35	0.237052	755077	3.66134117776132e-06	12.3796281694652	0.999837300200965	72.2533276230436	0.494753	0.237052	396	0.00698129927394061	0.682768717148314	0.763195671633387	-0.542369894648143	71.7109577283954	1.92766699398621e-09
SNP.141	6.287e-35	0.236	750735	3.69383914374142e-06	12.3294556471052	0.999835856318961	71.6378778821206	0.493537	0.236	396	0.00700276345852706	0.684694057047753	0.762640422875265	-0.540324357642378	71.0975535244782	1.0438400369323e-09
SNP.142	9.75e-36	0.236948	753581	3.66971960405932e-06	12.4787543709867	0.999836927947762	73.4862993836496	0.692903	0.236948	396	0.00698341153774401	0.394918549317684	0.76314099442651	-0.660635127226037	72.8256642564235	5.87682698781827e-09
SNP.15	8.346e-34	0.273092	752747	3.34605090988766e-06	12.1193088300251	0.999851308738606	69.0210843110413	0.351035	0.273092	396	0.00636042874814446	0.932583608115219	0.779614197569626	-0.417167826480395	68.6039164845609	8.62305476046865e-11
SNP.16	1.409e-40	0.169323	754106	4.71399880168053e-06	13.3370641632826	0.999790532827836	84.6845387587912	0.00457818	0.169323	396	0.00897690601095985	2.83530607817737	0.714809771715358	2.24586435341815	86.9304031122094	0.00784789455416005
SNP.17	2.219e-35	0.227642	756200	3.76064457535918e-06	12.4130971374048	0.999832888172126	72.6811918891216	0.428491	0.227642	396	0.00718131168658235	0.791776512222094	0.758052751764717	-0.47190233706616	72.2092895520555	3.17288822151898e-09
SNP.18	2.273e-40	0.154	751175	5.1090222587501e-06	13.3013586737567	0.999772983892071	84.2477439503421	0.00258741	0.154	396	0.0096913378667086	3.01292717506127	0.69894578762658	2.57218816759925	86.8199321179414	0.00702710132782505
SNP.19	1.057e-40	0.154	754763	5.08473493694922e-06	13.3584803643015	0.999774062839716	85.006712867224	0.00160105	0.154	396	0.0096913378667086	3.15571539853166	0.69894578762658	2.88000721746245	87.8867200846865	0.0204209688682438
SNP.2	1.588e-40	0.154	751270	5.1083762099067e-06	13.328143671706	0.999773012592319	84.6042379044108	0.00230467	0.154	396	0.0096913378667086	3.0478733991284	0.69894578762658	2.64620725861681	87.2504451630276	0.0108080079581371
SNP.20	9.448e-41	0.153386	754694	5.10185297676651e-06	13.3668318882878	0.999773302382273	85.119898329929	0.00150499	0.153386	396	0.00972307532941369	3.17371961091713	0.69825737518795	2.91750693783641	88.0374052677654	0.0237420429750334
SNP.21	3.372e-40	0.153386	753311	5.11121944382575e-06	13.2718395878137	0.999772886283743	83.8558310647121	0.00150499	0.153386	396	0.00972307532941369	3.17371961091713	0.69825737518795	2.91750693783641	86.7733380025485	0.00670719061149027
SNP.22	2.883e-42	0.151394	747937	5.20343608658687e-06	13.6240082760905	0.999768789644521	88.5992515440808	0.00339192	0.151394	396	0.00982788478862002	2.92978921789792	0.695993571714299	2.39173456654972	90.9909861106305	0.455241607986083
SNP.23	2.915e-35	0.237052	756448	3.65470529696751e-06	12.391240231486	0.999837595033126	72.3962404044746	0.494753	0.237052	396	0.00698129927394061	0.682768717148314	0.763195671633387	-0.542369894648143	71.8538705098264	2.223812892413e-09
SNP.24	8.657e-39	0.152	744981	5.20697350096172e-06	13.0264247044924	0.999768632498822	80.6384885779386	0.00304792	0.152	396	0.00979569779222212	2.96286319389122	0.696687222699326	2.4614593338683	83.0999479118069	0.000170297237257349
SNP.25	2.019e-40	0.153386	750286	5.13182683729647e-06	13.3102149650257	0.999771970816399	84.367693705255	0.00283352	0.153386	396	0.00972307532941369	2.98524421889638	0.69825737518795	2.51223377591791	86.8799274811729	0.00746159840837745
SNP.26	1.256e-34	0.246964	739862	3.63387423543885e-06	12.2735643095726	0.999838520558246	70.9424614087805	0.682266	0.246964	396	0.00678930671611177	0.40937293300622	0.768198449286714	-0.666567100291816	70.2758943084887	4.58978018705931e-10
SNP.27	6.937e-36	0.234818	749736	3.71163712099038e-06	12.505831648888	0.999835065558036	73.8300338438616	0.725284	0.234818	396	0.00702714133470415	0.351405709008567	0.762010780012594	-0.670716129207977	73.1593177146536	8.20439877624341e-09
SNP.28	1.723e-39	0.157371	747148	5.04663923519963e-06	13.149061374345	0.99977575521988	82.2281356297116	0.00117054	0.157371	396	0.00952168285682054	3.24596312571374	0.702648892645802	3.09523071816056	85.3233663478722	0.00157335223058352
SNP.29	2.095e-40	0.153386	753251	5.11162657659641e-06	13.3074539392532	0.999772868197172	84.329063936915	0.00150499	0.153386	396	0.00972307532941369	3.17371961091713	0.69825737518795	2.91750693783641	87.2465708747514	0.0107662156296553
SNP.3	1.692e-40	0.150602	753196	5.18943439530356e-06	13.3234096483315	0.999769411654568	84.5487178401383	0.00357063	0.150602	396	0.00987035663839662	2.91379613430092	0.695080386396215	2.35683494858733	86.9055527887256	0.00765527507638292
SNP.30	2.13e-35	0.256303	754400	3.47711140448333e-06	12.416373411903	0.999845485593748	72.6836422817241	0.329311	0.256303	396	0.00662407283722783	0.975502625462338	0.772556782348085	-0.372842740003303	72.3107995417208	3.51188269364805e-09
SNP.31	1.42e-35	0.223108	748150	3.85572038568881e-06	12.4487795061675	0.999828664010577	73.1368374071716	0.476731	0.223108	396	0.00728448789533607	0.711570144832851	0.755426787227833	-0.512871883234975	72.6239655239366	4.80337240623958e-09
SNP.32	6.966e-41	0.155378	753798	5.05432433595097e-06	13.3894872366123	0.999775413813132	85.4184269978289	0.0025121	0.155378	396	0.00962105953482619	3.02188013631999	0.700475025601354	2.59550601622298	88.0139330140519	0.0231912531457093
SNP.33	8.2e-41	0.154	754443	5.08689164750233e-06	13.3773679735528	0.999773967029232	85.2593473602528	0.00150534	0.154	396	0.0096913378667086	3.17365211209146	0.69894578762658	2.91968219434232	88.1790295545951	0.0273542450405516
SNP.34	3.9e-39	0.169323	745306	4.76965807378459e-06	13.0871436622465	0.999788060124753	81.3889108287022	0.00457818	0.169323	396	0.00897690601095985	2.83530607817737	0.714809771715358	2.24586435341815	83.6347751821204	0.000290723497500026
SNP.35	9.78e-36	0.238	756004	3.64681710035539e-06	12.4785097257423	0.9998379455059	73.4801965274137	0.710681	0.238	396	0.00696214220994212	0.370941639882987	0.76369192164198	-0.668768328211189	72.8114281992026	5.793756841171e-09
SNP.36	1.05e-35	0.239044	755211	3.63968923515763e-06	12.4728516860568	0.999838262197341	73.4086666340927	0.630156	0.239044	396	0.00694124582568845	0.481507289734328	0.764233963916296	-0.63386412576167	72.774802508331	5.58539547513543e-09
SNP.37	1.598e-40	0.151394	752730	5.17030326450856e-06	13.3276752767483	0.99977026153569	84.6037757684929	0.00339192	0.151394	396	0.00982788478862002	2.92978921789792	0.695993571714299	2.39173456654972	86.9955103350426	0.00837584953005883
SNP.38	1.184e-35	0.226721	755930	3.77277111616773e-06	12.4632792156582	0.999832349395164	73.3068293018021	0.646086	0.226721	396	0.0072018961359714	0.459206337464721	0.757527394783079	-0.628563196342264	72.6782661054599	5.07140975619585e-09
SNP.39	3.057e-40	0.155378	753019	5.05955304685695e-06	13.2791858005337	0.999775181530405	83.948457238944	0.00266957	0.155378	396	0.00962105953482619	3.00342766645105	0.700475025601354	2.55656597538114	86.5050232143251	0.00512876755830571
SNP.4	2.144e-40	0.151394	752736	5.17026205242413e-06	13.3057261284166	0.999770263366497	84.3115488572973	0.00339192	0.151394	396	0.00982788478862002	2.92978921789792	0.695993571714299	2.39173456654972	86.7032834238471	0.00625340176322305
SNP.40	1.695e-35	0.248996	754787	3.54250908122052e-06	12.4346412779499	0.999842579936924	72.9196853043855	0.492467	0.248996	396	0.00675212071183635	0.686390331104863	0.769175001759642	-0.551856361525401	72.3678289428601	3.71798433042634e-09
SNP.41	6.297e-35	0.236	748526	3.70474015542107e-06	12.3293275738881	0.999835371988826	71.6377354158112	0.426479	0.236	396	0.00700276345852706	0.795231244588675	0.762640422875265	-0.477945411870421	71.1597900039407	1.11086915989848e-09
SNP.42	1.434e-36	0.234	751245	3.71316102085531e-06	12.6304804461809	0.999834997851497	75.3965808023494	0.494408	0.234	396	0.0070441758866476	0.683314711574958	0.761571420584752	-0.539046654258303	74.8575341480911	4.48304178999102e-08
SNP.43	1.858e-36	0.241036	750369	3.64243686288077e-06	12.6100818317232	0.999838140120067	75.1298231268002	0.488118	0.241036	396	0.00690194875344187	0.693305264426559	0.765255398160167	-0.54071008430817	74.5891130424921	3.42766983325795e-08
SNP.44	3.539e-36	0.226141	746168	3.829060586671e-06	12.5591983918768	0.999829848485946	74.513902200027	0.714718	0.226141	396	0.00721495575715942	0.365527075009557	0.757194464089987	-0.657162817595641	73.8567393824313	1.64790868662478e-08
SNP.45	3.277e-39	0.169323	745620	4.76764944655468e-06	13.1003599104297	0.999788149359246	81.5617215201484	0.00457818	0.169323	396	0.00897690601095985	2.83530607817737	0.714809771715358	2.24586435341815	83.8075858735665	0.000345565887358337
SNP.46	1.258e-40	0.156	748365	5.07445600307281e-06	13.3455139199093	0.999774519475019	84.8326531601514	0.00443557	0.156	396	0.0095897607745949	2.84539988686812	0.701158234180823	2.23447335817408	87.0671265183255	0.00899769732906813
SNP.47	9.471e-36	0.250996	755006	3.52264325823878e-06	12.4810660749909	0.99984346258521	73.4952049666916	0.551684	0.250996	396	0.00671620402987329	0.595238587670112	0.770120580243551	-0.598669867542225	72.8965350991493	6.30843628874315e-09
SNP.48	3.969e-40	0.151394	752973	5.16863470043883e-06	13.259620342945	0.999770335660028	83.6991304576317	0.00339192	0.151394	396	0.00982788478862002	2.92978921789792	0.695993571714299	2.39173456654972	86.0908650241814	0.00338958399366993
SNP.49	9.218e-41	0.151394	752102	5.17462043219341e-06	13.3686653550227	0.999770069749759	85.1511927032074	0.00339192	0.151394	396	0.00982788478862002	2.92978921789792	0.695993571714299	2.39173456654972	87.5429272697571	0.0144800153017291
SNP.5	2.905e-39	0.175299	745082	4.64183792875682e-06	13.1095019102837	0.999793738644579	81.668612989726	0.00180817	0.175299	396	0.00873371183745956	3.12005544784917	0.720375474970447	2.86918235700246	84.5377953467285	0.000717227295665933
SNP.50	5.117e-35	0.216867	750335	3.92360972941632e-06	12.3460379902706	0.999825647749368	71.8718227997476	0.533424	0.216867	396	0.00743439824828685	0.622787764230396	0.751643637977178	-0.550677331075312	71.3211454686723	1.3053852404044e-09
SNP.51	1.195e-35	0.239044	755506	3.63826805739812e-06	12.4625418898436	0.999838325340371	73.2799576742291	0.630156	0.239044	396	0.00694124582568845	0.481507289734328	0.764233963916296	-0.63386412576167	72.6460935484674	4.91084625531947e-09
SNP.52	3.013e-35	0.223108	752501	3.83342640947066e-06	12.3885884685104	0.99982965451544	72.3866490929803	0.476731	0.223108	396	0.00728448789533607	0.711570144832851	0.755426787227833	-0.512871883234975	71.8737772097453	2.26852522934657e-09
SNP.53	7.675e-41	0.155378	755148	5.04528857361891e-06	13.3822859958267	0.999775815222368	85.3211951337516	0.00134199	0.155378	396	0.00962105953482619	3.20684560381024	0.700475025601354	2.99901436346023	88.3202094972118	0.0315020200126408
SNP.54	1.775e-35	0.238	755088	3.65124106744787e-06	12.4309554672907	0.9998377489489	72.888607834564	0.654594	0.238	396	0.00696214220994212	0.447389300164818	0.76369192164198	-0.644880241284503	72.2437275932795	3.28405955129123e-09
SNP.55	8.217e-41	0.153226	754978	5.10429455997473e-06	13.3772140081202	0.99977319391667	85.2589262696897	0.00175113	0.153226	396	0.00973138913712273	3.12948502155829	0.698077265744822	2.81957938582029	88.07850565551	0.0247381807490138
SNP.56	3.093e-40	0.157371	752862	5.00833673541888e-06	13.2783090497131	0.999777456792707	83.9319322823691	0.00415811	0.157371	396	0.00952168285682054	2.86591109721493	0.702648892645802	2.27916368552452	86.2110959678936	0.00382262799099321
SNP.57	7.818e-36	0.239044	756172	3.6350636455365e-06	12.4963277856794	0.999838467712649	73.7010890104944	0.630156	0.239044	396	0.00694124582568845	0.481507289734328	0.764233963916296	-0.63386412576167	73.0672248847327	7.48257973320701e-09
SNP.58	5.524e-41	0.159836	754444	4.93519507921441e-06	13.406703704184	0.999780706096843	85.6375953430905	0.00367978	0.159836	396	0.00940234423318898	2.90438275226605	0.705277324936911	2.36380176216296	88.0013971052535	0.0229023443619044
SNP.59	1.519e-40	0.151394	752203	5.17392562419125e-06	13.3314578422828	0.999770100615917	84.6545199454288	0.00339192	0.151394	396	0.00982788478862002	2.92978921789792	0.695993571714299	2.39173456654972	87.0462545119786	0.00881184364996186
SNP.6	1.14e-40	0.169323	754096	4.71406131359946e-06	13.3528515399386	0.999790530050693	84.8951828853587	0.00457818	0.169323	396	0.00897690601095985	2.83530607817737	0.714809771715358	2.24586435341815	87.1410472387769	0.00968801362594147
SNP.60	4.165e-40	0.149402	746073	5.27360882497662e-06	13.2560049335993	0.999765672307894	83.6608501591743	0.00551695	0.149402	396	0.00993559888100198	2.77518980392208	0.693682274298274	2.0796927125777	85.740542871752	0.00238783010025211
SNP.61	2.59e-36	0.243028	742377	3.66108125378504e-06	12.583876945464	0.999837311749383	74.8022609443259	0.502735	0.243028	396	0.00686339019682115	0.670192632267471	0.766260293827918	-0.554687541281429	74.2475734030445	2.43596027431903e-08
SNP.62	2.59e-39	0.167331	735410	4.8796836825338e-06	13.11820411458	0.999783172194159	81.8067794218632	0.00295284	0.167331	396	0.00906204085093985	2.97260519912824	0.71288165762988	2.52571680340898	84.3324962252722	0.00058411254494225
SNP.63	1.564e-40	0.157371	746834	5.04876105172091e-06	13.3292798961448	0.999775660959222	84.6137461118093	0.00221518	0.157371	396	0.00952168285682054	3.05975516349894	0.702648892645802	2.68271435293449	87.2964604647438	0.0113169617339957
SNP.64	3.786e-39	0.169323	745089	4.77104719079211e-06	13.0893973035191	0.99978799841239	81.4185411252767	0.00457818	0.169323	396	0.00897690601095985	2.83530607817737	0.714809771715358	2.24586435341815	83.6644054786949	0.000299466611825346
SNP.65	4.148e-41	0.15121	753609	5.16943596817424e-06	13.4279382291881	0.999770300064486	85.9446856357979	0.00117047	0.15121	396	0.00983771078419146	3.24598015095893	0.695782090147188	3.07050922076336	89.0151948565612	0.0631199592227721
SNP.66	2.777e-35	0.229084	755717	3.74635558029453e-06	12.3951285640409	0.99983352302674	72.4564905856248	0.497536	0.229084	396	0.00714945606079151	0.678371775594832	0.758867210038097	-0.536592858043776	71.9198977275811	2.37560100329902e-09
SNP.67	3.719e-35	0.236	756135	3.66745928911731e-06	12.3716927745637	0.999837028373453	72.155951713471	0.48352	0.236	396	0.00700276345852706	0.700652349634864	0.762640422875265	-0.531894220669328	71.6240574928017	1.76722447870178e-09
SNP.68	3.821e-35	0.236	756122	3.66752234371796e-06	12.3695195663697	0.999837025571939	72.1290805727891	0.478934	0.236	396	0.00700276345852706	0.708018128087758	0.762640422875265	-0.527937659447546	71.6011429133416	1.72718971461777e-09
SNP.69	8.845e-35	0.237052	747439	3.69875603558348e-06	12.3019167195574	0.999835637862216	71.2994212346447	0.494753	0.237052	396	0.00698129927394061	0.682768717148314	0.763195671633387	-0.542369894648143	70.7570513399965	7.42601343475324e-10
SNP.7	3.845e-36	0.228916	755662	3.74856098516995e-06	12.5526347072786	0.999833425041388	74.4211629785141	0.615579	0.228916	396	0.0071531441696351	0.502125846702327	0.758772825953481	-0.615353244163907	73.8058097343502	1.56608264892862e-08
SNP.70	9.905e-35	0.237052	747644	3.69774185639219e-06	12.2927722038319	0.999835682922033	71.1868527688355	0.494753	0.237052	396	0.00698129927394061	0.682768717148314	0.763195671633387	-0.542369894648143	70.6444828741873	6.63541159051161e-10
SNP.71	3.056e-34	0.25498	750922	3.50510577086264e-06	12.2013800855971	0.999844241785696	70.0416410169518	0.832791	0.25498	396	0.00664661877693867	0.211123375887466	0.77195918237358	-0.721911021549768	69.319729995402	1.76414794004987e-10
SNP.72	3.622e-35	0.235887	755741	3.67058617753148e-06	12.3738151067489	0.999836889445947	72.1826219428223	0.588124	0.235887	396	0.00700508199089349	0.541556594925809	0.762580493995728	-0.607137162013877	71.5754847808084	1.68343695932897e-09
SNP.73	1.001e-38	0.150602	745134	5.2455816387456e-06	13.0153367784517	0.999766917378452	80.4976949635826	0.00485611	0.150602	396	0.00987035663839662	2.81642685044378	0.695080386396215	2.16292569422726	82.6606206578099	0.000109751433211112
SNP.74	2.199e-35	0.22479	755147	3.7996373602609e-06	12.413821857604	0.999831155741631	72.6952099470401	0.44352	0.22479	396	0.00724566856992156	0.766262712741742	0.756412650369933	-0.484072762120875	72.2111371849192	3.17875597312619e-09
SNP.75	1.279e-40	0.15	751533	5.21809238909134e-06	13.3442801954867	0.999768138554905	84.8295779135759	0.0026701	0.15	396	0.00990295107942167	3.00336725907372	0.694381198331321	2.53902546336197	87.3686033769378	0.0121635716045019
SNP.76	2.692e-39	0.169323	745365	4.76928052744642e-06	13.1152761132611	0.999788076897479	81.7573637310413	0.00457818	0.169323	396	0.00897690601095985	2.83530607817737	0.714809771715358	2.24586435341815	84.0032280844595	0.000420239815407548
SNP.77	1.259e-40	0.153846	751001	5.11439030503867e-06	13.3454547082379	0.999772745420603	84.8356236956815	0.00307197	0.153846	396	0.0096992733168544	2.96044296129543	0.698773533756198	2.46215691414729	87.2977806098288	0.011331911631252
SNP.78	2.443e-40	0.149402	748707	5.25505592558475e-06	13.2959652628246	0.999766496495484	84.189549709861	0.00294829	0.149402	396	0.00993559888100198	2.9730785386335	0.693682274298274	2.47423059283119	86.6637803026921	0.0060111884633384
SNP.79	1.252e-35	0.239044	754183	3.64465036598893e-06	12.4588260739904	0.999838041774005	73.2345177428745	0.630156	0.239044	396	0.00694124582568845	0.481507289734328	0.764233963916296	-0.63386412576167	72.6006536171129	4.69269173734498e-09
SNP.8	2.504e-40	0.151394	753013	5.16836014291058e-06	13.2941205574653	0.999770347856981	84.1570546606849	0.00339192	0.151394	396	0.00982788478862002	2.92978921789792	0.695993571714299	2.39173456654972	86.5487892272346	0.00535821770029111
SNP.80	1.015e-35	0.231076	756584	3.71941462092123e-06	12.475552280018	0.999834720005507	73.4529055128	0.634446	0.231076	396	0.00710618583726028	0.475478435612603	0.75997631453367	-0.627601210696969	72.825304302103	5.87471197922925e-09
SNP.81	2.869e-39	0.169323	745910	4.76579584713987e-06	13.1104476429137	0.999788231706547	81.6937100071236	0.00457818	0.169323	396	0.00897690601095985	2.83530607817737	0.714809771715358	2.24586435341815	83.9395743605417	0.000394323569036395
SNP.82	6.032e-36	0.238	756117	3.64627209166978e-06	12.5169346843861	0.999837969720659	73.9602703432999	0.703002	0.238	396	0.00696214220994212	0.381271229189606	0.76369192164198	-0.665801366	73.2944689772999	9.39165669230458e-09
SNP.83	3.139e-36	0.25498	741230	3.5509370042601e-06	12.5686853908343	0.999842205480628	74.5963542397991	0.68626	0.25498	396	0.00664661877693867	0.403935704402513	0.77195918237358	-0.67613732610101	73.9202169136981	1.75590527935712e-08
SNP.84	1.324e-36	0.239919	754118	3.63585184587026e-06	12.6367588814193	0.999838432692841	75.4656429899799	0.472749	0.239919	396	0.00692389222804038	0.718013439847463	0.764684693160953	-0.526300431452519	74.9393425585274	4.86521154359901e-08
SNP.85	1.851e-40	0.169323	754107	4.71399255057983e-06	13.3167042052195	0.999790533105547	84.4132601531489	0.00457818	0.169323	396	0.00897690601095985	2.83530607817737	0.714809771715358	2.24586435341815	86.659124506567	0.00598326664496751
SNP.86	3.613e-35	0.229084	755214	3.74885078940994e-06	12.3740148791707	0.99983341216549	72.1953745366685	0.497536	0.229084	396	0.00714945606079151	0.678371775594832	0.758867210038097	-0.536592858043776	71.6587816786247	1.82966778210221e-09
SNP.87	1.478e-35	0.234	753947	3.69985377103755e-06	12.4455836493815	0.999835589090013	73.0769723165867	0.529776	0.234	396	0.0070441758866476	0.628347990444917	0.761571420584752	-0.566500465464486	72.5104718511223	4.28801783497475e-09
SNP.88	5.926e-34	0.28	754841	3.28567039967189e-06	12.1473434149631	0.999853991526047	69.3522807162431	0.356117	0.28	396	0.00626302709636043	0.922789334506527	0.782254243429304	-0.429153125336419	68.9231275909067	1.18656836681876e-10
SNP.89	5.218e-35	0.237052	752966	3.67160603862656e-06	12.3444649115046	0.999836844133575	71.8200733667691	0.494753	0.237052	396	0.00698129927394061	0.682768717148314	0.763195671633387	-0.542369894648143	71.277703472121	1.24989082066854e-09
SNP.9	1.927e-40	0.161355	752921	4.90749656420228e-06	13.3136989834008	0.999781936603607	84.3926015782091	0.00474912	0.161355	396	0.00933070005205995	2.82357576351206	0.706864755195477	2.20420734255754	86.5968089207666	0.00562179548790509
SNP.90	4.466e-34	0.280876	753457	3.28543680141205e-06	12.1704524657936	0.99985400190516	69.6331855058103	0.474197	0.280876	396	0.00625109938404423	0.715666987134311	0.782578770274317	-0.56254902959547	69.0706364762148	1.37516579374984e-10
SNP.91	4.339e-40	0.148594	747352	5.28818723173951e-06	13.2529343818624	0.999765024682744	83.6214842597795	0.00465853	0.148594	396	0.00998014470710856	2.82974374421156	0.692730903845871	2.18348822919866	85.8049724889782	0.0025467414083987
SNP.92	1.74e-40	0.151394	752984	5.16855919421067e-06	13.3213215182909	0.999770339014319	84.5189727965139	0.00339192	0.151394	396	0.00982788478862002	2.92978921789792	0.695993571714299	2.39173456654972	86.9107073630636	0.00769483663474435
SNP.93	1.992e-40	0.150602	752466	5.19446889135863e-06	13.311220804384	0.999769188002417	84.3868975032132	0.00300865	0.150602	396	0.00987035663839662	2.96685276283794	0.695080386396215	2.46527006208474	86.8521675652979	0.00725731364670555
SNP.94	6.02e-36	0.231707	756488	3.71280320635223e-06	12.5170927809742	0.999835013749117	73.9710568101253	0.71565	0.231707	396	0.00709265422213886	0.36427857107797	0.760323823307721	-0.663786206362747	73.3072706037626	9.51265802760677e-09
SNP.95	2.571e-35	0.262	742847	3.48107177067773e-06	12.4013056087052	0.999845309631893	72.4972527682138	0.307896	0.262	396	0.00653005990311272	1.01964680196113	0.775058683140625	-0.343051511254398	72.1542012569594	3.0028264312308e-09
SNP.96	2.81e-41	0.152	750001	5.17212153813123e-06	13.4567517591474	0.999770180760662	86.3321669038163	0.00233846	0.152	396	0.00979569779222212	3.04349670755299	0.696687222699326	2.63016698792561	88.9623338917419	0.05987003117754
SNP.97	9.059e-41	0.17	753195	4.7047392894834e-06	13.3699596325097	0.999790944189493	85.1227706631275	0.00480412	0.17	396	0.00894844977056175	2.81988274813707	0.715456569851713	2.21612716068305	87.3388978238106	0.011807559922879
SNP.98	2.04e-36	0.233068	753395	3.71285306362221e-06	12.6027147861164	0.999835011533969	75.0462900667351	0.490033	0.233068	396	0.00706374983299912	0.690256338065948	0.761067189619006	-0.534479765411309	74.5118103013238	3.17268407263743e-08
SNP.99	8.853e-36	0.250996	755507	3.52030728481645e-06	12.4864373134875	0.999843566373761	73.5619241454257	0.551684	0.250996	396	0.00671620402987329	0.595238587670112	0.770120580243551	-0.598669867542225	72.9632542778835	6.74368836087309e-09
