snp	pvalues.df1	MAF.df1	N.df1	V.df1	z.df1	r.df1	lABF.df1	pvalues.df2	MAF.df2	N.df2	V.df2	z.df2	r.df2	lABF.df2	internal.sum.lABF	SNP.PP.H4
SNP.1	4.74e-35	0.249307	754748	3.53973862270804e-06	12.3521954278317	0.999842703029665	71.8976785105835	0.338486	0.249307	532	0.00502182452257829	0.957160996935364	0.817533008450857	-0.476098629911823	71.4215798806717	2.45600432797249e-14
SNP.10	3.308e-40	0.177285	753048	4.5522482500193e-06	13.273275278548	0.999797718781525	83.8191735450138	5.9836e-08	0.177285	532	0.00644372451161755	5.41929056536174	0.777370583076441	10.6640623498693	94.483235894883	0.000254553503242444
SNP.100	7.812e-34	0.295833	753602	3.1849724190378e-06	12.124727092797	0.999858465705057	69.062615877739	0.64572	0.295833	532	0.00451165711453332	0.459716116314656	0.832973701117142	-0.806782124285088	68.2558337534539	1.03600786785533e-15
SNP.101	1.524e-35	0.247222	755070	3.55818688870832e-06	12.4431364009181	0.999841883365326	73.0274922151578	0.230077	0.247222	532	0.00505015070311464	1.20016053276455	0.816692447256061	-0.260119060730897	72.7673731544269	9.4340835986314e-14
SNP.102	5.477e-34	0.289474	753421	3.22658229520853e-06	12.1537849880503	0.999856616904096	69.421659628733	0.771242	0.289474	532	0.00456950161548554	0.290750690572772	0.831193729371379	-0.854368892998151	68.5672907357349	1.41457866081328e-15
SNP.103	8.321e-36	0.239612	756785	3.62621600372536e-06	12.4913684123061	0.999838860814301	73.6379497576794	0.573609	0.239612	532	0.00515839450823177	0.562744320175873	0.813496242282013	-0.710842474886089	72.9271072827933	1.10680565873317e-13
SNP.104	2.186e-35	0.247922	754957	3.55197447801708e-06	12.4142964463408	0.999842159385236	72.6682529441767	0.190119	0.247922	532	0.00504057893985027	1.31022716079128	0.816976289755597	-0.147820142350202	72.5204328018265	7.36978618053916e-14
SNP.105	2.003e-35	0.251429	754814	3.51950584862864e-06	12.4212921374757	0.999843601982005	72.7506307732868	0.371846	0.251429	532	0.00499355693162929	0.893020863379774	0.818373557701275	-0.526580773119413	72.2240500001674	5.47945636177275e-14
SNP.106	3.356e-34	0.295833	754694	3.18036394211657e-06	12.1937534990881	0.999858670468321	69.9010970769698	0.640726	0.295833	532	0.00451165711453332	0.466683970224523	0.832973701117142	-0.80409369314129	69.0970033838285	2.40258290395888e-15
SNP.107	3.045e-36	0.243767	748923	3.62161515267335e-06	12.5710891113273	0.999839065230717	74.6361685606842	0.478426	0.243767	532	0.00509832873117591	0.708836410408164	0.815266758330308	-0.639606208858683	73.9965623518255	3.22500064628732e-13
SNP.108	1.007e-33	0.295833	745810	3.21824805906562e-06	12.1039084349628	0.999856987208514	68.8155354447403	0.716301	0.295833	532	0.00451165711453332	0.363406830586754	0.832973701117142	-0.839798862425017	67.9757365823152	7.82921821443986e-16
SNP.109	1.929e-35	0.2507	754563	3.52747895986253e-06	12.4243031331604	0.999843247732465	72.7891338167147	0.171053	0.2507	532	0.00500320508720065	1.36882814787938	0.818086471328062	-0.0856914868887328	72.703442329826	8.84982975083818e-14
SNP.11	4.921e-34	0.294118	753790	3.19496364704046e-06	12.1625310338521	0.999858021776365	69.52316092352	0.687931	0.294118	532	0.00452693918703501	0.401664437617454	0.832502705700148	-0.826238411493579	68.6969225120265	1.61036924405718e-15
SNP.110	1.07e-35	0.255556	755611	3.4781925203776e-06	12.4713483744681	0.999845437559002	73.3677890431345	0.199141	0.255556	532	0.00494015136938917	1.28400273058898	0.819966322237561	-0.18138160011129	73.1864074430232	1.43444532565585e-13
SNP.111	2.845e-35	0.247922	754166	3.55569993343686e-06	12.3931891540532	0.999841993861732	72.4069961948758	0.285456	0.247922	532	0.00504057893985027	1.0681430261986	0.816976289755597	-0.383013600312893	72.0239825945629	4.48589704873868e-14
SNP.112	2.044e-35	0.249307	754864	3.53919467084355e-06	12.4196711259297	0.999842727197699	72.7332215792606	0.193211	0.249307	532	0.00502182452257829	1.30113865075044	0.817533008450857	-0.15856692320821	72.5746546560524	7.78042176272256e-14
SNP.113	4.204e-39	0.192521	743271	4.32726478641503e-06	13.081439958072	0.999807714101582	81.2673196958101	1.21496e-10	0.192521	532	0.00604573388169828	6.43745165772378	0.788208847362147	15.5559189248671	96.8232386206772	0.00264258733817142
SNP.114	1.027e-35	0.239612	756735	3.62645559988543e-06	12.4746160773187	0.999838850169014	73.4288963892188	0.573609	0.239612	532	0.00515839450823177	0.562744320175873	0.813496242282013	-0.710842474886089	72.7180539143327	8.98008911647168e-14
SNP.115	6.388e-35	0.246518	755744	3.56183485039552e-06	12.3281713081942	0.999841721284989	71.6042994712238	0.323806	0.246518	532	0.00505984082176186	0.986666822167266	0.816405295861996	-0.450122384283364	71.1541770869405	1.87973907770656e-14
SNP.116	1.224e-35	0.251397	755455	3.51681684048326e-06	12.4606298954055	0.999843721456113	73.2395809189853	0.189252	0.251397	532	0.00499397907185579	1.31279510479019	0.818360992462969	-0.147672671786838	73.0919082471985	1.30509919061444e-13
SNP.117	1.103e-33	0.261765	753448	3.43408081227874e-06	12.0964334552494	0.999847397477205	68.7568495319908	0.791917	0.261765	532	0.00486353631550713	0.263822105677008	0.822262142603589	-0.83510717537191	67.9217423566188	7.41769553707129e-16
SNP.118	2.73e-35	0.243733	754614	3.59464214524121e-06	12.3964968172859	0.999840263646657	72.4533001308067	0.243529	0.243733	532	0.0050988106913328	1.16621136173622	0.815252521264112	-0.28999101928398	72.1633091115227	5.15653583039544e-14
SNP.119	4.775e-34	0.296399	754033	3.17962914536343e-06	12.1649906534422	0.999858703116726	69.5507200853937	0.643404	0.296399	532	0.0045066641040711	0.462944708314734	0.833127701862603	-0.805986171125078	68.7447339142686	1.68923353939969e-15
SNP.12	4.599e-35	0.225762	749702	3.81553997713293e-06	12.3546242416474	0.99983044919781	71.9642512562244	0.483402	0.225762	532	0.00537691344348968	0.700841397278911	0.807119484214441	-0.624622250464195	71.3396290057602	2.26275907330728e-14
SNP.120	9.043e-36	0.246518	753570	3.57211051020783e-06	12.4847472920404	0.999841264733765	73.5479501583916	0.157778	0.246518	532	0.00505984082176186	1.41258425915079	0.816405295861996	-0.0329870903699327	73.5149630680217	1.99238789546174e-13
SNP.121	2.744e-34	0.297222	754604	3.17213594684299e-06	12.2101449131712	0.999859036053776	70.0998082089606	0.643911	0.297222	532	0.00449944825945772	0.462237519537461	0.833350362710409	-0.806902537548672	69.2929056714119	2.92252116440456e-15
SNP.122	1.831e-35	0.238889	754570	3.64440235470187e-06	12.4284723389084	0.999838052793159	72.8568345162347	0.584381	0.238889	532	0.00516909151275826	0.546996698954406	0.813181740702445	-0.717155325667511	72.1396791905672	5.03611565911365e-14
SNP.123	4.997e-34	0.295833	753942	3.18353611409329e-06	12.1612792243286	0.999858529522768	69.5061849247432	0.684234	0.295833	532	0.00451165711453332	0.406692295322392	0.832973701117142	-0.825915648700601	68.6802692760426	1.58377345265861e-15
SNP.124	3.732e-35	0.239612	755662	3.63160497468352e-06	12.3714125266185	0.999838621381721	72.1476956602733	0.573609	0.239612	532	0.00515839450823177	0.562744320175873	0.813496242282013	-0.710842474886089	71.4368531853872	2.49380355521943e-14
SNP.125	5.339e-34	0.246537	743259	3.62147749110228e-06	12.1558705626529	0.99983907134704	69.5034300213077	0.336318	0.246537	532	0.00505957845593832	0.961465826766276	0.816413068000025	-0.470180619750894	69.0332494015568	2.25418927801431e-15
SNP.126	4.076e-34	0.298023	754815	3.16633467694865e-06	12.1779086210743	0.999859293815374	69.7058774060793	0.73482	0.298023	532	0.00449247539319737	0.338720892726835	0.833565639025105	-0.848758876750419	68.8571185293289	1.89015628123724e-15
SNP.127	2.446e-36	0.278552	742838	3.34938119347909e-06	12.5883937695757	0.999851160770037	74.8157138328278	0.715634	0.278552	532	0.00467678125376245	0.364299999826648	0.827912613708992	-0.824938435583776	73.990775397244	3.20639161077637e-13
SNP.128	2.758e-36	0.257618	742633	3.52040089629415e-06	12.5789126181544	0.999843562214552	74.7207187450203	0.174496	0.257618	532	0.00491422157672484	1.35789816418871	0.820741888914435	-0.102786451413062	74.6179322936073	6.0032626259428e-13
SNP.129	3.864e-35	0.247922	754931	3.55209680884789e-06	12.3686206311901	0.999842153950027	72.102369112073	0.285456	0.247922	532	0.00504057893985027	1.0681430261986	0.816976289755597	-0.383013600312893	71.7193555117601	3.3078929099111e-14
SNP.13	1.764e-40	0.177285	753596	4.54893794577006e-06	13.3202988392613	0.999797865846664	84.4439587379112	5.9836e-08	0.177285	532	0.00644372451161755	5.41929056536174	0.777370583076441	10.6640623498693	95.1080210877805	0.000475466408850974
SNP.130	7.887e-36	0.25	756131	3.52672574813976e-06	12.4956290135363	0.999843281198049	73.6776084123252	0.196015	0.25	532	0.0050125313283208	1.29298860564973	0.817809155089957	-0.167735611026138	73.5098728012991	1.982271878115e-13
SNP.131	1.678e-35	0.24058	752689	3.63590798707663e-06	12.4354467571881	0.999838430198483	72.9423887706601	0.170324	0.24058	532	0.00514418787008406	1.37116347942621	0.813914306534901	-0.0756582126529953	72.8667305580071	1.04195770972244e-13
SNP.132	1.476e-34	0.254875	753790	3.49271588220432e-06	12.2604925399136	0.99984479227619	70.7628001808398	0.212202	0.254875	532	0.00494882388129097	1.24753334920479	0.819707252205291	-0.218715316233409	70.5440848646064	1.02126367384244e-14
SNP.133	4.179e-35	0.25	755062	3.53171880808022e-06	12.3623235587327	0.999843059353873	72.0217080607789	0.177203	0.25	532	0.0050125313283208	1.3494171976054	0.817809155089957	-0.10676497851399	71.9149430822649	4.02248139274603e-14
SNP.134	2.292e-35	0.248611	754835	3.54595158621686e-06	12.4105058932034	0.999842426984892	72.6203827034323	0.185783	0.248611	532	0.00503121873229699	1.32315751859079	0.817254049622044	-0.134427114756492	72.4859555886758	7.12002673612953e-14
SNP.135	2.489e-35	0.249304	754834	3.53936377823271e-06	12.4039024155308	0.999842719684179	72.5375577975674	0.212125	0.249304	532	0.00502186488379419	1.24774351518536	0.817531809526787	-0.214196837590395	72.323360959977	6.05156460976491e-14
SNP.136	1.246e-32	0.300847	727897	3.26574420022646e-06	11.8957025808459	0.999854876877101	66.3246378972071	0.635321	0.300847	532	0.00446828083855684	0.474250900438786	0.83431347124773	-0.805004473206165	65.5196334240009	6.71500513579028e-17
SNP.137	1.472e-32	0.3	708300	3.36150272617871e-06	11.8817794501672	0.999850622195899	66.1732811881527	0.62703	0.3	532	0.00447547440028643	0.485911379334697	0.834090984504098	-0.799689313792564	65.3735918743601	5.8025823147977e-17
SNP.138	1.337e-38	0.190278	744668	4.35795554353515e-06	12.9932096806863	0.99980635059431	80.1206720076333	3.96727e-11	0.190278	532	0.00610005646370909	6.60529482888413	0.786711733543271	16.3895295785569	96.5102015861902	0.00193232019618115
SNP.139	1.965e-40	0.174095	753114	4.61735099797466e-06	13.3122402938458	0.999794826504892	84.3438635244204	1.38246e-07	0.174095	532	0.00653645052535468	5.26756396158951	0.774888100746094	10.0049203772902	94.3487839017106	0.000222529360359717
SNP.14	1.817e-40	0.177285	753644	4.5486482214156e-06	13.3180885922932	0.999797878718098	84.4144952826125	5.9836e-08	0.177285	532	0.00644372451161755	5.41929056536174	0.777370583076441	10.6640623498693	95.0785576324818	0.000461661888622125
SNP.140	3.369e-35	0.247922	755077	3.55140998335315e-06	12.3796281694652	0.999842184465969	72.2384619254275	0.285456	0.247922	532	0.00504057893985027	1.0681430261986	0.816976289755597	-0.383013600312893	71.8554483251146	3.79014477256229e-14
SNP.141	6.287e-35	0.245833	750735	3.5923251151203e-06	12.3294556471052	0.999840366592888	71.6242896141851	0.329052	0.245833	532	0.00506933119417263	0.976025152640694	0.816124259291276	-0.458017309387145	71.166272304798	1.90261298495289e-14
SNP.142	9.75e-36	0.247911	753581	3.55856604352892e-06	12.4787543709867	0.999841866519329	73.471307573799	0.231629	0.247911	532	0.00504072886776047	1.19617314081591	0.816971842249926	-0.264583650046881	73.2067239237521	1.46388626191666e-13
SNP.15	8.346e-34	0.285515	752747	3.2561089336174e-06	12.1193088300251	0.999855304987072	69.0077558323697	0.66614	0.285515	532	0.00460719216438665	0.431451651884862	0.830038015872424	-0.808834237437326	68.1989215949324	9.78692853844646e-16
SNP.16	1.409e-40	0.191136	754106	4.28864016143387e-06	13.3370641632826	0.999809430094414	84.6389454833561	3.70774e-11	0.191136	532	0.00607911518341776	6.61530997048531	0.787288194739318	16.4528727910795	101.091818274436	0.188733910727387
SNP.17	2.219e-35	0.23662	756200	3.66050583709979e-06	12.4130971374048	0.999837337315138	72.6680423733145	0.874245	0.23662	532	0.0052031475827347	0.158268790151017	0.812182079050922	-0.82596896703945	71.8420734062751	3.73978939405362e-14
SNP.18	2.273e-40	0.177778	751175	4.55367225592051e-06	13.3013586737567	0.999797655517979	84.1924017913771	5.94662e-08	0.177778	532	0.00642970818955092	5.42039888475099	0.777747215857737	10.6734182337933	94.8658200251705	0.00037319279882479
SNP.19	1.057e-40	0.179167	754763	4.50449980409156e-06	13.3584803643015	0.999799840080721	84.9484426959686	1.12642e-08	0.179167	532	0.00639065749179616	5.71050413548879	0.778798475126055	11.9439130824525	96.8923557784211	0.00283169549557637
SNP.2	1.588e-40	0.178273	751270	4.543189244808e-06	13.328143671706	0.999798121241271	84.5478544321107	5.25442e-08	0.178273	532	0.00641571763899794	5.44247885263312	0.778123520256498	10.7714162336908	95.3192706658015	0.000587305903061906
SNP.20	9.448e-41	0.17867	754694	4.51470921607824e-06	13.3668318882878	0.999799386510911	85.0611101181889	8.683e-09	0.17867	532	0.00640455631037397	5.75463343119555	0.778423988190563	12.1355740711258	97.1966841893147	0.00383896983393592
SNP.21	3.372e-40	0.17867	753311	4.52299774876373e-06	13.2718395878137	0.999799018279605	83.7970140900882	8.683e-09	0.17867	532	0.00640455631037397	5.75463343119555	0.778423988190563	12.1355740711258	95.932588161214	0.00108448804758544
SNP.22	2.883e-42	0.176389	747937	4.60162633521293e-06	13.6240082760905	0.999795525092529	88.5402914455625	4.38404e-08	0.176389	532	0.00646941089526345	5.4746391644442	0.776681309859801	10.8896417910994	99.4299332366619	0.0358180911640283
SNP.23	2.915e-35	0.246537	756448	3.55833545539044e-06	12.391240231486	0.99984187676445	72.3832099637466	0.336318	0.246537	532	0.00505957845593832	0.961465826766276	0.816413068000025	-0.470180619750894	71.9130293439957	4.0147907774272e-14
SNP.24	8.657e-39	0.177285	744981	4.60154210668532e-06	13.0264247044924	0.999795528834489	80.5789803696768	5.9836e-08	0.177285	532	0.00644372451161755	5.41929056536174	0.777370583076441	10.6640623498693	91.243042719546	9.96738105988474e-06
SNP.25	2.019e-40	0.177285	750286	4.56900627251546e-06	13.3102149650257	0.999796974282367	84.3118380549801	5.9836e-08	0.177285	532	0.00644372451161755	5.41929056536174	0.777370583076441	10.6640623498693	94.9759004048494	0.000416620423851354
SNP.26	1.256e-34	0.253482	739862	3.57134555255748e-06	12.2735643095726	0.999841298721091	70.9339935841547	0.241521	0.253482	532	0.00496673470527496	1.17119351845238	0.819172728081103	-0.293279237497701	70.640714346657	1.12487311032457e-14
SNP.27	6.937e-36	0.247899	749736	3.57693211975589e-06	12.505831648888	0.999841050508079	73.812021063142	0.154262	0.247899	532	0.00504089244311523	1.42463754915927	0.816966989957677	-0.0199894864578752	73.7920315766841	2.62847117662663e-13
SNP.28	1.723e-39	0.180055	747148	4.53287202828707e-06	13.149061374345	0.999798579599316	82.1764367953301	7.77764e-09	0.180055	532	0.00636602682366659	5.77320785551577	0.779463004640208	12.2338783697938	94.410315165124	0.000236651906610301
SNP.29	2.095e-40	0.17867	753251	4.52335802689801e-06	13.3074539392532	0.999799002273679	84.2702595158909	8.683e-09	0.17867	532	0.00640455631037397	5.75463343119555	0.778423988190563	12.1355740711258	96.4058335870167	0.00174081510710766
SNP.3	1.692e-40	0.177778	753196	4.54145369444486e-06	13.3234096483315	0.999798198345708	84.4845984692129	7.0217e-08	0.177778	532	0.00642970818955092	5.39061490714941	0.777747215857737	10.5482028792749	95.0328013484878	0.000441013945039151
SNP.30	2.13e-35	0.260174	754400	3.44329982724469e-06	12.416373411903	0.999846987868418	72.6788730184555	0.403584	0.260174	532	0.00488275449186728	0.835237499185313	0.821685050226869	-0.575489303122407	72.1033837153331	4.85660486893653e-14
SNP.31	1.42e-35	0.231302	748150	3.75877374748498e-06	12.4487795061675	0.99983297129225	73.1244407720379	0.839446	0.231302	532	0.00528595221650543	0.202602162022779	0.809761703492549	-0.813119498410924	72.3113212736269	5.97914251441358e-14
SNP.32	6.966e-41	0.17867	753798	4.52007561325309e-06	13.3894872366123	0.999799148100112	85.3647086602621	8.683e-09	0.17867	532	0.00640455631037397	5.75463343119555	0.778423988190563	12.1355740711258	97.5002827313879	0.0052007487222405
SNP.33	8.2e-41	0.179167	754443	4.50641040560461e-06	13.3773679735528	0.999799755199096	85.2010846807928	9.02752e-09	0.179167	532	0.00639065749179616	5.74805626733177	0.778798475126055	12.1114689930396	97.3125536738324	0.00431058464200487
SNP.34	3.9e-39	0.191136	745306	4.33927712587615e-06	13.0871436622465	0.999807180425409	81.3432743664098	3.70774e-11	0.191136	532	0.00607911518341776	6.61530997048531	0.787288194739318	16.4528727910795	97.7961471574893	0.00699130354770268
SNP.35	9.78e-36	0.248611	756004	3.54046852342316e-06	12.4785097257423	0.999842670599838	73.4657689249887	0.196472	0.248611	532	0.00503121873229699	1.29166841533319	0.817254049622044	-0.168072860778106	73.2976960642105	1.60330458194816e-13
SNP.36	1.05e-35	0.250693	755211	3.524517733273e-06	12.4728516860568	0.999843379301296	73.3929898874755	0.171024	0.250693	532	0.00500329804861435	1.36892090606178	0.818083706187869	-0.0855826016883705	73.3074072857871	1.61895047540659e-13
SNP.37	1.598e-40	0.175	752730	4.60085749631802e-06	13.3276752767483	0.999795559249175	84.5476908741921	1.12164e-07	0.175	532	0.00650978094587117	5.30582585871359	0.775600479092977	10.1701065265693	94.7177974007614	0.000321845799925415
SNP.38	1.184e-35	0.238162	755930	3.64546827617626e-06	12.4632792156582	0.999838005434217	73.2901089422322	0.612584	0.238162	532	0.0051799226203194	0.506388423151917	0.812863544043403	-0.733737620198874	72.5563713220334	7.63946224444775e-14
SNP.39	3.057e-40	0.17867	753019	4.5247516425468e-06	13.2791858005337	0.999798940360106	83.8947061692404	5.39392e-08	0.17867	532	0.00640455631037397	5.43781082247846	0.778423988190563	10.7554207946563	94.6501269638967	0.000300786921405306
SNP.4	2.144e-40	0.177285	752736	4.55413510205508e-06	13.3057261284166	0.999797634955364	84.2505416409884	5.9836e-08	0.177285	532	0.00644372451161755	5.41929056536174	0.777370583076441	10.6640623498693	94.9146039908577	0.000391850009883186
SNP.40	1.695e-35	0.254167	754787	3.49449830995317e-06	12.4346412779499	0.999844713081774	72.9130285669866	0.254987	0.254167	532	0.00495789830051621	1.13831972601845	0.819436351382254	-0.324934712270785	72.5880938547158	7.88569017362972e-14
SNP.41	6.297e-35	0.246537	748526	3.59599498021336e-06	12.3293275738881	0.999840203539869	71.6232088585536	0.336318	0.246537	532	0.00505957845593832	0.961465826766276	0.816413068000025	-0.470180619750894	71.1530282388027	1.87758078298154e-14
SNP.42	1.434e-36	0.247922	751245	3.56952524941975e-06	12.6304804461809	0.999841379597783	75.377367561935	0.529395	0.247922	532	0.00504057893985027	0.628929823857507	0.816976289755597	-0.687491187020712	74.6898763749143	6.45107751687883e-13
SNP.43	1.858e-36	0.254848	750369	3.50888406747157e-06	12.6100818317232	0.999844073913737	75.1116204387641	0.15661	0.254848	532	0.00494916885117401	1.41656550430807	0.819696950461131	-0.0341324664979223	75.0774879722662	9.50538776578304e-13
SNP.44	3.539e-36	0.239255	746168	3.68157163380443e-06	12.5591983918768	0.999836401362946	74.4947824009768	0.475133	0.239255	532	0.00516366718581313	0.714152314244699	0.813341190409447	-0.6318289331728	73.862953467804	2.82165690289393e-13
SNP.45	3.277e-39	0.191136	745620	4.3374497432717e-06	13.1003599104297	0.999807261611102	81.516087671938	3.70774e-11	0.191136	532	0.00607911518341776	6.61530997048531	0.787288194739318	16.4528727910795	97.9689604630175	0.00831017221017202
SNP.46	1.258e-40	0.179167	748365	4.54301014295906e-06	13.3455139199093	0.99979812919814	84.7794526916272	5.52578e-07	0.179167	532	0.00639065749179616	5.00709450528622	0.778798475126055	9.00828592995648	93.7877386215837	0.000126977990646845
SNP.47	9.471e-36	0.254848	755006	3.48733364877176e-06	12.4810660749909	0.999845031412373	73.4902908514754	0.231214	0.254848	532	0.00494916885117401	1.19723749304795	0.819696950461131	-0.269090487772487	73.2212003637029	1.48523225771138e-13
SNP.48	3.969e-40	0.177285	752973	4.55270167745794e-06	13.259620342945	0.999797698637346	83.6381057174021	5.9836e-08	0.177285	532	0.00644372451161755	5.41929056536174	0.777370583076441	10.6640623498693	94.3021680672713	0.000212394037116523
SNP.49	9.218e-41	0.175487	752102	4.59463274751109e-06	13.3686653550227	0.999795835791647	85.0940694772682	4.64753e-08	0.175487	532	0.00649554977193343	5.46429389711358	0.775981148037384	10.8368070432879	95.9308765205561	0.00108263338146394
SNP.5	2.905e-39	0.193906	745082	4.29327785682585e-06	13.1095019102837	0.999809224053214	81.630921446318	8.23342e-11	0.193906	532	0.00601286475962316	6.49627298778193	0.789117480466644	15.8727683873166	97.5036898336346	0.00521849842525283
SNP.50	5.117e-35	0.224234	750335	3.83073926881787e-06	12.3460379902706	0.999829773903243	71.8601621898311	0.500845	0.224234	532	0.00540289050614372	0.673160795101575	0.806368071259352	-0.638197084576075	71.2219651052551	2.01158103423138e-14
SNP.51	1.195e-35	0.249307	755506	3.53618719905818e-06	12.4625418898436	0.999842860821089	73.2660828184493	0.193211	0.249307	532	0.00502182452257829	1.30113865075044	0.817533008450857	-0.15856692320821	73.1075158952411	1.32562850989602e-13
SNP.52	3.013e-35	0.231302	752501	3.73704032178148e-06	12.3885884685104	0.999833936900565	72.3742473152036	0.839446	0.231302	532	0.00528595221650543	0.202602162022779	0.809761703492549	-0.813119498410924	71.5611278167926	2.82380060151114e-14
SNP.53	7.675e-41	0.180055	755148	4.484851009591e-06	13.3822859958267	0.999800713011683	85.2645622143602	1.08731e-08	0.180055	532	0.00636602682366659	5.71651480655421	0.779463004640208	11.9800121761222	97.2445743904823	0.00402729228017437
SNP.54	1.775e-35	0.247899	755088	3.55157912685317e-06	12.4309554672907	0.999842176950853	72.8751147758938	0.188085	0.247899	532	0.00504089244311523	1.31626533936695	0.816966989957677	-0.141324485460879	72.733790290433	9.12252091718587e-14
SNP.55	8.217e-41	0.17688	754978	4.54876838642064e-06	13.3772140081202	0.999797873379589	85.2035339332423	1.4824e-08	0.17688	532	0.00645530086248699	5.66358810575935	0.777059789737839	11.7121485302693	96.9156824635117	0.00289852600138599
SNP.56	3.093e-40	0.180055	752862	4.498468869714e-06	13.2783090497131	0.999800108015029	83.8802570767496	6.48877e-09	0.180055	532	0.00636602682366659	5.80364729062139	0.779463004640208	12.3712169961792	96.2514740729288	0.00149181565991071
SNP.57	7.818e-36	0.249307	756172	3.53307269511652e-06	12.4963277856794	0.999842999200005	73.68721575321	0.193211	0.249307	532	0.00502182452257829	1.30113865075044	0.817533008450857	-0.15856692320821	73.5286488300018	2.0198426832945e-13
SNP.58	5.524e-41	0.185345	754444	4.38923054964269e-06	13.406703704184	0.999804961134262	85.5811681379787	3.06403e-08	0.185345	532	0.00622448994886209	5.53773809303808	0.783303725847057	11.2459794865669	96.8271476245455	0.00265293743841016
SNP.59	1.519e-40	0.177285	752203	4.55736209531275e-06	13.3314578422828	0.999797491591504	84.5935238421193	5.9836e-08	0.177285	532	0.00644372451161755	5.41929056536174	0.777370583076441	10.6640623498693	95.2575861919886	0.000552172965146146
SNP.6	1.14e-40	0.191136	754096	4.28869703270969e-06	13.3528515399386	0.999809427567765	84.8495936136922	3.70774e-11	0.191136	532	0.00607911518341776	6.61530997048531	0.787288194739318	16.4528727910795	101.302466404772	0.232987842397426
SNP.60	4.165e-40	0.174515	746073	4.65207527398305e-06	13.2560049335993	0.99979328383934	83.6005891905507	5.56217e-07	0.174515	532	0.00652403713512473	5.00583045460259	0.775219515302047	8.96654104042821	92.5671302309789	3.74649331259951e-05
SNP.61	2.59e-36	0.257618	742377	3.52161486524719e-06	12.583876945464	0.999843508277259	74.7833352277595	0.174496	0.257618	532	0.00491422157672484	1.35789816418871	0.820741888914435	-0.102786451413062	74.6805487763464	6.39118422003228e-13
SNP.62	2.59e-39	0.188366	735410	4.44710850654232e-06	13.11820411458	0.999802389790556	81.7620294408722	6.29827e-07	0.188366	532	0.00614745877217347	4.98183939378191	0.785409979256353	8.97692367527287	90.738953116145	6.0208489080665e-06
SNP.63	1.564e-40	0.180055	746834	4.53477783575818e-06	13.3292798961448	0.999798494930887	84.562102592036	2.51362e-08	0.180055	532	0.00636602682366659	5.57232495731863	0.779463004640208	11.3456321390864	95.9077347311224	0.0010578669823907
SNP.64	3.786e-39	0.191136	745089	4.34054089857487e-06	13.0893973035191	0.999807124279395	81.3729057065936	3.70774e-11	0.191136	532	0.00607911518341776	6.61530997048531	0.787288194739318	16.4528727910795	97.825778497673	0.00720156502189518
SNP.65	4.148e-41	0.178273	753609	4.5290884051901e-06	13.4279382291881	0.999798747692636	85.8811431011798	6.6637e-09	0.178273	532	0.00641571763899794	5.79918748052126	0.778123520256498	12.331553647815	98.2126967489948	0.0106038444346176
SNP.66	2.777e-35	0.238227	755717	3.6458118748646e-06	12.3951285640409	0.999837990168111	72.4432337611368	0.745711	0.238227	532	0.00517895115157341	0.324299893902292	0.812892073720105	-0.795288740479634	71.6479450206571	3.07991165296721e-14
SNP.67	3.719e-35	0.245833	756135	3.56667023124157e-06	12.3716927745637	0.999841506447244	72.1423633179707	0.384365	0.245833	532	0.00506933119417263	0.869881804596317	0.816124259291276	-0.537969226299652	71.604394091671	2.94865750431382e-14
SNP.68	3.821e-35	0.244413	756122	3.58071166435962e-06	12.3695195663697	0.999840882581744	72.11740019563	0.290532	0.244413	532	0.00508920087420851	1.05695527453778	0.815536488446605	-0.389611692638912	71.7277885029911	3.33590629411016e-14
SNP.69	8.845e-35	0.246537	747439	3.60122463312617e-06	12.3019167195574	0.999839971185181	71.2863900015236	0.336318	0.246537	532	0.00505957845593832	0.961465826766276	0.816413068000025	-0.470180619750894	70.8162093817727	1.34066434852969e-14
SNP.7	3.845e-36	0.236034	755662	3.66938958318318e-06	12.5526347072786	0.999836942610573	74.41076851342	0.801887	0.236034	532	0.00521206441956272	0.250905722495152	0.811920745396241	-0.809889218935401	73.6008792944846	2.17113504563168e-13
SNP.70	9.905e-35	0.246537	747644	3.6002371965256e-06	12.2927722038319	0.99984001505721	71.1738209580791	0.336318	0.246537	532	0.00505957845593832	0.961465826766276	0.816413068000025	-0.470180619750894	70.7036403383282	1.19793139304407e-14
SNP.71	3.056e-34	0.264543	750922	3.42232788570073e-06	12.2013800855971	0.999847919670358	70.0299667716275	0.753437	0.264543	532	0.00483064154245519	0.314110651421293	0.823251805671985	-0.825901319045479	69.204065452582	2.67408278487656e-15
SNP.72	3.622e-35	0.243017	755741	3.59645175440291e-06	12.3738151067489	0.999840183245282	72.1726739314014	0.341377	0.243017	532	0.00510899632579739	0.951448007226018	0.814951754656013	-0.474700464248179	71.6979734671532	3.23791420616001e-14
SNP.73	1.001e-38	0.17688	745134	4.60886237756307e-06	13.0153367784517	0.999795203622256	80.4354024024612	7.39504e-08	0.17688	532	0.00645530086248699	5.38129862173592	0.777059789737839	10.5007685090479	90.9361709115091	7.33344989526087e-06
SNP.74	2.199e-35	0.235632	755147	3.67622205561367e-06	12.413821857604	0.999836639044246	72.6791251751948	0.457674	0.235632	532	0.00521821063276409	0.742682379815585	0.811740710758726	-0.611098733527175	72.0680264416676	4.68788880762339e-14
SNP.75	1.279e-40	0.176389	751533	4.57960807613259e-06	13.3442801954867	0.999796503282626	84.7668583145047	7.48842e-08	0.176389	532	0.00646941089526345	5.37903969019981	0.776681309859801	10.4866972005598	95.2535555150646	0.000549951813696561
SNP.76	2.692e-39	0.191136	745365	4.33893364670765e-06	13.1152761132611	0.999807195685263	81.7117341850304	3.70774e-11	0.191136	532	0.00607911518341776	6.61530997048531	0.787288194739318	16.4528727910795	98.1646069761099	0.0101059751202821
SNP.77	1.259e-40	0.178873	751001	4.53288149710859e-06	13.3454547082379	0.999798579178649	84.7775869437364	2.26794e-07	0.178873	532	0.00639886943084595	5.17591722294017	0.778577170772779	9.67524699078567	94.4528339345221	0.000246931033832007
SNP.78	2.443e-40	0.174515	748707	4.63570897011295e-06	13.2959652628246	0.999794010930456	84.1292947584487	2.42581e-07	0.174515	532	0.00652403713512473	5.16334072358568	0.775219515302047	9.58739453857309	93.7166892970218	0.000118269325699924
SNP.79	1.252e-35	0.249307	754183	3.54239043575849e-06	12.4588260739904	0.999842585208395	73.2206432983675	0.193211	0.249307	532	0.00502182452257829	1.30113865075044	0.817533008450857	-0.15856692320821	73.0620763751593	1.26674063698724e-13
SNP.8	2.504e-40	0.176389	753013	4.57060714261261e-06	13.2941205574653	0.999796903161478	84.0979598484901	7.00028e-08	0.176389	532	0.00646941089526345	5.39116387221475	0.776681309859801	10.5374066876809	94.635366536171	0.000296379783426925
SNP.80	1.015e-35	0.239612	756584	3.62717937252083e-06	12.475552280018	0.999838818011709	73.4406709767264	0.573609	0.239612	532	0.00515839450823177	0.562744320175873	0.813496242282013	-0.710842474886089	72.7298285018403	9.08645091591835e-14
SNP.81	2.869e-39	0.191136	745910	4.33576339984482e-06	13.1104476429137	0.999807336530817	81.6480780435694	3.70774e-11	0.191136	532	0.00607911518341776	6.61530997048531	0.787288194739318	16.4528727910795	98.1009508346488	0.0094827153400524
SNP.82	6.032e-36	0.247911	756117	3.5466306902881e-06	12.5169346843861	0.999842396812001	73.9467657367676	0.204074	0.247911	532	0.00504072886776047	1.27002984312731	0.816971842249926	-0.190179728835663	73.756586007932	2.53693537363064e-13
SNP.83	3.139e-36	0.263158	741230	3.47877280400216e-06	12.5686853908343	0.999845411776591	74.5863431332253	0.200963	0.263158	532	0.00484693752915512	1.27881275841974	0.822761231527746	-0.19237248471387	74.3939706485115	4.79868272199646e-13
SNP.84	1.324e-36	0.254902	754118	3.49095344052372e-06	12.6367588814193	0.999844870582625	75.4458259662636	0.183102	0.254902	532	0.00494847899748284	1.33126448423125	0.819717551637865	-0.130236834814169	75.3155891314494	1.20607928380593e-12
SNP.85	1.851e-40	0.191136	754107	4.28863447438924e-06	13.3167042052195	0.999809430347075	84.367661747994	3.70774e-11	0.191136	532	0.00607911518341776	6.61530997048531	0.787288194739318	16.4528727910795	100.820534539073	0.14389076106199
SNP.86	3.613e-35	0.238227	755214	3.64824011821425e-06	12.3740148791707	0.999837882281162	72.1821167732892	0.745711	0.238227	532	0.00517895115157341	0.324299893902292	0.812892073720105	-0.795288740479634	71.3868280328095	2.37211965497486e-14
SNP.87	1.478e-35	0.244444	753947	3.59073327578569e-06	12.4455836493815	0.999840437318722	73.062381787958	0.321669	0.244444	532	0.00508876425014811	0.991033955878274	0.815549395253512	-0.444691561396906	72.6176902265611	8.12256603469381e-14
SNP.88	5.926e-34	0.288889	754841	3.22437927318775e-06	12.1473434149631	0.999856714788119	69.3430678716231	0.767529	0.288889	532	0.00457498811081262	0.295608606769321	0.831025295668161	-0.852693783353336	68.4903740882698	1.30985320421011e-15
SNP.89	5.218e-35	0.246537	752966	3.5747905463981e-06	12.3444649115046	0.999841145658871	71.8070419670765	0.336318	0.246537	532	0.00505957845593832	0.961465826766276	0.816413068000025	-0.470180619750894	71.3368613473256	2.25650518737466e-14
SNP.9	1.927e-40	0.18144	752921	4.47133324064157e-06	13.3136989834008	0.999801313562339	84.3477899366662	2.45956e-07	0.18144	532	0.00632812160691182	5.16075491613017	0.780487896741958	9.63534582719374	93.9831357638599	0.0001543790453481
SNP.90	4.466e-34	0.290859	753457	3.21733608673071e-06	12.1704524657936	0.999857027729027	69.622938162991	0.91528	0.290859	532	0.00455662480432304	0.106381084865707	0.831589311775688	-0.885969333776901	68.7369688292141	1.67616729319993e-15
SNP.91	4.339e-40	0.172753	747352	4.68148896892059e-06	13.2529343818624	0.999791977106132	83.5629350575579	6.93644e-08	0.172753	532	0.00657654162387357	5.3928097077261	0.773819675360778	10.5090539754838	94.0719890330417	0.000168723989386723
SNP.92	1.74e-40	0.177285	752984	4.55263516911453e-06	13.3213215182909	0.999797701592077	84.457970459304	5.9836e-08	0.177285	532	0.00644372451161755	5.41929056536174	0.777370583076441	10.6640623498693	95.1220328091732	0.000482175404226962
SNP.93	1.992e-40	0.175562	752466	4.59086584966435e-06	13.311220804384	0.999796003141002	84.3275237120252	2.00678e-07	0.175562	532	0.00649336553089011	5.19870844596994	0.776039607269051	9.73870116224691	94.0662248742721	0.000167754235117497
SNP.94	6.02e-36	0.24221	756488	3.60103233813421e-06	12.5170927809742	0.99983997972889	73.9561650186485	0.511168	0.24221	532	0.0051205596831024	0.657020088050444	0.81461057480906	-0.666824661366372	73.2893403572821	1.58996365281084e-13
SNP.95	2.571e-35	0.269444	742847	3.41938971822402e-06	12.4013056087052	0.99984805021588	72.4885258110528	0.438216	0.269444	532	0.00477459284589015	0.775209289294859	0.824943570271862	-0.623448761519041	71.8650770495338	3.82681529394136e-14
SNP.96	2.81e-41	0.17867	750001	4.54295921887965e-06	13.4567517591474	0.999798131460518	86.2698594218751	8.683e-09	0.17867	532	0.00640455631037397	5.75463343119555	0.778423988190563	12.1355740711258	98.4054334930009	0.0128578351121523
SNP.97	9.059e-41	0.190278	753195	4.3086186693927e-06	13.3699596325097	0.99980854249991	85.0803758633935	3.82369e-11	0.190278	532	0.00610005646370909	6.61075339458124	0.786711733543271	16.4179065333446	101.498282396738	0.283383829193281
SNP.98	2.04e-36	0.245152	753395	3.58634711196673e-06	12.6027147861164	0.999840632197169	75.0294060210502	0.490038	0.245152	532	0.00507882703462439	0.690248385827724	0.815843254383224	-0.651632666666501	74.3777733543837	4.72158313446781e-13
SNP.99	8.853e-36	0.254167	755507	3.49116804460398e-06	12.4864373134875	0.999844861047624	73.5578697603203	0.228231	0.254167	532	0.00495789830051621	1.20492825453978	0.819436351382254	-0.26098577651576	73.2968839838046	1.60200309823858e-13
