snp	pvalues.df1	MAF.df1	N.df1	V.df1	z.df1	r.df1	lABF.df1	pvalues.df2	MAF.df2	N.df2	V.df2	z.df2	r.df2	lABF.df2	internal.sum.lABF	SNP.PP.H4
SNP.1	4.74e-35	0.246479	754748	3.5669149157087e-06	12.3521954278317	0.999841495575826	71.9014098740242	0.790026	0.246479	330	0.00815794514788275	0.2662768509287	0.733904372633854	-0.635931623253426	71.2654782507708	6.43838149134198e-12
SNP.10	3.308e-40	0.206573	753048	4.05104262604574e-06	13.273275278548	0.999819986071913	83.7628227319327	9.70579e-07	0.206573	330	0.00924433196199543	4.89751161290009	0.708787950772982	7.88350743053723	91.6463301624699	0.00457160004124045
SNP.100	7.812e-34	0.294811	753602	3.19138168832171e-06	12.124727092797	0.999858180929354	69.0635999654415	0.566101	0.294811	330	0.00728797461540187	0.573803174989073	0.755338363567907	-0.579591939708556	68.4840080257329	3.98840760705561e-13
SNP.101	1.524e-35	0.248826	755070	3.54279875375251e-06	12.4431364009181	0.999842567066642	73.0253784408532	0.8423	0.248826	330	0.00810624562119973	0.198952373744307	0.735144070869481	-0.649735378657242	72.3756430621959	1.95395770050053e-11
SNP.102	5.477e-34	0.29108	753421	3.21604923056694e-06	12.1537849880503	0.999857084906285	69.4200595256764	0.520333	0.29108	330	0.00734254250709993	0.642832179827782	0.753957207052548	-0.545344822581035	68.8747147030954	5.89496580107557e-13
SNP.103	8.321e-36	0.241784	756785	3.60393530273141e-06	12.4913684123061	0.999839850749547	73.6349458379999	0.955192	0.241784	330	0.00826486114568967	0.0561880510577377	0.73135386158414	-0.656025640401095	72.9789201975988	3.57202992680329e-11
SNP.104	2.186e-35	0.246479	754957	3.56592746183068e-06	12.4142964463408	0.999841539448756	72.6701651323625	0.83227	0.246479	330	0.00815794514788275	0.211791115633274	0.733904372633854	-0.645489951485433	72.024675180877	1.37559865857853e-11
SNP.105	2.003e-35	0.251208	754814	3.52156246257814e-06	12.4212921374757	0.999843510605538	72.7509157667704	0.684789	0.251208	330	0.00805492317766199	0.405936851627074	0.736378876463654	-0.605949176125701	72.1449665906447	1.55143519408631e-11
SNP.106	3.356e-34	0.295775	754694	3.18072560932922e-06	12.1937534990881	0.999858654398766	69.9011527304353	0.576968	0.295775	330	0.00727416525153669	0.557818981096873	0.755688692190581	-0.587085199267801	69.3140675311675	9.14723420302516e-13
SNP.107	3.045e-36	0.244131	748923	3.61795675687277e-06	12.5710891113273	0.999839227773782	74.6356761522843	0.978873	0.244131	330	0.00821082129765886	0.0264818626935556	0.73264077772206	-0.659324165038812	73.9763519872455	9.68487926687711e-11
SNP.108	1.007e-33	0.294811	745810	3.22472429047964e-06	12.1039084349628	0.999856699458411	68.8165193848951	0.595996	0.294811	330	0.00728797461540187	0.530167214771305	0.755338363567907	-0.597785324693618	68.2187340602014	3.05909184652472e-13
SNP.109	1.929e-35	0.248815	754563	3.54528401761264e-06	12.4243031331604	0.999842456645259	72.791589780917	0.9587	0.248815	330	0.00810648528539954	0.0517850097638257	0.735138314321029	-0.663288059527067	72.1283017213899	1.52579496831767e-11
SNP.11	4.921e-34	0.295238	753790	3.18790153356963e-06	12.1625310338521	0.999858335559054	69.5220778710145	0.642494	0.295238	330	0.00728184332421047	0.46421460274906	0.755493867691834	-0.622854794604935	68.8992230764096	6.04122681230872e-13
SNP.110	1.07e-35	0.254717	755611	3.48572070879346e-06	12.4713483744681	0.999845103076383	73.3688438929528	0.890152	0.254717	330	0.00798136033482465	0.138111876045832	0.73815603217334	-0.662963124965866	72.705880767987	2.71853902143298e-11
SNP.111	2.845e-35	0.246479	754166	3.56966755170786e-06	12.3931891540532	0.999841373275243	72.4089084951242	0.790026	0.246479	330	0.00815794514788275	0.2662768509287	0.733904372633854	-0.635931623253426	71.7729768718707	1.06949942875364e-11
SNP.112	2.044e-35	0.248826	754864	3.54376557233609e-06	12.4196711259297	0.999842524110458	72.7338511525982	0.8423	0.248826	330	0.00810624562119973	0.198952373744307	0.735144070869481	-0.649735378657242	72.0841157739409	1.45984405370664e-11
SNP.113	4.204e-39	0.230047	743271	3.79788689090872e-06	13.081439958072	0.999831233514005	81.2040984151235	2.23753e-06	0.230047	330	0.00855411874937157	4.73069452798271	0.724541571493003	7.46276916302622	88.6668675781497	0.000232329345280362
SNP.114	1.027e-35	0.241784	756735	3.60417342673141e-06	12.4746160773187	0.999839840169648	73.4258922676453	0.955192	0.241784	330	0.00826486114568967	0.0561880510577377	0.73135386158414	-0.656025640401095	72.7698666272442	2.89817280388032e-11
SNP.115	6.388e-35	0.246479	755744	3.56221405502565e-06	12.3281713081942	0.999841704436785	71.6043514112789	0.790026	0.246479	330	0.00815794514788275	0.2662768509287	0.733904372633854	-0.635931623253426	70.9684197880255	4.78372113879759e-12
SNP.116	1.224e-35	0.251196	755455	3.51868613109779e-06	12.4606298954055	0.999843638402502	73.2398401236591	0.75721	0.251196	330	0.00805517888232874	0.309146616394955	0.736372713989007	-0.631421313945946	72.6084188097131	2.4660869243717e-11
SNP.117	1.103e-33	0.265	753448	3.40708922403899e-06	12.0964334552494	0.999848596738684	68.7529923877013	0.778737	0.265	330	0.00777898352022341	0.280965319258813	0.743089674228073	-0.650183780259637	68.1028086074416	2.72424857276469e-13
SNP.118	2.73e-35	0.242857	754614	3.60343430465938e-06	12.3964968172859	0.999839873008997	72.4544913803846	0.826963	0.242857	330	0.00824000598295827	0.218598270707496	0.731945205621418	-0.640793855898864	71.8136975244858	1.11394900951633e-11
SNP.119	4.775e-34	0.295775	754033	3.18351389528987e-06	12.1649906534422	0.999858530509991	69.5513177354085	0.576968	0.295775	330	0.00727416525153669	0.557818981096873	0.755688692190581	-0.587085199267801	68.9642325361407	6.44701069780633e-13
SNP.12	4.599e-35	0.232394	749702	3.73867800516429e-06	12.3546242416474	0.999833864138814	71.9543385262785	0.976441	0.232394	330	0.00849361932675054	0.0295311194839088	0.725955873781423	-0.646916522136932	71.3074220041416	6.7141748490872e-12
SNP.120	9.043e-36	0.248826	753570	3.54985078359795e-06	12.4847472920404	0.99984225374187	73.5449022154696	0.8423	0.248826	330	0.00810624562119973	0.198952373744307	0.735144070869481	-0.649735378657242	72.8951668368124	3.28504608368465e-11
SNP.121	2.744e-34	0.295775	754604	3.18110496764808e-06	12.2101449131712	0.999858637543163	70.1011900278171	0.576968	0.295775	330	0.00727416525153669	0.557818981096873	0.755688692190581	-0.587085199267801	69.5141048285493	1.11728737962799e-12
SNP.122	1.831e-35	0.240566	754570	3.62698856173773e-06	12.4284723389084	0.999838826489455	72.8544998172294	0.933936	0.240566	330	0.00829338411827405	0.0828937798260787	0.730676430806693	-0.653410504146741	72.2010893130827	1.64099564236228e-11
SNP.123	4.997e-34	0.294811	753942	3.18994249303344e-06	12.1612792243286	0.999858244875452	69.507168895605	0.543843	0.294811	330	0.00728797461540187	0.607011922386077	0.755338363567907	-0.564782250682266	68.9423866449227	6.30769725704275e-13
SNP.124	3.732e-35	0.240566	755662	3.62174723491513e-06	12.3714125266185	0.999839059362284	72.1463703354794	0.954105	0.240566	330	0.00829338411827405	0.0575526084964213	0.730676430806693	-0.654710770617088	71.4916595648623	8.07246187973323e-12
SNP.125	5.339e-34	0.246479	743259	3.62205085818175e-06	12.1558705626529	0.99983904587226	69.503507282198	0.790026	0.246479	330	0.00815794514788275	0.2662768509287	0.733904372633854	-0.635931623253426	68.8675756589446	5.85303124438252e-13
SNP.126	4.076e-34	0.295122	754815	3.18429973654561e-06	12.1779086210743	0.999858495593596	69.7086466863501	0.562335	0.295122	330	0.00728350668375962	0.579376733018431	0.755451674609855	-0.577377143357826	69.1312695429922	7.6190643429872e-13
SNP.127	2.446e-36	0.284038	742838	3.30985885167488e-06	12.5883937695757	0.999852916798798	74.8099188153897	0.454207	0.284038	330	0.00745057251412262	0.748419772276596	0.751237726403746	-0.485232578030396	74.3246862373593	1.37206237062546e-10
SNP.128	2.758e-36	0.260563	742633	3.49447418569189e-06	12.5789126181544	0.999844714153631	74.7171144775205	0.850263	0.260563	330	0.00786397529679675	0.18878286768722	0.741009692573872	-0.662277909002837	74.0548365685177	1.04756174802118e-10
SNP.129	3.864e-35	0.246479	754931	3.56605027320551e-06	12.3686206311901	0.999841533992202	72.1042816494934	0.790026	0.246479	330	0.00815794514788275	0.2662768509287	0.733904372633854	-0.635931623253426	71.46835002624	7.88647260103249e-12
SNP.13	1.764e-40	0.206573	753596	4.04809678854252e-06	13.3202988392613	0.999820116950909	84.3876204036737	9.70579e-07	0.206573	330	0.00924433196199543	4.89751161290009	0.708787950772982	7.88350743053723	92.271127834211	0.00853914541082632
SNP.130	7.887e-36	0.248826	756131	3.5378275126875e-06	12.4956290135363	0.999842787941176	73.6791411325971	0.8423	0.248826	330	0.00810624562119973	0.198952373744307	0.735144070869481	-0.649735378657242	73.0294057539399	3.7569956076668e-11
SNP.131	1.678e-35	0.238806	752689	3.65438117089348e-06	12.4354467571881	0.99983760943405	72.9448588479014	0.676369	0.238806	330	0.00833518942163226	0.417423047285513	0.729685804498909	-0.59051419762926	72.3543446502722	1.9127815542985e-11
SNP.132	1.476e-34	0.254717	753790	3.49414148568187e-06	12.2604925399136	0.999844728935706	70.7629994292365	0.836436	0.254717	330	0.00798136033482465	0.206454375569277	0.73815603217334	-0.654271884333346	70.1087275449032	2.0249124831802e-12
SNP.133	4.179e-35	0.246445	755062	3.56576257971795e-06	12.3623235587327	0.999841546774527	72.0263883585722	0.80846	0.246445	330	0.00815870249989999	0.242413209338429	0.733886243231376	-0.640352596497411	71.3860357620748	7.2633031057645e-12
SNP.134	2.292e-35	0.248826	754835	3.54390172023808e-06	12.4105058932034	0.999842518061346	72.6201006360845	0.8423	0.248826	330	0.00810624562119973	0.198952373744307	0.735144070869481	-0.649735378657242	71.9703652574272	1.30288247838666e-11
SNP.135	2.489e-35	0.248826	754834	3.54390641517991e-06	12.4039024155308	0.999842517852747	72.5381834893231	0.8423	0.248826	330	0.00810624562119973	0.198952373744307	0.735144070869481	-0.649735378657242	71.8884481106658	1.20040854643008e-11
SNP.136	1.246e-32	0.301435	727897	3.26211731145266e-06	11.8957025808459	0.999855038025401	66.3240937782352	0.691731	0.301435	330	0.00719541031713471	0.396507060865813	0.75769284747068	-0.649213146180728	65.6748806320544	2.40331673105003e-14
SNP.137	1.472e-32	0.3	708300	3.36150272617871e-06	11.8817794501672	0.999850622195899	66.1732811881527	0.739597	0.3	330	0.00721500721500722	0.332387070965339	0.75719315284691	-0.665916718892162	65.5073644692605	2.03263624171494e-14
SNP.138	1.337e-38	0.2277	744668	3.81819625394063e-06	12.9932096806863	0.999830331181107	80.0565957888351	2.83179e-06	0.2277	330	0.00861602596372564	4.68265782626104	0.723100052244139	7.28576069916228	87.3423564879974	6.17840268948875e-05
SNP.139	1.965e-40	0.205189	753114	4.07090848469965e-06	13.3122402938458	0.999819103463491	84.2830493077903	9.52251e-07	0.205189	330	0.00929047931074573	4.90125758824417	0.707759067740593	7.88592115513796	92.1689704629283	0.00770988724165357
SNP.14	1.817e-40	0.206573	753644	4.04783896303625e-06	13.3180885922932	0.999820128405698	84.3581561669869	9.70579e-07	0.206573	330	0.00924433196199543	4.89751161290009	0.708787950772982	7.88350743053723	92.2416635975241	0.00829121646410784
SNP.140	3.369e-35	0.246479	755077	3.5653607497001e-06	12.3796281694652	0.99984156462798	72.2403743876472	0.790026	0.246479	330	0.00815794514788275	0.2662768509287	0.733904372633854	-0.635931623253426	71.6044427643937	9.03622682747165e-12
SNP.141	6.287e-35	0.245283	750735	3.59775643696349e-06	12.3294556471052	0.999840125277927	71.6250265427015	0.852477	0.245283	330	0.00818473235970844	0.185958889965567	0.73326368749901	-0.648068962091696	70.9769575806098	4.82473840696726e-12
SNP.142	9.75e-36	0.246445	753581	3.5727703126366e-06	12.4787543709867	0.999841235418522	73.4732499338274	0.805921	0.246445	330	0.00815870249989999	0.245691567906948	0.733886243231376	-0.63976542054348	72.8334845132839	3.08853959690797e-11
SNP.15	8.346e-34	0.29108	752747	3.21892883976021e-06	12.1193088300251	0.999856956960249	69.002135848393	0.520333	0.29108	330	0.00734254250709993	0.642832179827782	0.753957207052548	-0.545344822581035	68.456791025812	3.88131904279308e-13
SNP.16	1.409e-40	0.2277	754106	3.7704096878018e-06	13.3370641632826	0.999832454312359	84.5766117211914	2.83179e-06	0.2277	330	0.00861602596372564	4.68265782626104	0.723100052244139	7.28576069916228	91.8623724203536	0.00567406345587062
SNP.17	2.219e-35	0.237981	756200	3.64607204699244e-06	12.4130971374048	0.999837978608652	72.6661166468115	0.924682	0.237981	330	0.00835502933919904	0.0945377456544596	0.729216613364726	-0.64995939957562	72.0161572472359	1.36393116251126e-11
SNP.18	2.273e-40	0.20892	751175	4.02743422759764e-06	13.3013586737567	0.999821034957437	84.1330794545725	3.88717e-07	0.20892	330	0.00916759971489592	5.07440175574266	0.710505380975129	8.52778876094256	92.660868215515	0.0126088798420518
SNP.19	1.057e-40	0.20892	754763	4.00828856994269e-06	13.3584803643015	0.999821885571737	84.8920644717171	6.65727e-07	0.20892	330	0.00916759971489592	4.97110407177315	0.710505380975129	8.15915104208155	93.0512155137987	0.0186295422437501
SNP.2	1.588e-40	0.20892	751270	4.0269249483084e-06	13.328143671706	0.999821057583972	84.4895900028576	3.88717e-07	0.20892	330	0.00916759971489592	5.07440175574266	0.710505380975129	8.52778876094256	93.0173787638001	0.0180097245248326
SNP.20	9.448e-41	0.211268	754694	3.97590432319609e-06	13.3668318882878	0.999823324360989	84.9997163255257	8.98381e-07	0.211268	330	0.00909270041603076	4.91268379640658	0.71218983194558	7.97143217022701	92.9711484957527	0.0171960824844407
SNP.21	3.372e-40	0.20892	753311	4.01601450916773e-06	13.2718395878137	0.999821542319087	83.7395665670701	6.65727e-07	0.20892	330	0.00916759971489592	4.97110407177315	0.710505380975129	8.15915104208155	91.8987176091517	0.00588408182350145
SNP.22	2.883e-42	0.206573	747937	4.07872527693976e-06	13.6240082760905	0.999818756176303	88.4821464235745	9.70579e-07	0.206573	330	0.00924433196199543	4.89751161290009	0.708787950772982	7.88350743053723	96.3656538541118	0.512441702695365
SNP.23	2.915e-35	0.246479	756448	3.55889882556541e-06	12.391240231486	0.999841851733694	72.3832871853552	0.790026	0.246479	330	0.00815794514788275	0.2662768509287	0.733904372633854	-0.635931623253426	71.7473555621018	1.04244551094536e-11
SNP.24	8.657e-39	0.206573	744981	4.09490919561504e-06	13.0264247044924	0.999818037152254	80.5225778461575	9.70579e-07	0.206573	330	0.00924433196199543	4.89751161290009	0.708787950772982	7.88350743053723	88.4060852766947	0.000178997825060912
SNP.25	2.019e-40	0.20892	750286	4.03220625990043e-06	13.3102149650257	0.999820822943065	84.2514714925688	3.88717e-07	0.20892	330	0.00916759971489592	5.07440175574266	0.710505380975129	8.52778876094256	92.7792602535114	0.0141936311453287
SNP.26	1.256e-34	0.252358	739862	3.58185923863136e-06	12.2735643095726	0.999840831594675	70.9354279543756	0.848283	0.252358	330	0.00803055012124932	0.191309651425072	0.736966740220641	-0.654251131988668	70.281176822387	2.40602440026782e-12
SNP.27	6.937e-36	0.248815	749736	3.56810950011984e-06	12.505831648888	0.999841442500018	73.8108171223757	0.782484	0.248815	330	0.00810648528539954	0.276083413344773	0.735138314321029	-0.636256889955528	73.1745602324201	4.34390657604424e-11
SNP.28	1.723e-39	0.213615	747148	3.98378965669097e-06	13.149061374345	0.999822974025669	82.1139967668007	5.40128e-07	0.213615	330	0.00901963780126467	5.01148070533971	0.713840690107715	8.33842934609035	90.4524261128911	0.00138535886237291
SNP.29	2.095e-40	0.20892	753251	4.01633440369233e-06	13.3074539392532	0.999821528106627	84.2128228132472	6.65727e-07	0.20892	330	0.00916759971489592	4.97110407177315	0.710505380975129	8.15915104208155	92.3719738553287	0.00944520263489801
SNP.3	1.692e-40	0.206573	753196	4.05024661238043e-06	13.3234096483315	0.999820021437564	84.4293116334618	9.70579e-07	0.206573	330	0.00924433196199543	4.89751161290009	0.708787950772982	7.88350743053723	92.312819063999	0.00890267829590631
SNP.30	2.13e-35	0.257426	754400	3.46717830959382e-06	12.416373411903	0.99984592692841	72.6822461233867	0.903417	0.257426	330	0.00792617974775024	0.121345982899862	0.739494743886264	-0.667121646796318	72.0151244765903	1.36252326158858e-11
SNP.31	1.42e-35	0.234742	748150	3.72034011617792e-06	12.4487795061675	0.999834678885982	73.1194351006614	0.980811	0.234742	330	0.00843446199369245	0.0240521638355836	0.727344151147279	-0.649562066293844	72.4698730343676	2.14703297605988e-11
SNP.32	6.966e-41	0.211268	753798	3.98063027135937e-06	13.3894872366123	0.999823114393104	85.3033246866737	8.63124e-07	0.211268	330	0.00909270041603076	4.92052494070551	0.71218983194558	7.99888837326302	93.3022130599367	0.0239446797553541
SNP.33	8.2e-41	0.212264	754443	3.96357000849056e-06	13.3773679735528	0.999823872359366	85.1390767818632	1.25038e-06	0.212264	330	0.00906147772095649	4.8474825928559	0.712894377092497	7.75187466789656	92.8909514497598	0.0158708572382473
SNP.34	3.9e-39	0.2277	745306	3.81492778540554e-06	13.0871436622465	0.999830476397107	81.2808879868494	2.83179e-06	0.2277	330	0.00861602596372564	4.68265782626104	0.723100052244139	7.28576069916228	88.5666486860116	0.000210174274385685
SNP.35	9.78e-36	0.247642	756004	3.54974425433668e-06	12.4785097257423	0.99984225847501	73.4670448773663	0.885983	0.247642	330	0.0081321844098653	0.143388961927982	0.734521563951989	-0.655559804352314	72.811485073014	3.02133539237621e-11
SNP.36	1.05e-35	0.248826	755211	3.54213730334425e-06	12.4728516860568	0.999842596455183	73.3954219461695	0.8423	0.248826	330	0.00810624562119973	0.198952373744307	0.735144070869481	-0.649735378657242	72.7456865675123	2.82893526964929e-11
SNP.37	1.598e-40	0.20283	752730	4.10816276574657e-06	13.3276752767483	0.99981744831939	84.4930124722821	4.00736e-07	0.20283	330	0.00937071926866792	5.06860779974964	0.705977163876553	8.45650485541756	92.9495173276996	0.0168281053699243
SNP.38	1.184e-35	0.238095	755930	3.64617344849925e-06	12.4632792156582	0.999837974103379	73.2902032028812	0.948565	0.238095	330	0.00835227846946678	0.0645089259959594	0.729281632222635	-0.6518206990356	72.6383825038456	2.54109819389309e-11
SNP.39	3.057e-40	0.20892	753019	4.01757180883305e-06	13.2791858005337	0.999821473130475	83.8372616170286	5.86103e-07	0.20892	330	0.00916759971489592	4.9957409284122	0.710505380975129	8.24638395531997	92.0836455723486	0.00707932576289234
SNP.4	2.144e-40	0.206573	752736	4.05272173439093e-06	13.3057261284166	0.999819911471747	84.1942012521117	9.70579e-07	0.206573	330	0.00924433196199543	4.89751161290009	0.708787950772982	7.88350743053723	92.077708682649	0.00703742110145018
SNP.40	1.695e-35	0.253521	754787	3.50037085342887e-06	12.4346412779499	0.999844452160964	72.9138478150285	0.847796	0.253521	330	0.00800616489499096	0.191931324714733	0.73755583756431	-0.655273561273451	72.2585742537551	1.73809223890118e-11
SNP.41	6.297e-35	0.245283	748526	3.6083738957682e-06	12.3293275738881	0.999839653541965	71.6248850331853	0.724724	0.245283	330	0.00818473235970844	0.352152363389458	0.73326368749901	-0.615280864288011	71.0096041688973	4.98484896686904e-12
SNP.42	1.434e-36	0.252358	751245	3.52758626015784e-06	12.6304804461809	0.999843242965058	75.371607751597	0.983852	0.252358	330	0.00803055012124932	0.0202398984953068	0.736966740220641	-0.667586445381402	74.7040213062156	2.00501202203157e-10
SNP.43	1.858e-36	0.255869	750369	3.49967771031766e-06	12.6100818317232	0.999844482957743	75.1103395772421	0.767367	0.255869	330	0.00795772625397986	0.295820718097631	0.738728814238389	-0.638775151266398	74.4715644259757	1.58914029736942e-10
SNP.44	3.539e-36	0.246377	746168	3.6089351421274e-06	12.5591983918768	0.999839628605681	74.4850750464166	0.886644	0.246377	330	0.00816021793069976	0.142552010949139	0.733849969718284	-0.654391242353604	73.830683804063	8.37204054589468e-11
SNP.45	3.277e-39	0.2277	745620	3.81332121996387e-06	13.1003599104297	0.999830547775813	81.4537044773115	2.83179e-06	0.2277	330	0.00861602596372564	4.68265782626104	0.723100052244139	7.28576069916228	88.7394651764738	0.000249823221827038
SNP.46	1.258e-40	0.20283	748365	4.13212450964491e-06	13.3455139199093	0.999816383742915	84.7336883450932	4.68448e-07	0.20283	330	0.00937071926866792	5.03880477655692	0.705977163876553	8.35017359254207	93.0838619376353	0.0192477666770683
SNP.47	9.471e-36	0.253521	755006	3.4993555221376e-06	12.4810660749909	0.999844497272764	73.4919696651658	0.847796	0.253521	330	0.00800616489499096	0.191931324714733	0.73755583756431	-0.655273561273451	72.8366961038923	3.09847466682041e-11
SNP.48	3.969e-40	0.206573	752973	4.05144613081544e-06	13.259620342945	0.999819968144824	83.5817510665563	9.70579e-07	0.206573	330	0.00924433196199543	4.89751161290009	0.708787950772982	7.88350743053723	91.4652584970936	0.00381443134777245
SNP.49	9.218e-41	0.206573	752102	4.05613806034087e-06	13.3686653550227	0.999819759689744	85.0338905335719	9.70579e-07	0.206573	330	0.00924433196199543	4.89751161290009	0.708787950772982	7.88350743053723	92.9173979641091	0.0162961855273817
SNP.5	2.905e-39	0.230047	745082	3.78865572821866e-06	13.1095019102837	0.999831643649601	81.5703395416268	2.23753e-06	0.230047	330	0.00855411874937157	4.73069452798271	0.724541571493003	7.46276916302622	89.033108704653	0.0003350893066217
SNP.50	5.117e-35	0.231132	750335	3.74975537210379e-06	12.3460379902706	0.99983337197521	71.8497546059087	0.942719	0.231132	330	0.00852597787008332	0.0718528666574627	0.725198738109574	-0.643981522793206	71.2057730831155	6.0652273038308e-12
SNP.51	1.195e-35	0.248826	755506	3.54075421637407e-06	12.4625418898436	0.999842657906369	73.266712296952	0.8423	0.248826	330	0.00810624562119973	0.198952373744307	0.735144070869481	-0.649735378657242	72.6169769182948	2.48728253183142e-11
SNP.52	3.013e-35	0.234742	752501	3.69882891573368e-06	12.3885884685104	0.999835634624163	72.3692396050557	0.980811	0.234742	330	0.00843446199369245	0.0240521638355836	0.727344151147279	-0.649562066293844	71.7196775387618	1.01398831588481e-11
SNP.53	7.675e-41	0.209906	755148	3.99240243075279e-06	13.3822859958267	0.999822591371373	85.2083761486655	5.64893e-07	0.209906	330	0.00913592336599426	5.00284861753457	0.71121679426577	8.27930322433287	93.4876793729983	0.0288241181539952
SNP.54	1.775e-35	0.247642	755088	3.55405046200648e-06	12.4309554672907	0.999842067148414	72.8754540367898	0.896203	0.247642	330	0.0081321844098653	0.130459366720968	0.734521563951989	-0.656860182245364	72.2185938545445	1.66997339988494e-11
SNP.55	8.217e-41	0.209524	754978	3.9986486226658e-06	13.3772140081202	0.999822313861412	85.1412829399817	1.17998e-06	0.209524	330	0.00914815678740298	4.85897001642894	0.710941877315135	7.77195923647166	92.9132421764534	0.0162286025682115
SNP.56	3.093e-40	0.215962	752862	3.92229427750385e-06	13.2783090497131	0.999825706193515	83.8139963652262	1.97817e-06	0.215962	330	0.00894832216469727	4.75564174954184	0.71545947291451	7.46202187742257	91.2760182426488	0.00315677627975176
SNP.57	7.818e-36	0.248826	756172	3.53763569002279e-06	12.4963277856794	0.999842796463947	73.6878451601966	0.8423	0.248826	330	0.00810624562119973	0.198952373744307	0.735144070869481	-0.649735378657242	73.0381097815394	3.78983933010698e-11
SNP.58	5.524e-41	0.218447	754444	3.88184755483997e-06	13.406703704184	0.999827503202286	85.5217839013703	2.6139e-06	0.218447	330	0.00887465635352631	4.69903785915035	0.717139328841482	7.28616085516764	92.8079447565379	0.0146066639006188
SNP.59	1.519e-40	0.206573	752203	4.05559343349932e-06	13.3314578422828	0.999819783886657	84.5371924976869	9.70579e-07	0.206573	330	0.00924433196199543	4.89751161290009	0.708787950772982	7.88350743053723	92.4206999282241	0.00991682716418758
SNP.6	1.14e-40	0.2277	754096	3.77045968686939e-06	13.3528515399386	0.999832452090923	84.7872647296745	2.83179e-06	0.2277	330	0.00861602596372564	4.68265782626104	0.723100052244139	7.28576069916228	92.0730254288367	0.00700454012732006
SNP.60	4.165e-40	0.199531	746073	4.19598362131604e-06	13.2560049335993	0.999813546610402	83.550786813682	5.47339e-08	0.199531	330	0.00948639420698824	5.43520359489614	0.703424082577095	9.78235347904764	93.3331402927296	0.0246967928808242
SNP.61	2.59e-36	0.259434	742377	3.50553925702709e-06	12.583876945464	0.999844222525645	74.7811044916465	0.922792	0.259434	330	0.00788615671822424	0.0969173882323209	0.740468767032506	-0.670961508469044	74.1101429831774	1.10713072227947e-10
SNP.62	2.59e-39	0.213615	735410	4.04737557881636e-06	13.11820411458	0.999820148993145	81.7164736659107	3.91128e-06	0.213615	330	0.00901963780126467	4.61604190642427	0.713840690107715	6.97959933592406	88.6960730018348	0.000239214677363498
SNP.63	1.564e-40	0.213615	746834	3.98546460715144e-06	13.3292798961448	0.999822899609786	84.4997216831479	6.71776e-07	0.213615	330	0.00901963780126467	4.96935033300501	0.713840690107715	8.18834572304247	92.6880674061904	0.0129565377431199
SNP.64	3.786e-39	0.2277	745089	3.81603884640554e-06	13.0893973035191	0.999830427033361	81.3105205985806	2.83179e-06	0.2277	330	0.00861602596372564	4.68265782626104	0.723100052244139	7.28576069916228	88.5962812977429	0.000216495481448562
SNP.65	4.148e-41	0.20892	753609	4.01442645445537e-06	13.4279382291881	0.999821612874113	85.8229028421035	6.65727e-07	0.20892	330	0.00916759971489592	4.97110407177315	0.710505380975129	8.15915104208155	93.982053884185	0.0472563475111494
SNP.66	2.777e-35	0.239437	755717	3.63315859458659e-06	12.3951285640409	0.999838552354236	72.4415388936574	0.903318	0.239437	330	0.00832012034431877	0.121470978834395	0.730042574416733	-0.649359546098868	71.7921793475585	1.09023491471034e-11
SNP.67	3.719e-35	0.246479	756135	3.56037202192903e-06	12.3716927745637	0.999841786279012	72.1415011671305	0.790026	0.246479	330	0.00815794514788275	0.2662768509287	0.733904372633854	-0.635931623253426	71.505569543877	8.18553424905147e-12
SNP.68	3.821e-35	0.244076	756122	3.58405708720325e-06	12.3695195663697	0.999840733943619	72.1178556769857	0.926123	0.244076	330	0.00821207397845544	0.0927237858993822	0.732610894848188	-0.656375794871987	71.4614798821137	7.8324770884692e-12
SNP.69	8.845e-35	0.246479	747439	3.6017947936906e-06	12.3019167195574	0.999839945852822	71.286467227764	0.790026	0.246479	330	0.00815794514788275	0.2662768509287	0.733904372633854	-0.635931623253426	70.6505356045106	3.48105197944629e-12
SNP.7	3.845e-36	0.232057	755662	3.71294709809327e-06	12.5526347072786	0.999835007356038	74.416515380531	0.849898	0.232057	330	0.00850222130314957	0.189248572593946	0.725754447721273	-0.633869243021324	73.7826461375097	7.97937414989302e-11
SNP.70	9.905e-35	0.246479	747644	3.60080720075505e-06	12.2927722038319	0.999839989731794	71.1738981876963	0.790026	0.246479	330	0.00815794514788275	0.2662768509287	0.733904372633854	-0.635931623253426	70.5379665644429	3.11044406129822e-12
SNP.71	3.056e-34	0.260563	750922	3.45590067669202e-06	12.2013800855971	0.99984642800235	70.0347360522735	0.700333	0.260563	330	0.00786397529679675	0.384870990070496	0.741009692573872	-0.620601038595757	69.4141350136777	1.01099394430829e-12
SNP.72	3.622e-35	0.245283	755741	3.57392503344901e-06	12.3738151067489	0.999841184113894	72.1696094067362	0.740636	0.245283	330	0.00818473235970844	0.331011233930074	0.73326368749901	-0.620576073031893	71.5490333337043	8.5491534832756e-12
SNP.73	1.001e-38	0.204762	745134	4.12087211110529e-06	13.0153367784517	0.999816883666128	80.3812914156803	4.34437e-06	0.204762	330	0.00930485430192826	4.59418828157002	0.707439178510428	6.85126449565909	87.2325559113394	5.53592791402395e-05
SNP.74	2.199e-35	0.235577	755147	3.67681577584517e-06	12.413821857604	0.999836612665302	72.6792038743563	0.852787	0.235577	330	0.0084137466747944	0.185563600912751	0.727831544868854	-0.638136020910657	72.0410678534456	1.39833423629241e-11
SNP.75	1.279e-40	0.205189	751533	4.07947245503004e-06	13.3442801954867	0.999818722980426	84.7110248843435	2.12036e-06	0.205189	330	0.00929047931074573	4.74160090928506	0.707759067740593	7.34110706413863	92.0521319484821	0.00685970918563395
SNP.76	2.692e-39	0.2277	745365	3.81462581155469e-06	13.1152761132611	0.999830489813617	81.6493562321866	2.83179e-06	0.2277	330	0.00861602596372564	4.68265782626104	0.723100052244139	7.28576069916228	88.9351169313488	0.000303810851857412
SNP.77	1.259e-40	0.206311	751001	4.06590047341064e-06	13.3454547082379	0.9998193259613	84.7250835360481	1.65636e-05	0.206311	330	0.0092530161255511	4.30679631403121	0.708594103660428	5.95515783843973	90.6802413744879	0.00173980749853492
SNP.78	2.443e-40	0.206573	748707	4.074530553953e-06	13.2959652628246	0.999818942540898	84.0669941608459	4.32737e-07	0.206573	330	0.00924433196199543	5.05396232778287	0.708787950772982	8.43526880191332	92.5022629627592	0.0107595750703596
SNP.79	1.252e-35	0.248826	754183	3.54696546460993e-06	12.4588260739904	0.999842381937832	73.2212727584703	0.8423	0.248826	330	0.00810624562119973	0.198952373744307	0.735144070869481	-0.649735378657242	72.5715373798131	2.376790916343e-11
SNP.8	2.504e-40	0.205189	753013	4.07145450682271e-06	13.2941205574653	0.999819079204621	84.0421076941948	1.10853e-06	0.205189	330	0.00929047931074573	4.87132379222162	0.707759067740593	7.78240061313956	91.8245083073343	0.00546323664869968
SNP.80	1.015e-35	0.240566	756584	3.61733364574249e-06	12.475552280018	0.999839255458706	73.4393461767936	0.953966	0.240566	330	0.00829338411827405	0.0577271087969195	0.730676430806693	-0.654703421347392	72.7846427554462	2.94131452564887e-11
SNP.81	2.869e-39	0.2277	745910	3.81183865081506e-06	13.1104476429137	0.999830613645451	81.5856971451553	2.83179e-06	0.2277	330	0.00861602596372564	4.68265782626104	0.723100052244139	7.28576069916228	88.8714578443175	0.000285073266563584
SNP.82	6.032e-36	0.247642	756117	3.5492137529715e-06	12.5169346843861	0.999842282045412	73.9471207136467	0.769676	0.247642	330	0.0081321844098653	0.292798728755071	0.734521563951989	-0.631625161683176	73.3154955519635	5.00135759964494e-11
SNP.83	3.139e-36	0.262911	741230	3.48087420749322e-06	12.5686853908343	0.999845318409763	74.5866376529813	0.861452	0.262911	330	0.00781857087521272	0.17452612632259	0.742119412310266	-0.666327075382422	73.9203105775989	9.15705317501826e-11
SNP.84	1.324e-36	0.254717	754118	3.49262172563463e-06	12.6367588814193	0.999844796459628	75.4460588979063	0.758146	0.254717	330	0.00798136033482465	0.307916329436055	0.73815603217334	-0.635010050809694	74.8110488470966	2.23150801681219e-10
SNP.85	1.851e-40	0.2277	754107	3.77040468796797e-06	13.3167042052195	0.9998324545345	84.3053217358361	2.83179e-06	0.2277	330	0.00861602596372564	4.68265782626104	0.723100052244139	7.28576069916228	91.5910824349984	0.00432587976941178
SNP.86	3.613e-35	0.239437	755214	3.63557841039122e-06	12.3740148791707	0.999838444841602	72.1804217876508	0.903318	0.239437	330	0.00832012034431877	0.121470978834395	0.730042574416733	-0.649359546098868	71.5310622415519	8.39688814337836e-12
SNP.87	1.478e-35	0.242925	753947	3.6059364638949e-06	12.4455836493815	0.999839761837544	73.0644416708304	0.754667	0.242925	330	0.00823843933073991	0.312491528805933	0.731982510819895	-0.622612125409842	72.4418295454205	2.08765909698918e-11
SNP.88	5.926e-34	0.29108	754841	3.20999922810628e-06	12.1473434149631	0.999857353718504	69.3408804499556	0.520333	0.29108	330	0.00734254250709993	0.642832179827782	0.753957207052548	-0.545344822581035	68.7955356273746	5.44620838241026e-13
SNP.89	5.218e-35	0.246479	752966	3.57535652181016e-06	12.3444649115046	0.9998411205124	71.8071191942909	0.790026	0.246479	330	0.00815794514788275	0.2662768509287	0.733904372633854	-0.635931623253426	71.1711875710375	5.85904433530069e-12
SNP.9	1.927e-40	0.211268	752921	3.98526689691236e-06	13.3136989834008	0.999822908393796	84.2921734560606	1.17392e-06	0.211268	330	0.00909270041603076	4.85998946441357	0.71218983194558	7.78805593369329	92.0802293897539	0.00705518275537951
SNP.90	4.466e-34	0.29108	753457	3.21589556848364e-06	12.1704524657936	0.999857091733759	69.6227190168896	0.600389	0.29108	330	0.00734254250709993	0.523841192551641	0.753957207052548	-0.59767835563107	69.0250406612585	6.8512059699886e-13
SNP.91	4.339e-40	0.204762	747352	4.10864213869278e-06	13.2529343818624	0.999817427021704	83.499920989499	2.44853e-06	0.204762	330	0.00930485430192826	4.71236940296832	0.707439178510428	7.24030631918388	90.7402273086829	0.0018473652010366
SNP.92	1.74e-40	0.207547	752984	4.0373303096948e-06	13.3213215182909	0.999820595289173	84.3999519565607	9.31276e-07	0.207547	330	0.00921225795731888	4.90563070483702	0.709504823979499	7.91910806493348	92.3190600214942	0.00895841327164725
SNP.93	1.992e-40	0.203791	752466	4.09516156378372e-06	13.311220804384	0.999818025939973	84.2723545829454	3.26326e-06	0.203791	330	0.00933778739773964	4.6535136438558	0.706707401457094	7.03864898644019	91.3110035693856	0.00326917176181253
SNP.94	6.02e-36	0.242857	756488	3.59450774417602e-06	12.5170927809742	0.99984026961813	73.9552811176648	0.807636	0.242857	330	0.00824000598295827	0.243476871469238	0.731945205621418	-0.636586714278811	73.318694403386	5.01738181539576e-11
SNP.95	2.571e-35	0.271226	742847	3.40522992461821e-06	12.4013056087052	0.9998486793492	72.4864996899824	0.798435	0.271226	330	0.0076653479812511	0.255373029091671	0.745888958880388	-0.66067025143341	71.825829438549	1.12754565305993e-11
SNP.96	2.81e-41	0.201923	750001	4.13692432838324e-06	13.4567517591474	0.999816170496016	86.2246887279219	1.05503e-05	0.201923	330	0.00940211328245988	4.40557631393069	0.705282430689967	6.23358066332366	92.4582693912456	0.0102964841349042
SNP.97	9.059e-41	0.2277	753195	3.77497005161938e-06	13.3699596325097	0.999832251697475	85.016394344114	2.83179e-06	0.2277	330	0.00861602596372564	4.68265782626104	0.723100052244139	7.28576069916228	92.3021550432762	0.00880824436768192
SNP.98	2.04e-36	0.248826	753395	3.55067534957879e-06	12.6027147861164	0.999842217106056	75.0245345068137	0.87327	0.248826	330	0.00810624562119973	0.159506293884439	0.735144070869481	-0.654932769765037	74.3696017370486	1.43509419417773e-10
SNP.99	8.853e-36	0.253521	755507	3.49703499153154e-06	12.4864373134875	0.999844600375395	73.5586888594649	0.847796	0.253521	330	0.00800616489499096	0.191931324714733	0.73755583756431	-0.655273561273451	72.9034152981915	3.31225471986061e-11
