snp	pvalues.df1	MAF.df1	N.df1	V.df1	z.df1	r.df1	lABF.df1	pvalues.df2	MAF.df2	N.df2	V.df2	z.df2	r.df2	lABF.df2	internal.sum.lABF	SNP.PP.H4
SNP.1	4.74e-35	0.242857	754748	3.60279454119286e-06	12.3521954278317	0.999839901433824	71.9062918387659	9.81039e-10	0.242857	581	0.00468020993868542	6.11246488370218	0.827808175534947	14.5848053820156	86.4910972207815	4.29651151649668e-08
SNP.10	3.308e-40	0.184416	753048	4.41448504341764e-06	13.273275278548	0.999803839151365	83.804350727431	1.12178e-09	0.184416	581	0.00572171967809908	6.09104216136623	0.797258291012673	13.9915468137995	97.7958975412305	0.00348922020289696
SNP.100	7.812e-34	0.298177	753602	3.17048880703725e-06	12.124727092797	0.999859109239358	69.0603845744514	1.09025e-15	0.298177	581	0.00411236954554369	8.01624717522533	0.845471500066693	26.2314034138299	95.2917879882813	0.000285238022881747
SNP.101	1.524e-35	0.240885	755070	3.62130795440764e-06	12.4431364009181	0.999839078879579	73.036065780998	4.19165e-11	0.240885	581	0.00470626677647947	6.59713996962374	0.827015341165876	17.1195104227714	90.1555762037694	1.67717732254718e-06
SNP.102	5.477e-34	0.28961	753421	3.22568452188536e-06	12.1537849880503	0.999856656793692	69.4215234540536	6.09928e-15	0.28961	581	0.00418295775931737	7.80187758305267	0.843234854357301	24.7370518143575	94.1585752684112	9.18458179979804e-05
SNP.103	8.321e-36	0.232468	756785	3.70286448623317e-06	12.4913684123061	0.999835455324462	73.6481408801877	5.35447e-10	0.232468	581	0.00482318812429255	6.20834734544543	0.823476378292607	15.0027122103199	88.6508530905075	3.72465486905506e-07
SNP.104	2.186e-35	0.240885	754957	3.62184998236267e-06	12.4142964463408	0.999839054797201	72.6777528103654	1.63486e-10	0.240885	581	0.00470626677647947	6.39222788467712	0.827015341165876	16.0188859674171	88.6966387777824	3.89915507493363e-07
SNP.105	2.003e-35	0.248656	754814	3.54562084459528e-06	12.4212921374757	0.999842441679888	72.754237023046	1.29822e-10	0.248656	581	0.00460634122580438	6.42738000582468	0.830064072925516	16.2593102606904	89.0135472837364	5.35306015068217e-07
SNP.106	3.356e-34	0.298177	754694	3.16590128709236e-06	12.1937534990881	0.999859313071726	69.8988662441343	6.90454e-16	0.298177	581	0.00411236954554369	8.07219515119986	0.845471500066693	26.6119145352116	96.5107807793459	0.000965182102491069
SNP.107	3.045e-36	0.229167	748923	3.77937910494745e-06	12.5710891113273	0.999832055805326	74.6569310161951	1.01542e-10	0.229167	581	0.00487171073565329	6.46463739579858	0.822016578258384	16.313635547705	90.9705665639001	3.78900167965794e-06
SNP.108	1.007e-33	0.298177	745810	3.2036131266152e-06	12.1039084349628	0.99985763746435	68.8133044748809	1.21027e-15	0.298177	581	0.00411236954554369	8.00340302675484	0.845471500066693	26.1444218277114	94.9577263025922	0.000204233166467308
SNP.109	1.929e-35	0.240157	754563	3.63124357963907e-06	12.4243031331604	0.999838637438539	72.8032715477934	6.53972e-11	0.240157	581	0.00471601041167504	6.5308506199744	0.826719260452223	16.7541978938675	89.5574694416609	9.22198720268727e-07
SNP.11	4.921e-34	0.29765	753790	3.17292757482458e-06	12.1625310338521	0.99985900088023	69.5197733197669	1.8278e-15	0.29765	581	0.00411655951226682	7.95250327415306	0.845338406326722	25.7973181583707	95.3170914781377	0.000292547629575887
SNP.110	1.07e-35	0.250653	755611	3.52302603649896e-06	12.4713483744681	0.999843445578169	73.37403689689	9.10222e-12	0.250653	581	0.00458181966689332	6.82002889648393	0.830815664410673	18.43339577952	91.8074326764101	8.74925617202668e-06
SNP.111	2.845e-35	0.239583	754166	3.63911046596655e-06	12.3931891540532	0.999838287912097	72.4183034127867	6.89592e-11	0.239583	581	0.00472374076364222	6.52290357191749	0.826484508332122	16.7069992252204	89.1253026380071	5.98600199337093e-07
SNP.112	2.044e-35	0.241558	754864	3.61540946227978e-06	12.4196711259297	0.999839340950488	72.7436116793556	7.57931e-11	0.241558	581	0.00469731918818306	6.50872147939251	0.827287419187109	16.6453135756168	89.3889252549724	7.79160100574702e-07
SNP.113	4.204e-39	0.198701	743271	4.2250140977531e-06	13.081439958072	0.999812256849764	81.255754126491	3.53099e-10	0.198701	581	0.00540504380972641	6.27346558638272	0.806305847552819	15.0458983727323	96.3016524992233	0.000783043704104127
SNP.114	1.027e-35	0.231771	756735	3.71087556184967e-06	12.4746160773187	0.999835099393946	73.440108721517	3.09871e-10	0.231771	581	0.00483330364594889	6.29375789702801	0.823171625773628	15.4371976945448	88.8773064160619	4.67125382422833e-07
SNP.115	6.388e-35	0.239529	755744	3.63207274195982e-06	12.3281713081942	0.999838600598774	71.6138245982985	1.09537e-10	0.239529	581	0.00472447019328688	6.45316635851412	0.826462364198666	16.33265285636	87.9464774546585	1.8415333354741e-07
SNP.116	1.224e-35	0.243421	755455	3.5937600749453e-06	12.4606298954055	0.99984030283726	73.2501351871633	1.62678e-10	0.243421	581	0.00467284684581378	6.39298521223356	0.828032488744047	16.0407266661469	89.2908618533101	7.06379863957485e-07
SNP.117	1.103e-33	0.260989	753448	3.44067469810647e-06	12.0964334552494	0.999847104505136	68.7577870961731	8.22939e-10	0.260989	581	0.00446190958681398	6.14043867666988	0.834510624240201	14.8331820378807	83.5909691340538	2.36377619872153e-09
SNP.118	2.73e-35	0.236911	754614	3.66509070374491e-06	12.3964968172859	0.999837133609615	72.4627623841364	3.89622e-10	0.236911	581	0.00476029045837481	6.25812959369998	0.825376385272066	15.2900359440274	87.7527983281638	1.5172802646733e-07
SNP.119	4.775e-34	0.298177	754033	3.16867657776369e-06	12.1649906534422	0.999859189760193	69.5490310613663	9.89807e-16	0.298177	581	0.00411236954554369	8.02811621218958	0.845471500066693	26.3119054655208	95.8609365268871	0.000503947722917635
SNP.12	4.599e-35	0.224675	749702	3.82862469912561e-06	12.3546242416474	0.999829867852134	71.9659183266788	2.10435e-10	0.224675	581	0.00494032288155572	6.35352570782762	0.81996119714479	15.6925138342241	87.6584321609029	1.38064842959761e-07
SNP.120	9.043e-36	0.239583	753570	3.64198864561505e-06	12.4847472920404	0.999838160034387	73.5573932743481	1.98949e-10	0.239583	581	0.00472374076364222	6.36215000393857	0.826484508332122	15.85104296699	89.4084362413381	7.9451155670484e-07
SNP.121	2.744e-34	0.298956	754604	3.16153759558316e-06	12.2101449131712	0.999859506959042	70.0981702119653	5.60189e-16	0.298956	581	0.00410621155899731	8.09767627287681	0.845667183774282	26.7918750066594	96.8900452186248	0.00141033314718002
SNP.122	1.831e-35	0.231771	754570	3.72152274579735e-06	12.4284723389084	0.999834626342046	72.8670384339574	5.00117e-10	0.231771	581	0.00483330364594889	6.21906785791492	0.823171625773628	15.0525364076026	87.9195748415599	1.79265174602382e-07
SNP.123	4.997e-34	0.298177	753942	3.16905903366689e-06	12.1612792243286	0.99985917276694	69.5039538854906	1.51758e-15	0.298177	581	0.00411236954554369	7.9755058237001	0.845471500066693	25.9559802377825	95.4599341232731	0.000337467812268394
SNP.124	3.732e-35	0.229765	755662	3.73882637826274e-06	12.3714125266185	0.999833857546645	72.1618772547004	1.98764e-09	0.229765	581	0.00486280381867604	5.99881389218661	0.822284154398059	13.9314787629819	86.0933560176822	2.88655057072869e-08
SNP.125	5.339e-34	0.24026	743259	3.68538923091955e-06	12.1558705626529	0.999836231747504	69.5119658325663	9.16558e-11	0.24026	581	0.00471462773560075	6.48010995371908	0.82676126304556	16.4820648156795	85.9940306482457	2.61362159983068e-08
SNP.126	4.076e-34	0.297872	754815	3.16725848557787e-06	12.1779086210743	0.999859252768768	69.7060202004551	4.16201e-16	0.297872	581	0.00411479210635363	8.13375274956993	0.845394542632128	27.0313386676571	96.7373588681122	0.00121062844469991
SNP.127	2.446e-36	0.284031	742838	3.30990806264506e-06	12.5883937695757	0.999852914612287	74.809926074994	2.18812e-11	0.284031	581	0.00423188551710693	6.69288573396526	0.84169146937283	17.9300619038515	92.7399879788455	2.22318065344216e-05
SNP.128	2.758e-36	0.245455	742633	3.63528723656261e-06	12.5789126181544	0.999838457778481	74.7363689840964	1.22662e-11	0.245455	581	0.0046466166374358	6.77704110276087	0.828832568732414	18.1508731407494	92.8872421248458	2.57588468805528e-05
SNP.129	3.864e-35	0.24026	754931	3.62840937037165e-06	12.3686206311901	0.999838763362762	72.1127362071631	9.16558e-11	0.24026	581	0.00471462773560075	6.48010995371908	0.82676126304556	16.4820648156795	88.5948010228425	3.52162357888577e-07
SNP.13	1.764e-40	0.184416	753596	4.41127491782807e-06	13.3202988392613	0.999803981767666	84.4291393502601	1.12178e-09	0.184416	581	0.00572171967809908	6.09104216136623	0.797258291012673	13.9915468137995	98.4206861640596	0.00651734377535553
SNP.130	7.887e-36	0.242188	756131	3.60295519767787e-06	12.4956290135363	0.999839894295822	73.6880345551678	6.98207e-11	0.242188	581	0.00468899503713488	6.52104184723567	0.827540700539662	16.7163678943451	90.4044024495129	2.15101206856792e-06
SNP.131	1.678e-35	0.235849	752689	3.68588015499924e-06	12.4354467571881	0.999836209935802	72.9490412268869	1.56795e-10	0.235849	581	0.00477507994489884	6.39861269265716	0.824928837805592	16.0159376678569	88.9649788947439	5.09928329352049e-07
SNP.132	1.476e-34	0.250653	753790	3.53153693530694e-06	12.2604925399136	0.999843067434571	70.7681964521177	1.49588e-11	0.250653	581	0.00458181966689332	6.74829942828021	0.830815664410673	18.0291005325574	88.7972969846751	4.31207009427364e-07
SNP.133	4.179e-35	0.242063	755062	3.6093240091125e-06	12.3623235587327	0.999839611328248	72.0323107771138	2.95181e-10	0.242063	581	0.00469064269357745	6.30128869483758	0.827490554510306	15.5496173092803	87.581928086394	1.27896248521144e-07
SNP.134	2.292e-35	0.240885	754835	3.62243536287344e-06	12.4105058932034	0.999839028788664	72.6307893065196	7.74754e-11	0.240885	581	0.00470626677647947	6.50542234180809	0.827015341165876	16.6225833962494	89.253372702769	6.80388523561478e-07
SNP.135	2.489e-35	0.241514	754834	3.61600207113096e-06	12.4039024155308	0.999839314620779	72.5480051626774	8.21785e-11	0.241514	581	0.00469790242230648	6.4965578949065	0.827269678765614	16.579555926303	89.1275610889804	5.99953636300139e-07
SNP.136	1.246e-32	0.301333	727897	3.26274511974465e-06	11.8957025808459	0.9998550101309	66.3241880085011	8.46054e-16	0.301333	581	0.00408768052397035	8.04735082224819	0.846256595407596	26.4654921790711	92.7896801875722	2.33644631451646e-05
SNP.137	1.472e-32	0.3	708300	3.36150272617871e-06	11.8817794501672	0.999850622195899	66.1732811881527	1.13114e-15	0.3	581	0.0040980247520695	8.01172126784518	0.845927478063925	26.2138942157451	92.3871754038978	1.56224880099143e-05
SNP.138	1.337e-38	0.196615	744668	4.25076353444225e-06	12.9932096806863	0.999811112861339	80.1086241738154	4.13656e-10	0.196615	581	0.00544820581698113	6.24878570351682	0.805060623474053	14.9001976773085	95.0088218511239	0.000214939772839847
SNP.139	1.965e-40	0.181462	753114	4.46976555232853e-06	13.3122402938458	0.999801383209696	84.3282051763461	1.6371e-09	0.181462	581	0.0057938778213018	6.03024628260529	0.79522503568105	13.6658081812162	97.9940133575623	0.00425372083291032
SNP.14	1.817e-40	0.184416	753644	4.41099396130741e-06	13.3180885922932	0.999803994249728	84.3996756801905	1.12178e-09	0.184416	581	0.00572171967809908	6.09104216136623	0.797258291012673	13.9915468137995	98.39122249399	0.00632812020768584
SNP.140	3.369e-35	0.24026	755077	3.62770778925068e-06	12.3796281694652	0.999838794534092	72.2488286092386	9.16558e-11	0.24026	581	0.00471462773560075	6.48010995371908	0.82676126304556	16.4820648156795	88.7308934249181	4.03503319860336e-07
SNP.141	6.287e-35	0.24026	750735	3.64868923705973e-06	12.3294556471052	0.999837862326797	71.6318821846132	9.16558e-11	0.24026	581	0.00471462773560075	6.48010995371908	0.82676126304556	16.4820648156795	88.1139470002926	2.17726195777449e-07
SNP.142	9.75e-36	0.240885	753581	3.62846329344102e-06	12.4787543709867	0.999838760966954	73.4807900018107	1.06088e-10	0.240885	581	0.00470626677647947	6.45801104638103	0.827015341165876	16.3684361359649	89.8492261377756	1.23461866511119e-06
SNP.15	8.346e-34	0.284595	752747	3.26243399666789e-06	12.1193088300251	0.999855023954583	69.0087053719815	9.15332e-15	0.284595	581	0.00422682857777928	7.7504975299539	0.841850724432996	24.3629677734959	93.3716731454775	4.18130778119241e-05
SNP.16	1.409e-40	0.197403	754106	4.18491197504818e-06	13.3370641632826	0.999814038500331	84.6271156364863	3.82774e-10	0.197403	581	0.00543178524932131	6.26089508233926	0.805533903370774	14.9692353778063	99.5963510142926	0.0211181264837029
SNP.17	2.219e-35	0.227394	756200	3.76353755053156e-06	12.4130971374048	0.999832759638438	72.6815664126244	1.78096e-09	0.227394	581	0.00489842873616518	6.01662044331759	0.821214976109218	14.0030911482202	86.6846575608446	5.21408573323546e-08
SNP.18	2.273e-40	0.186198	751175	4.39273610864396e-06	13.3013586737567	0.999804805392434	84.1750470147081	2.49164e-09	0.186198	581	0.00567936927093052	5.96200337524266	0.798456480117556	13.3898861470541	97.5649331617623	0.00276963043467875
SNP.19	1.057e-40	0.186198	754763	4.37185387520404e-06	13.3584803643015	0.999805733130274	84.9340265941002	6.22813e-10	0.186198	581	0.00567936927093052	6.18454638164223	0.798456480117556	14.4690518599472	99.4030784540475	0.0174067695733953
SNP.2	1.588e-40	0.186198	751270	4.39218063600387e-06	13.328143671706	0.99980483007047	84.5315519581925	2.918e-09	0.186198	581	0.00567936927093052	5.93614598450689	0.798456480117556	13.2670615441227	97.7986135023152	0.00349870966986222
SNP.20	9.448e-41	0.187013	754694	4.35756334316838e-06	13.3668318882878	0.999806368018687	85.0440234373222	3.04624e-10	0.187013	581	0.00566028728005011	6.29640694962103	0.798997530680019	15.0358058291696	100.079829266492	0.0342473777229792
SNP.21	3.372e-40	0.185714	753311	4.38908592413275e-06	13.2718395878137	0.999804967559556	83.7825140209891	6.08602e-10	0.185714	581	0.00569078606986982	6.18818675742863	0.79813311853861	14.4816438795575	98.2641579005466	0.00557302855842002
SNP.22	2.883e-42	0.184073	747937	4.45106146111018e-06	13.6240082760905	0.999802214173145	88.5242819860361	8.59793e-10	0.184073	581	0.00572997169714005	6.13347617497431	0.797025241165206	14.1945206568	102.718802642836	0.479423037299983
SNP.23	2.915e-35	0.24026	756448	3.62113286621689e-06	12.391240231486	0.999839086658772	72.391741396374	9.16558e-11	0.24026	581	0.00471462773560075	6.48010995371908	0.82676126304556	16.4820648156795	88.8738062120535	4.65493206427724e-07
SNP.24	8.657e-39	0.184896	744981	4.45332373615191e-06	13.0264247044924	0.999802113667367	80.5631719637042	1.19623e-09	0.184896	581	0.00571022645487467	6.08074823202088	0.797583104694009	13.9468037343208	94.509975698025	0.000130518073243348
SNP.25	2.019e-40	0.185714	750286	4.40678182265745e-06	13.3102149650257	0.999804181382545	84.2944045418564	2.33224e-09	0.185714	581	0.00569078606986982	5.97279422566029	0.79813311853861	13.4363351266293	97.7307396684857	0.0032691185792293
SNP.26	1.256e-34	0.250653	739862	3.59801858517537e-06	12.2735643095726	0.99984011363062	70.9376241656129	1.04517e-11	0.250653	581	0.00458181966689332	6.80014073375556	0.830815664410673	18.3208700436235	89.2584942092364	6.83882076275404e-07
SNP.27	6.937e-36	0.238845	749736	3.66836364506097e-06	12.505831648888	0.999836988192957	73.8243214701558	1.49158e-10	0.238845	581	0.00473374231633982	6.40623398452613	0.826180983085103	16.078294817033	89.9026162871887	1.30232652373491e-06
SNP.28	1.723e-39	0.188312	747148	4.37820653414897e-06	13.149061374345	0.999805450899644	82.1596759645743	6.11028e-10	0.188312	581	0.00563023796140505	6.18755946625917	0.799851036840506	14.507158578731	96.6668345433053	0.00112819078651812
SNP.29	2.095e-40	0.185714	753251	4.38943553555769e-06	13.3074539392532	0.999804952027331	84.255762304779	6.08602e-10	0.185714	581	0.00569078606986982	6.18818675742863	0.79813311853861	14.4816438795575	98.7374061843365	0.00894582476548604
SNP.3	1.692e-40	0.185379	753196	4.3958803479461e-06	13.3234096483315	0.999804665703034	84.4688860543069	2.32105e-09	0.185379	581	0.00569872546394425	5.97357851510025	0.797908402944282	13.4366210951637	97.9055071494705	0.0038934197397832
SNP.30	2.13e-35	0.253406	754400	3.50321616015735e-06	12.416373411903	0.999844325742241	72.6872920749582	9.37989e-11	0.253406	581	0.00454875433945388	6.47662180770511	0.831831282048395	16.5548657569073	89.2421578318655	6.72800681966317e-07
SNP.31	1.42e-35	0.227273	748150	3.80546202219657e-06	12.4487795061675	0.999830896955245	73.1304513203723	1.11599e-09	0.227273	581	0.00490026921154279	6.09187042536378	0.821159815120412	14.3763525005795	87.5068038209517	1.18640167702382e-07
SNP.32	6.966e-41	0.185714	753798	4.3862503039201e-06	13.3894872366123	0.999805093537983	85.3502175752221	6.08602e-10	0.185714	581	0.00569078606986982	6.18818675742863	0.79813311853861	14.4816438795575	99.8318614547796	0.0267261419922306
SNP.33	8.2e-41	0.187013	754443	4.35901308609016e-06	13.3773679735528	0.999806303610623	85.1850462666108	3.04624e-10	0.187013	581	0.00566028728005011	6.29640694962103	0.798997530680019	15.0358058291696	100.22085209578	0.0394341750829714
SNP.34	3.9e-39	0.197403	745306	4.23432419684758e-06	13.0871436622465	0.999811843223109	81.3314339878329	3.82774e-10	0.197403	581	0.00543178524932131	6.26089508233926	0.805533903370774	14.9692353778063	96.3006693656392	0.000782274245842899
SNP.35	9.78e-36	0.240885	756004	3.61683403412492e-06	12.4785097257423	0.99983927765653	73.4761730638718	4.47345e-11	0.240885	581	0.00470626677647947	6.58748306161336	0.827015341165876	17.0668615130877	90.5430345769595	2.47087067467351e-06
SNP.36	1.05e-35	0.241558	755211	3.61374827476607e-06	12.4728516860568	0.999839414757328	73.4051804804596	7.57931e-11	0.241558	581	0.00469731918818306	6.50872147939251	0.827287419187109	16.6453135756168	90.0504940560764	1.50987983397508e-06
SNP.37	1.598e-40	0.183594	752730	4.43165667076899e-06	13.3276752767483	0.999803076267893	84.5296276369769	2.79878e-09	0.183594	581	0.00574155064679508	5.94298503189973	0.796698463246506	13.2727923304367	97.8024199674136	0.00351205276501219
SNP.38	1.184e-35	0.230366	755930	3.73066108086953e-06	12.4632792156582	0.999834220328307	73.3013633845139	6.55955e-10	0.230366	581	0.00485390470027832	6.17636198084007	0.82255167028388	14.8245853480767	88.1259487325906	2.20355031026827e-07
SNP.39	3.057e-40	0.185714	753019	4.39078789060351e-06	13.2791858005337	0.99980489194611	83.8802068848178	2.28451e-09	0.185714	581	0.00569078606986982	5.9761654428476	0.79813311853861	13.4524105405494	97.3326174253672	0.00219547441554893
SNP.4	2.144e-40	0.185714	752736	4.39243865923028e-06	13.3057261284166	0.999804818607247	84.2331056099327	2.33224e-09	0.185714	581	0.00569078606986982	5.97279422566029	0.79813311853861	13.4363351266293	97.669440736562	0.00307474345655237
SNP.40	1.695e-35	0.25	754787	3.53300555874262e-06	12.4346412779499	0.999843002182908	72.9183750022765	1.6396e-11	0.25	581	0.00458978772231784	6.73497333558099	0.83057129242336	17.9496396712425	90.868014673519	3.4196926716764e-06
SNP.41	6.297e-35	0.24026	748526	3.65945700534656e-06	12.3293275738881	0.999837383914721	71.6317401679053	9.16558e-11	0.24026	581	0.00471462773560075	6.48010995371908	0.82676126304556	16.4820648156795	88.1138049835847	2.1769527721543e-07
SNP.42	1.434e-36	0.235677	751245	3.69482845818463e-06	12.6304804461809	0.999835812363865	75.3941714723081	6.51587e-11	0.235677	581	0.00477748950958504	6.53139774966312	0.824855967485341	16.7227566296631	92.1169281019712	1.19229380671142e-05
SNP.43	1.858e-36	0.242857	750369	3.62381971320274e-06	12.6100818317232	0.999838967281793	75.1273271623884	3.03867e-11	0.242857	581	0.00468020993868542	6.64468462532308	0.827808175534947	17.3950513972902	92.5223785596786	1.78841450888596e-05
SNP.44	3.539e-36	0.23262	746168	3.75384085608515e-06	12.5591983918768	0.999833190458684	74.5042474660799	1.18489e-10	0.23262	581	0.0048209912631727	6.44125576802466	0.823542593431771	16.2169609329296	90.7212083990095	2.95277205988413e-06
SNP.45	3.277e-39	0.197403	745620	4.23254101265481e-06	13.1003599104297	0.999811922445925	81.5042479308436	3.82774e-10	0.197403	581	0.00543178524932131	6.26089508233926	0.805533903370774	14.9692353778063	96.4734833086499	0.000929846315261577
SNP.46	1.258e-40	0.188802	748365	4.3623757916228e-06	13.3455139199093	0.999806154214957	84.7598848416077	5.55686e-09	0.188802	581	0.00561901783011669	5.82957535405461	0.800170195699422	12.7913268577992	97.5512116994068	0.00273188659744603
SNP.47	9.471e-36	0.250649	755006	3.52588654755284e-06	12.4810660749909	0.999843318484164	73.4956538078408	2.0132e-11	0.250649	581	0.00458186832826451	6.70506263194745	0.830814171580527	17.7874368449191	91.2830906527599	5.1790760114611e-06
SNP.48	3.969e-40	0.184416	752973	4.41492474892933e-06	13.259620342945	0.999803819616565	83.6232818449737	1.12178e-09	0.184416	581	0.00572171967809908	6.09104216136623	0.797258291012673	13.9915468137995	97.6148286587732	0.002911328165228
SNP.49	9.218e-41	0.182768	752102	4.45089898140101e-06	13.3686653550227	0.999802221391609	85.0787519247095	1.22735e-09	0.182768	581	0.00576166957953471	6.07662935919721	0.796131309110381	13.9036036389503	98.9823555636598	0.0114287978364586
SNP.5	2.905e-39	0.2	745082	4.19416923237979e-06	13.1095019102837	0.999813627219849	81.6196243964905	4.41606e-10	0.2	581	0.00537865748709122	6.23856398085315	0.807068992128415	14.8827223619027	96.5023467583932	0.000957075968119947
SNP.50	5.117e-35	0.222513	750335	3.85182257502362e-06	12.3460379902706	0.999828837187278	71.8628346457132	5.33687e-10	0.222513	581	0.00497445317010387	6.20886483481135	0.818942595897895	14.9306490006118	86.793483646325	5.81354095405045e-08
SNP.51	1.195e-35	0.241558	755506	3.61233722609001e-06	12.4625418898436	0.999839477450466	73.2764713372844	7.57931e-11	0.241558	581	0.00469731918818306	6.50872147939251	0.827287419187109	16.6453135756168	89.9217849129012	1.32753113050823e-06
SNP.52	3.013e-35	0.227273	752501	3.78345864245544e-06	12.3885884685104	0.999831874553476	72.3802603401771	1.11599e-09	0.227273	581	0.00490026921154279	6.09187042536378	0.821159815120412	14.3763525005795	86.7566128407565	5.60309452114508e-08
SNP.53	7.675e-41	0.187013	755148	4.35494354710483e-06	13.3822859958267	0.999806484408994	85.2503850737368	1.77802e-09	0.187013	581	0.00566028728005011	6.01688800656377	0.798997530680019	13.6608113015352	98.911196375272	0.010643795154031
SNP.54	1.775e-35	0.240838	755088	3.62170408211193e-06	12.4309554672907	0.999839061279569	72.8846486510356	5.58118e-11	0.240838	581	0.00470689378993758	6.55454495627765	0.826996281667464	16.8875106685842	89.7721593196198	1.14304451642139e-06
SNP.55	8.217e-41	0.185379	754978	4.38550460351375e-06	13.3772140081202	0.999805126667306	85.1859106390491	2.74476e-10	0.185379	581	0.00569872546394425	6.31254928974998	0.797908402944282	15.0981210263851	100.284031665434	0.0420059971714708
SNP.56	3.093e-40	0.187013	752862	4.36816695451373e-06	13.2783090497131	0.999805896929782	83.8660734897608	3.04624e-10	0.187013	581	0.00566028728005011	6.29640694962103	0.798997530680019	15.0358058291696	98.9018793189304	0.010545086864292
SNP.57	7.818e-36	0.241558	756172	3.60915565285988e-06	12.4963277856794	0.999839618808348	73.6976030796026	7.57931e-11	0.241558	581	0.00469731918818306	6.50872147939251	0.827287419187109	16.6453135756168	90.3429166552194	2.02273926923524e-06
SNP.58	5.524e-41	0.19016	754444	4.30352770095224e-06	13.406703704184	0.999808768678593	85.5716527973816	1.53454e-09	0.19016	581	0.00558824552980588	6.04069269280831	0.801046828507822	13.8077437525223	99.3793965499039	0.0169993869621585
SNP.59	1.519e-40	0.184416	752203	4.41944413007601e-06	13.3314578422828	0.999803618834023	84.578706375664	1.12178e-09	0.184416	581	0.00572171967809908	6.09104216136623	0.797258291012673	13.9915468137995	98.5702531894635	0.00756879536417253
SNP.6	1.14e-40	0.197403	754096	4.18496747079375e-06	13.3528515399386	0.999814036034771	84.8377647432061	3.82774e-10	0.197403	581	0.00543178524932131	6.26089508233926	0.805533903370774	14.9692353778063	99.8070001210125	0.0260698859575472
SNP.60	4.165e-40	0.179221	746073	4.55589334386969e-06	13.2560049335993	0.999797556842914	83.590520867022	4.51545e-09	0.179221	581	0.00585030811487245	5.86411112876431	0.793642168149721	12.8567320246275	96.4472528916495	0.000905773163320877
SNP.61	2.59e-36	0.244792	742377	3.64318892945907e-06	12.583876945464	0.999838106705707	74.79987470877	7.3422e-12	0.244792	581	0.00465511130444929	6.85083141845578	0.828573293172746	18.5622846304729	93.3621593392429	4.14171626080861e-05
SNP.62	2.59e-39	0.2	735410	4.24933030554385e-06	13.11820411458	0.999811176536343	81.7400435207723	1.87379e-10	0.2	581	0.00537865748709122	6.37134385645359	0.807068992128415	15.5583771146787	97.2984206354511	0.00212166544578029
SNP.63	1.564e-40	0.187013	746834	4.40342420097253e-06	13.3292798961448	0.99980433055176	84.5479271030367	5.71976e-10	0.187013	581	0.00566028728005011	6.19796570287208	0.798997530680019	14.5444376800617	99.0923647830984	0.0127578340160707
SNP.64	3.786e-39	0.197403	745089	4.23555740301586e-06	13.0893973035191	0.999811788434572	81.3610655825205	3.82774e-10	0.197403	581	0.00543178524932131	6.26089508233926	0.805533903370774	14.9692353778063	96.3303009603269	0.000805801127318534
SNP.65	4.148e-41	0.185379	753609	4.39347127562384e-06	13.4279382291881	0.999804772731101	85.8664887771186	1.48529e-09	0.185379	581	0.00569872546394425	6.04595342768534	0.797908402944282	13.7836763713439	99.6501651484624	0.0222857147920647
SNP.66	2.777e-35	0.231169	755717	3.72263393479655e-06	12.3951285640409	0.999834576972203	72.4533960476342	6.55888e-10	0.231169	581	0.0048420959540493	6.17637811585291	0.822906921174337	14.8304413113858	87.28383735902	9.49289435814735e-08
SNP.67	3.719e-35	0.239583	756135	3.62963410459261e-06	12.3716927745637	0.999838708947685	72.1508975247351	9.385e-11	0.239583	581	0.00472374076364222	6.47653959097761	0.826484508332122	16.4579356660279	88.608833190763	3.57138792658446e-07
SNP.68	3.821e-35	0.238903	756122	3.63677569912357e-06	12.3695195663697	0.999838391645965	72.1249763484157	7.86041e-11	0.238903	581	0.00473295372663117	6.50324790087043	0.826204906961568	16.5960861729951	88.7210625214108	3.99555952543124e-07
SNP.69	8.845e-35	0.24026	747439	3.66477895103686e-06	12.3019167195574	0.999837147460779	71.2949219504941	9.16558e-11	0.24026	581	0.00471462773560075	6.48010995371908	0.82676126304556	16.4820648156795	87.7769867661736	1.55442837042365e-07
SNP.7	3.845e-36	0.222074	755662	3.8300674212332e-06	12.5526347072786	0.999829803752972	74.4316310555453	2.26813e-09	0.222074	581	0.00498147402351794	5.97733820971488	0.818733375827842	13.7721940786064	88.2038251341517	2.38201373857566e-07
SNP.70	9.905e-35	0.24026	747644	3.66377408818106e-06	12.2927722038319	0.999837192106807	71.1823532834547	9.16558e-11	0.24026	581	0.00471462773560075	6.48010995371908	0.82676126304556	16.4820648156795	87.6644180991342	1.388937690567e-07
SNP.71	3.056e-34	0.25974	750922	3.46299653558857e-06	12.2013800855971	0.9998461127278	70.0357380035048	9.28312e-12	0.25974	581	0.0044758008339023	6.81720122060228	0.834080891186101	18.4835071701164	88.5192451736212	3.26534779104743e-07
SNP.72	3.622e-35	0.239583	755741	3.63152638758005e-06	12.3738151067489	0.999838624873353	72.1774065082652	1.52198e-10	0.239583	581	0.00472374076364222	6.40315553914046	0.826484508332122	16.0673538752331	88.2447603834983	2.48154534208878e-07
SNP.73	1.001e-38	0.184896	745134	4.45240932541286e-06	13.0153367784517	0.999802154291763	80.4187267553535	9.69247e-10	0.184896	581	0.00571022645487467	6.11439378453462	0.797583104694009	14.1104328098478	94.5291595652013	0.000133046085621791
SNP.74	2.199e-35	0.228261	755147	3.75868853643329e-06	12.413821857604	0.999832975078143	72.6899332756386	9.39043e-10	0.228261	581	0.00488530528781754	6.1194408140435	0.821608514622228	14.5217279861563	87.2116612617948	8.83187608510908e-08
SNP.75	1.279e-40	0.183594	751533	4.43871516724873e-06	13.3442801954867	0.999802762680579	84.7517945178717	1.68482e-09	0.183594	581	0.00574155064679508	6.02560134884751	0.796698463246506	13.6666802601372	98.4184747780089	0.00650294733615231
SNP.76	2.692e-39	0.197403	745365	4.23398902531737e-06	13.1152761132611	0.999811858114016	81.6998954931006	3.82774e-10	0.197403	581	0.00543178524932131	6.26089508233926	0.805533903370774	14.9692353778063	96.6691308709069	0.00113078445898213
SNP.77	1.259e-40	0.188654	751001	4.34968064157094e-06	13.3454547082379	0.999806718225441	84.7576880995679	1.53535e-09	0.188654	581	0.00562240019191121	6.04060755368117	0.800073956933151	13.7920212693265	98.5497093688943	0.00741488970830896
SNP.78	2.443e-40	0.181818	748707	4.48922438993014e-06	13.2959652628246	0.999800518716725	84.1138186438592	2.06356e-09	0.181818	581	0.00578504944115563	5.99272313932771	0.795473242739388	13.4902799079477	97.6040985518068	0.0028802563029255
SNP.79	1.252e-35	0.241558	754183	3.61867404639771e-06	12.4588260739904	0.999839195904498	73.2310315104019	7.57931e-11	0.241558	581	0.00469731918818306	6.50872147939251	0.827287419187109	16.6453135756168	89.8763450860187	1.26855834903911e-06
SNP.8	2.504e-40	0.185714	753013	4.3908228763572e-06	13.2941205574653	0.999804890391794	84.0786049504689	2.33224e-09	0.185714	581	0.00569078606986982	5.97279422566029	0.79813311853861	13.4363351266293	97.5149400770983	0.00263457218334793
SNP.80	1.015e-35	0.231771	756584	3.71161618312878e-06	12.475552280018	0.999835066488301	73.4518832066084	6.48974e-10	0.231771	581	0.00483330364594889	6.17805185815321	0.823171625773628	14.8432531467334	88.2951363533418	2.6097578983272e-07
SNP.81	2.869e-39	0.197403	745910	4.23089545636294e-06	13.1104476429137	0.999811995554257	81.6362387620755	3.82774e-10	0.197403	581	0.00543178524932131	6.26089508233926	0.805533903370774	14.9692353778063	96.6054741398818	0.00106104563745892
SNP.82	6.032e-36	0.240885	756117	3.61629350634171e-06	12.5169346843861	0.999839301672266	73.9562475037992	6.22747e-11	0.240885	581	0.00470626677647947	6.53817339905819	0.827015341165876	16.7992303793367	90.7554778831359	3.05571587631073e-06
SNP.83	3.139e-36	0.254545	741230	3.55492967132957e-06	12.5686853908343	0.999842028084788	74.5969020225662	7.43631e-12	0.254545	581	0.0045353193120131	6.84900942159461	0.832244655235204	18.6272288403339	93.2241308629001	3.60774087964389e-05
SNP.84	1.324e-36	0.243455	754118	3.59979055825163e-06	12.6367588814193	0.999840034901449	75.4607878359376	3.33603e-11	0.243455	581	0.00467240422755181	6.6309191212442	0.82804597677764	17.3239493006134	92.784737136551	2.32492563827854e-05
SNP.85	1.851e-40	0.197403	754107	4.18490642555457e-06	13.3167042052195	0.999814038746884	84.3558306501583	3.82774e-10	0.197403	581	0.00543178524932131	6.26089508233926	0.805533903370774	14.9692353778063	99.3250660279647	0.0161004425697553
SNP.86	3.613e-35	0.231169	755214	3.72511334443303e-06	12.3740148791707	0.999834466812687	72.1922797771621	6.55888e-10	0.231169	581	0.0048420959540493	6.17637811585291	0.822906921174337	14.8304413113858	87.0227210885478	7.31134525301545e-08
SNP.87	1.478e-35	0.238281	753947	3.65380179014155e-06	12.4455836493815	0.999837635175944	73.0708692586993	1.96655e-10	0.238281	581	0.00474143355984828	6.36393061806101	0.825947722265367	15.8510817293679	88.9219509880673	4.88452523527371e-07
SNP.88	5.926e-34	0.28961	754841	3.21961639360262e-06	12.1473434149631	0.999856926411043	69.3423444716446	6.09928e-15	0.28961	581	0.00418295775931737	7.80187758305267	0.843234854357301	24.7370518143575	94.0793962860022	8.48540139883984e-05
SNP.89	5.218e-35	0.24026	752966	3.63787835623924e-06	12.3444649115046	0.999838342654823	71.8155740245932	9.16558e-11	0.24026	581	0.00471462773560075	6.48010995371908	0.82676126304556	16.4820648156795	88.2976388402726	2.61629696190852e-07
SNP.9	1.927e-40	0.193506	752921	4.25524938442734e-06	13.3136989834008	0.999810913565578	84.323878930755	1.92622e-10	0.193506	581	0.00551440038170812	6.36711082543718	0.803158364749127	15.4673824394058	99.7912613701608	0.0256627905080322
SNP.90	4.466e-34	0.28961	753457	3.22553039943008e-06	12.1704524657936	0.999856663641616	69.6241828600082	2.03939e-14	0.28961	581	0.00418295775931737	7.64811991074879	0.843234854357301	23.735476152348	93.3596590123562	4.13137355174973e-05
SNP.91	4.339e-40	0.182415	747352	4.48591810404149e-06	13.2529343818624	0.999800665604166	83.5423659102373	2.21107e-09	0.182415	581	0.005770326793273	5.98148899451825	0.795887510057151	13.4431734630886	96.9855393733259	0.00155165190063869
SNP.92	1.74e-40	0.186198	752984	4.38218281717889e-06	13.3213215182909	0.999805274244741	84.4395665272785	1.57693e-09	0.186198	581	0.00567936927093052	6.03629485526903	0.798456480117556	13.7457467557033	98.1853132829818	0.00515050112328723
SNP.93	1.992e-40	0.184211	752466	4.42170452405527e-06	13.311220804384	0.999803518411532	84.3094215886038	4.39157e-09	0.184211	581	0.00572664770464333	5.86872580652271	0.797119099491886	12.9295970473418	97.2390186359456	0.00199930449663575
SNP.94	6.02e-36	0.234127	756488	3.68603709512407e-06	12.5170927809742	0.99983620296297	73.967532941647	5.62232e-10	0.234127	581	0.00479938524959762	6.20067025825596	0.82419438365674	14.9752530887265	88.9427860303734	4.98736211043003e-07
SNP.95	2.571e-35	0.269531	742847	3.41869312087375e-06	12.4013056087052	0.999848081166355	72.488426336233	2.5222e-13	0.269531	581	0.0043710256949427	7.31771969848166	0.837333128085045	21.5111594250468	93.9995857612799	7.83449703979951e-05
SNP.96	2.81e-41	0.184555	750001	4.42983624333015e-06	13.4567517591474	0.999803157143924	86.257708975038	9.04608e-10	0.184555	581	0.00571838487492918	6.12539167257608	0.797352509710444	14.1603581237996	100.418067098838	0.0480310574215545
SNP.97	9.059e-41	0.196615	753195	4.20264019233537e-06	13.3699596325097	0.999813250873202	85.0683468358958	5.78882e-10	0.196615	581	0.00544820581698113	6.19607595367144	0.805060623474053	14.6361516620671	99.7044984979629	0.0235300712413302
SNP.98	2.04e-36	0.233766	753395	3.70513900620605e-06	12.6027147861164	0.999835354267961	75.0452775439139	2.31211e-10	0.233766	581	0.0048045321886069	6.3390334776928	0.824039021968242	15.6875758221868	90.7328533661007	2.98735797845589e-06
SNP.99	8.853e-36	0.25	755507	3.52963859589212e-06	12.4864373134875	0.99984315177874	73.5632152192668	1.96271e-11	0.25	581	0.00458978772231784	6.7087705498596	0.83057129242336	17.8033496792624	91.3665648985292	5.62995196398882e-06
