snp	pvalues.df1	MAF.df1	N.df1	V.df1	z.df1	r.df1	lABF.df1	pvalues.df2	MAF.df2	N.df2	V.df2	z.df2	r.df2	lABF.df2	internal.sum.lABF	SNP.PP.H4
SNP.1	4.74e-35	0.246479	754748	3.5669149157087e-06	12.3521954278317	0.999841495575826	71.9014098740242	0.0146119	0.246479	330	0.00815794514788275	2.44185782104149	0.733904372633854	1.52606488596267	73.4274747599869	4.07859969448695e-14
SNP.10	3.308e-40	0.206573	753048	4.05104262604574e-06	13.273275278548	0.999819986071913	83.7628227319327	3.11746e-11	0.206573	330	0.00924433196199543	6.64091300798126	0.708787950772982	15.0125340567118	98.7753567886445	0.00415868834591648
SNP.100	7.812e-34	0.294811	753602	3.19138168832171e-06	12.124727092797	0.999858180929354	69.0635999654415	0.000916575	0.294811	330	0.00728797461540187	3.31495615426834	0.755338363567907	3.44624227814733	72.5098422435888	1.62925230496887e-14
SNP.101	1.524e-35	0.248826	755070	3.54279875375251e-06	12.4431364009181	0.999842567066642	73.0253784408532	0.0129342	0.248826	330	0.00810624562119973	2.4855759068858	0.735144070869481	1.60660759789634	74.6319860387495	1.36026550252356e-13
SNP.102	5.477e-34	0.29108	753421	3.21604923056694e-06	12.1537849880503	0.999857084906285	69.4200595256764	0.00196296	0.29108	330	0.00734254250709993	3.09577991446468	0.753957207052548	2.9117827238902	72.3318422495666	1.36359038074664e-14
SNP.103	8.321e-36	0.241784	756785	3.60393530273141e-06	12.4913684123061	0.999839850749547	73.6349458379999	0.0339451	0.241784	330	0.00826486114568967	2.12072323531115	0.73135386158414	0.987439825841939	74.6223856638419	1.34726892953331e-13
SNP.104	2.186e-35	0.246479	754957	3.56592746183068e-06	12.4142964463408	0.999841539448756	72.6701651323625	0.0231368	0.246479	330	0.00815794514788275	2.27116816173819	0.733904372633854	1.23086476904884	73.9010299014113	6.54897702980408e-14
SNP.105	2.003e-35	0.251208	754814	3.52156246257814e-06	12.4212921374757	0.999843510605538	72.7509157667704	0.0140682	0.251208	330	0.00805492317766199	2.45551725183611	0.736378876463654	1.55340096820682	74.3043167349772	9.80209062846329e-14
SNP.106	3.356e-34	0.295775	754694	3.18072560932922e-06	12.1937534990881	0.999858654398766	69.9011527304353	0.000985438	0.295775	330	0.00727416525153669	3.29465152548574	0.755688692190581	3.39674185040592	73.2978945808412	3.58290361824256e-14
SNP.107	3.045e-36	0.244131	748923	3.61795675687277e-06	12.5710891113273	0.999839227773782	74.6356761522843	0.0263026	0.244131	330	0.00821082129765886	2.2217145887464	0.73264077772206	1.14858213420423	75.7842582864885	4.30575349688881e-13
SNP.108	1.007e-33	0.294811	745810	3.22472429047964e-06	12.1039084349628	0.999856699458411	68.8165193848951	0.000651213	0.294811	330	0.00728797461540187	3.40933566182306	0.755338363567907	3.68592449161005	72.5024438765051	1.61724297782841e-14
SNP.109	1.929e-35	0.248815	754563	3.54528401761264e-06	12.4243031331604	0.999842456645259	72.791589780917	0.0158312	0.248815	330	0.00810648528539954	2.41278396493285	0.735138314321029	1.4755398097738	74.2671295906908	9.44427320801477e-14
SNP.11	4.921e-34	0.295238	753790	3.18790153356963e-06	12.1625310338521	0.999858335559054	69.5220778710145	0.0010564	0.295238	330	0.00728184332421047	3.27505875479258	0.755493867691834	3.34745988755176	72.8695377585663	2.33454431044503e-14
SNP.110	1.07e-35	0.254717	755611	3.48572070879346e-06	12.4713483744681	0.999845103076383	73.3688438929528	0.00670037	0.254717	330	0.00798136033482465	2.71138044043434	0.73815603217334	2.04330475060158	75.4121486435544	2.96786401718504e-13
SNP.111	2.845e-35	0.246479	754166	3.56966755170786e-06	12.3931891540532	0.999841373275243	72.4089084951242	0.0146119	0.246479	330	0.00815794514788275	2.44185782104149	0.733904372633854	1.52606488596267	73.9349733810868	6.77508788386404e-14
SNP.112	2.044e-35	0.248826	754864	3.54376557233609e-06	12.4196711259297	0.999842524110458	72.7338511525982	0.0129342	0.248826	330	0.00810624562119973	2.4855759068858	0.735144070869481	1.60660759789634	74.3404587504945	1.01628377360094e-13
SNP.113	4.204e-39	0.230047	743271	3.79788689090872e-06	13.081439958072	0.999831233514005	81.2040984151235	9.50805e-12	0.230047	330	0.00855411874937157	6.81375966396951	0.724541571493003	16.1746026929847	97.3787011081082	0.00102895532765983
SNP.114	1.027e-35	0.241784	756735	3.60417342673141e-06	12.4746160773187	0.999839840169648	73.4258922676453	0.0339451	0.241784	330	0.00826486114568967	2.12072323531115	0.73135386158414	0.987439825841939	74.4133320934872	1.09310903074676e-13
SNP.115	6.388e-35	0.246479	755744	3.56221405502565e-06	12.3281713081942	0.999841704436785	71.6043514112789	0.0146119	0.246479	330	0.00815794514788275	2.44185782104149	0.733904372633854	1.52606488596267	73.1304162972416	3.03040191101567e-14
SNP.116	1.224e-35	0.251196	755455	3.51868613109779e-06	12.4606298954055	0.999843638402502	73.2398401236591	0.0231533	0.251196	330	0.00805517888232874	2.27089557834481	0.736372713989007	1.23211530824524	74.4719554319043	1.15910632218973e-13
SNP.117	1.103e-33	0.265	753448	3.40708922403899e-06	12.0964334552494	0.999848596738684	68.7529923877013	0.000760591	0.265	330	0.00777898352022341	3.36675183569483	0.743089674228073	3.53195329697634	72.2849456846776	1.3011189721711e-14
SNP.118	2.73e-35	0.242857	754614	3.60343430465938e-06	12.3964968172859	0.999839873008997	72.4544913803846	0.0183888	0.242857	330	0.00824000598295827	2.35769488931253	0.731945205621418	1.37605919512623	73.8305505755109	6.10329953850971e-14
SNP.119	4.775e-34	0.295775	754033	3.18351389528987e-06	12.1649906534422	0.999858530509991	69.5513177354085	0.000985438	0.295775	330	0.00727416525153669	3.29465152548574	0.755688692190581	3.39674185040592	72.9480595858144	2.52524615018379e-14
SNP.12	4.599e-35	0.232394	749702	3.73867800516429e-06	12.3546242416474	0.999833864138814	71.9543385262785	0.0350779	0.232394	330	0.00849361932675054	2.10745798426509	0.725955873781423	0.964889572308491	72.919228098587	2.45347909485096e-14
SNP.120	9.043e-36	0.248826	753570	3.54985078359795e-06	12.4847472920404	0.99984225374187	73.5449022154696	0.0129342	0.248826	330	0.00810624562119973	2.4855759068858	0.735144070869481	1.60660759789634	75.1515098133659	2.2869148399127e-13
SNP.121	2.744e-34	0.295775	754604	3.18110496764808e-06	12.2101449131712	0.999858637543163	70.1011900278171	0.000985438	0.295775	330	0.00727416525153669	3.29465152548574	0.755688692190581	3.39674185040592	73.497931878223	4.37633158420933e-14
SNP.122	1.831e-35	0.240566	754570	3.62698856173773e-06	12.4284723389084	0.999838826489455	72.8544998172294	0.0288062	0.240566	330	0.00829338411827405	2.18612857420819	0.730676430806693	1.09008822569214	73.9445880429216	6.8405422191928e-14
SNP.123	4.997e-34	0.294811	753942	3.18994249303344e-06	12.1612792243286	0.999858244875452	69.507168895605	0.000998297	0.294811	330	0.00728797461540187	3.29100623666679	0.755338363567907	3.38649038527525	72.8936592808802	2.39154174190385e-14
SNP.124	3.732e-35	0.240566	755662	3.62174723491513e-06	12.3714125266185	0.999839059362284	72.1463703354794	0.0277425	0.240566	330	0.00829338411827405	2.20090852927929	0.730676430806693	1.11377683276929	73.2601471682487	3.45017904097503e-14
SNP.125	5.339e-34	0.246479	743259	3.62205085818175e-06	12.1558705626529	0.99983904587226	69.503507282198	0.0146119	0.246479	330	0.00815794514788275	2.44185782104149	0.733904372633854	1.52606488596267	71.0295721681607	3.70779076655574e-15
SNP.126	4.076e-34	0.295122	754815	3.18429973654561e-06	12.1779086210743	0.999858495593596	69.7086466863501	0.000965822	0.295122	330	0.00728350668375962	3.3002980401929	0.755451674609855	3.41000624331065	73.1186529296607	2.99496302837921e-14
SNP.127	2.446e-36	0.284038	742838	3.30985885167488e-06	12.5883937695757	0.999852916798798	74.8099188153897	0.0868188	0.284038	330	0.00745057251412262	1.71242269301618	0.751237726403746	0.405832772478877	75.2157515878686	2.43865206006485e-13
SNP.128	2.758e-36	0.260563	742633	3.49447418569189e-06	12.5789126181544	0.999844714153631	74.7171144775205	0.010618	0.260563	330	0.00786397529679675	2.55502556222923	0.741009692573872	1.74323097535171	76.4603454528722	8.46584063042398e-13
SNP.129	3.864e-35	0.246479	754931	3.56605027320551e-06	12.3686206311901	0.999841533992202	72.1042816494934	0.0146119	0.246479	330	0.00815794514788275	2.44185782104149	0.733904372633854	1.52606488596267	73.6303465354561	4.99593955164132e-14
SNP.13	1.764e-40	0.206573	753596	4.04809678854252e-06	13.3202988392613	0.999820116950909	84.3876204036737	3.11746e-11	0.206573	330	0.00924433196199543	6.64091300798126	0.708787950772982	15.0125340567118	99.4001544603855	0.00776788086966024
SNP.130	7.887e-36	0.248826	756131	3.5378275126875e-06	12.4956290135363	0.999842787941176	73.6791411325971	0.0129342	0.248826	330	0.00810624562119973	2.4855759068858	0.735144070869481	1.60660759789634	75.2857487304935	2.61546681227161e-13
SNP.131	1.678e-35	0.238806	752689	3.65438117089348e-06	12.4354467571881	0.99983760943405	72.9448588479014	0.0308104	0.238806	330	0.00833518942163226	2.15951286941312	0.729685804498909	1.04735819964784	73.9922170475493	7.17423406146545e-14
SNP.132	1.476e-34	0.254717	753790	3.49414148568187e-06	12.2604925399136	0.999844728935706	70.7629994292365	0.00652231	0.254717	330	0.00798136033482465	2.72029804095598	0.73815603217334	2.06118198134777	72.8241814105843	2.23102331968669e-14
SNP.133	4.179e-35	0.246445	755062	3.56576257971795e-06	12.3623235587327	0.999841546774527	72.0263883585722	0.00793803	0.246445	330	0.00815870249989999	2.65469434084403	0.733886243231376	1.92408000275532	73.9504683613275	6.88088528429593e-14
SNP.134	2.292e-35	0.248826	754835	3.54390172023808e-06	12.4105058932034	0.999842518061346	72.6201006360845	0.0129342	0.248826	330	0.00810624562119973	2.4855759068858	0.735144070869481	1.60660759789634	74.2267082339808	9.07013539104649e-14
SNP.135	2.489e-35	0.248826	754834	3.54390641517991e-06	12.4039024155308	0.999842517852747	72.5381834893231	0.0129342	0.248826	330	0.00810624562119973	2.4855759068858	0.735144070869481	1.60660759789634	74.1447910872194	8.35675375278087e-14
SNP.136	1.246e-32	0.301435	727897	3.26211731145266e-06	11.8957025808459	0.999855038025401	66.3240937782352	0.00248658	0.301435	330	0.00719541031713471	3.02496974511769	0.75769284747068	2.75783764557687	69.081931423812	5.28768518635379e-16
SNP.137	1.472e-32	0.3	708300	3.36150272617871e-06	11.8817794501672	0.999850622195899	66.1732811881527	0.00229421	0.3	330	0.00721500721500722	3.04924015930529	0.75719315284691	2.81239555524289	68.9856767433955	4.80244847476253e-16
SNP.138	1.337e-38	0.2277	744668	3.81819625394063e-06	12.9932096806863	0.999830331181107	80.0565957888351	1.0268e-11	0.2277	330	0.00861602596372564	6.80269484393384	0.723100052244139	16.0892770789547	96.1458728677898	0.000299906596512588
SNP.139	1.965e-40	0.205189	753114	4.07090848469965e-06	13.3122402938458	0.999819103463491	84.2830493077903	1.76395e-11	0.205189	330	0.00929047931074573	6.72433597289385	0.707759067740593	15.3861743404455	99.6692236482358	0.0101661805869656
SNP.14	1.817e-40	0.206573	753644	4.04783896303625e-06	13.3180885922932	0.999820128405698	84.3581561669869	3.11746e-11	0.206573	330	0.00924433196199543	6.64091300798126	0.708787950772982	15.0125340567118	99.3706902236987	0.00754234512461861
SNP.140	3.369e-35	0.246479	755077	3.5653607497001e-06	12.3796281694652	0.99984156462798	72.2403743876472	0.0146119	0.246479	330	0.00815794514788275	2.44185782104149	0.733904372633854	1.52606488596267	73.7664392736098	5.72428832112568e-14
SNP.141	6.287e-35	0.245283	750735	3.59775643696349e-06	12.3294556471052	0.999840125277927	71.6250265427015	0.0127276	0.245283	330	0.00818473235970844	2.49130167867249	0.73326368749901	1.6147840040601	73.2398105467616	3.38072270316772e-14
SNP.142	9.75e-36	0.246445	753581	3.5727703126366e-06	12.4787543709867	0.999841235418522	73.4732499338274	0.00881511	0.246445	330	0.00815870249989999	2.6191425597907	0.733886243231376	1.85528026093543	75.3285301947628	2.72978829658531e-13
SNP.15	8.346e-34	0.29108	752747	3.21892883976021e-06	12.1193088300251	0.999856956960249	69.002135848393	0.00196296	0.29108	330	0.00734254250709993	3.09577991446468	0.753957207052548	2.9117827238902	71.9139185722832	8.97804922022743e-15
SNP.16	1.409e-40	0.2277	754106	3.7704096878018e-06	13.3370641632826	0.999832454312359	84.5766117211914	1.0268e-11	0.2277	330	0.00861602596372564	6.80269484393384	0.723100052244139	16.0892770789547	100.665888800146	0.0275425404423975
SNP.17	2.219e-35	0.237981	756200	3.64607204699244e-06	12.4130971374048	0.999837978608652	72.6661166468115	0.0297115	0.237981	330	0.00835502933919904	2.17391525727359	0.729216613364726	1.06988710329855	73.7360037501101	5.5526911797889e-14
SNP.18	2.273e-40	0.20892	751175	4.02743422759764e-06	13.3013586737567	0.999821034957437	84.1330794545725	2.60463e-11	0.20892	330	0.00916759971489592	6.66735024830515	0.710505380975129	15.1724372703634	99.3055167249359	0.00706646008539827
SNP.19	1.057e-40	0.20892	754763	4.00828856994269e-06	13.3584803643015	0.999821885571737	84.8920644717171	1.57793e-11	0.20892	330	0.00916759971489592	6.74054557327409	0.710505380975129	15.5210805882108	100.413145059928	0.0213913790851763
SNP.2	1.588e-40	0.20892	751270	4.0269249483084e-06	13.328143671706	0.999821057583972	84.4895900028576	2.60463e-11	0.20892	330	0.00916759971489592	6.66735024830515	0.710505380975129	15.1724372703634	99.662027273221	0.0100932835507962
SNP.20	9.448e-41	0.211268	754694	3.97590432319609e-06	13.3668318882878	0.999823324360989	84.9997163255257	2.10294e-11	0.211268	330	0.00909270041603076	6.69869150868356	0.71218983194558	15.3561306190574	100.355846944583	0.0202001469479452
SNP.21	3.372e-40	0.20892	753311	4.01601450916773e-06	13.2718395878137	0.999821542319087	83.7395665670701	1.57793e-11	0.20892	330	0.00916759971489592	6.74054557327409	0.710505380975129	15.5210805882108	99.2606471552809	0.00675639922912983
SNP.22	2.883e-42	0.206573	747937	4.07872527693976e-06	13.6240082760905	0.999818756176303	88.4821464235745	3.11746e-11	0.206573	330	0.00924433196199543	6.64091300798126	0.708787950772982	15.0125340567118	103.494680480286	0.466157432351097
SNP.23	2.915e-35	0.246479	756448	3.55889882556541e-06	12.391240231486	0.999841851733694	72.3832871853552	0.0146119	0.246479	330	0.00815794514788275	2.44185782104149	0.733904372633854	1.52606488596267	73.9093520713179	6.6037061459911e-14
SNP.24	8.657e-39	0.206573	744981	4.09490919561504e-06	13.0264247044924	0.999818037152254	80.5225778461575	3.11746e-11	0.206573	330	0.00924433196199543	6.64091300798126	0.708787950772982	15.0125340567118	95.5351119028693	0.000162830554359526
SNP.25	2.019e-40	0.20892	750286	4.03220625990043e-06	13.3102149650257	0.999820822943065	84.2514714925688	2.60463e-11	0.20892	330	0.00916759971489592	6.66735024830515	0.710505380975129	15.1724372703634	99.4239087629322	0.00795461049766095
SNP.26	1.256e-34	0.252358	739862	3.58185923863136e-06	12.2735643095726	0.999840831594675	70.9354279543756	0.00683734	0.252358	330	0.00803055012124932	2.70466453277973	0.736966740220641	2.02779592453247	72.9632238789081	2.5638315436383e-14
SNP.27	6.937e-36	0.248815	749736	3.56810950011984e-06	12.505831648888	0.999841442500018	73.8108171223757	0.0223433	0.248815	330	0.00810648528539954	2.28448062479853	0.735138314321029	1.25401516488905	75.0648322872647	2.09703858459662e-13
SNP.28	1.723e-39	0.213615	747148	3.98378965669097e-06	13.149061374345	0.999822974025669	82.1139967668007	6.51656e-11	0.213615	330	0.00901963780126467	6.53138189325959	0.713840690107715	14.6002436543646	96.7142404211653	0.000529449948494753
SNP.29	2.095e-40	0.20892	753251	4.01633440369233e-06	13.3074539392532	0.999821528106627	84.2128228132472	1.57793e-11	0.20892	330	0.00916759971489592	6.74054557327409	0.710505380975129	15.5210805882108	99.733903401458	0.0108454575778528
SNP.3	1.692e-40	0.206573	753196	4.05024661238043e-06	13.3234096483315	0.999820021437564	84.4293116334618	3.11746e-11	0.206573	330	0.00924433196199543	6.64091300798126	0.708787950772982	15.0125340567118	99.4418456901736	0.00809857908448686
SNP.30	2.13e-35	0.257426	754400	3.46717830959382e-06	12.416373411903	0.99984592692841	72.6822461233867	0.0097131	0.257426	330	0.00792617974775024	2.58587907759527	0.739494743886264	1.79984973710916	74.4820958604958	1.17091995349105e-13
SNP.31	1.42e-35	0.234742	748150	3.72034011617792e-06	12.4487795061675	0.999834678885982	73.1194351006614	0.0319609	0.234742	330	0.00843446199369245	2.1448992903294	0.727344151147279	1.02333473970504	74.1427698403664	8.33987974956472e-14
SNP.32	6.966e-41	0.211268	753798	3.98063027135937e-06	13.3894872366123	0.999823114393104	85.3033246866737	4.36975e-11	0.211268	330	0.00909270041603076	6.59096564650582	0.71218983194558	14.8463309736437	100.149655660317	0.0164364034059356
SNP.33	8.2e-41	0.212264	754443	3.96357000849056e-06	13.3773679735528	0.999823872359366	85.1390767818632	2.59781e-11	0.212264	330	0.00906147772095649	6.66773516721648	0.712894377092497	15.2232233091387	100.362300091002	0.0203309229584282
SNP.34	3.9e-39	0.2277	745306	3.81492778540554e-06	13.0871436622465	0.999830476397107	81.2808879868494	1.0268e-11	0.2277	330	0.00861602596372564	6.80269484393384	0.723100052244139	16.0892770789547	97.370165065804	0.00102020950192758
SNP.35	9.78e-36	0.247642	756004	3.54974425433668e-06	12.4785097257423	0.99984225847501	73.4670448773663	0.0141237	0.247642	330	0.0081321844098653	2.45410177911551	0.734521563951989	1.54875966271201	75.0158045400783	1.99670516478356e-13
SNP.36	1.05e-35	0.248826	755211	3.54213730334425e-06	12.4728516860568	0.999842596455183	73.3954219461695	0.0129342	0.248826	330	0.00810624562119973	2.4855759068858	0.735144070869481	1.60660759789634	75.0020295440659	1.96938913016919e-13
SNP.37	1.598e-40	0.20283	752730	4.10816276574657e-06	13.3276752767483	0.99981744831939	84.4930124722821	2.39327e-10	0.20283	330	0.00937071926866792	6.33371526708491	0.705977163876553	13.548423060062	98.0414355323441	0.00199626606238191
SNP.38	1.184e-35	0.238095	755930	3.64617344849925e-06	12.4632792156582	0.999837974103379	73.2902032028812	0.0434617	0.238095	330	0.00835227846946678	2.01924558985537	0.729281632222635	0.833431119231023	74.1236343221122	8.18180903424894e-14
SNP.39	3.057e-40	0.20892	753019	4.01757180883305e-06	13.2791858005337	0.999821473130475	83.8372616170286	9.60792e-11	0.20892	330	0.00916759971489592	6.47299489535716	0.710505380975129	14.2651586965517	98.1024203135804	0.00212179673876549
SNP.4	2.144e-40	0.206573	752736	4.05272173439093e-06	13.3057261284166	0.999819911471747	84.1942012521117	3.11746e-11	0.206573	330	0.00924433196199543	6.64091300798126	0.708787950772982	15.0125340567118	99.2067353088235	0.00640179386995685
SNP.40	1.695e-35	0.253521	754787	3.50037085342887e-06	12.4346412779499	0.999844452160964	72.9138478150285	0.00708269	0.253521	330	0.00800616489499096	2.69293111906315	0.73755583756431	2.00547401348027	74.9193218285088	1.81305939689237e-13
SNP.41	6.297e-35	0.245283	748526	3.6083738957682e-06	12.3293275738881	0.999839653541965	71.6248850331853	0.0135373	0.245283	330	0.00818473235970844	2.4693123444728	0.73326368749901	1.5747915827149	73.1996766159002	3.24772766981221e-14
SNP.42	1.434e-36	0.252358	751245	3.52758626015784e-06	12.6304804461809	0.999843242965058	75.371607751597	0.0269666	0.252358	330	0.00803055012124932	2.21200093977199	0.736966740220641	1.13523263098953	76.5068403825865	8.86875341490489e-13
SNP.43	1.858e-36	0.255869	750369	3.49967771031766e-06	12.6100818317232	0.999844482957743	75.1103395772421	0.015995	0.255869	330	0.00795772625397986	2.40902961483604	0.738728814238389	1.47247995614619	76.5828195333882	9.56885350910819e-13
SNP.44	3.539e-36	0.246377	746168	3.6089351421274e-06	12.5591983918768	0.999839628605681	74.4850750464166	0.03818	0.246377	330	0.00816021793069976	2.07291704979385	0.733849969718284	0.914823638249214	75.3998986846658	2.93172957953975e-13
SNP.45	3.277e-39	0.2277	745620	3.81332121996387e-06	13.1003599104297	0.999830547775813	81.4537044773115	1.0268e-11	0.2277	330	0.00861602596372564	6.80269484393384	0.723100052244139	16.0892770789547	97.5429815562662	0.00121266994000606
SNP.46	1.258e-40	0.20283	748365	4.13212450964491e-06	13.3455139199093	0.999816383742915	84.7336883450932	2.29896e-11	0.20283	330	0.00937071926866792	6.68565375598015	0.705977163876553	15.1658227646109	99.8995111097041	0.0127988336304488
SNP.47	9.471e-36	0.253521	755006	3.4993555221376e-06	12.4810660749909	0.999844497272764	73.4919696651658	0.00708269	0.253521	330	0.00800616489499096	2.69293111906315	0.73755583756431	2.00547401348027	75.4974436786461	3.23211765462068e-13
SNP.48	3.969e-40	0.206573	752973	4.05144613081544e-06	13.259620342945	0.999819968144824	83.5817510665563	3.11746e-11	0.206573	330	0.00924433196199543	6.64091300798126	0.708787950772982	15.0125340567118	98.5942851232681	0.00346990792046094
SNP.49	9.218e-41	0.206573	752102	4.05613806034087e-06	13.3686653550227	0.999819759689744	85.0338905335719	3.11746e-11	0.206573	330	0.00924433196199543	6.64091300798126	0.708787950772982	15.0125340567118	100.046424590284	0.0148242970129176
SNP.5	2.905e-39	0.230047	745082	3.78865572821866e-06	13.1095019102837	0.999831643649601	81.5703395416268	9.50805e-12	0.230047	330	0.00855411874937157	6.81375966396951	0.724541571493003	16.1746026929847	97.7449422346115	0.00148406533352109
SNP.50	5.117e-35	0.231132	750335	3.74975537210379e-06	12.3460379902706	0.99983337197521	71.8497546059087	0.0349989	0.231132	330	0.00852597787008332	2.10837112587381	0.725198738109574	0.965983596480094	72.8157382023888	2.21226562430605e-14
SNP.51	1.195e-35	0.248826	755506	3.54075421637407e-06	12.4625418898436	0.999842657906369	73.266712296952	0.0129342	0.248826	330	0.00810624562119973	2.4855759068858	0.735144070869481	1.60660759789634	74.8733198948483	1.73154445575411e-13
SNP.52	3.013e-35	0.234742	752501	3.69882891573368e-06	12.3885884685104	0.999835634624163	72.3692396050557	0.0319609	0.234742	330	0.00843446199369245	2.1448992903294	0.727344151147279	1.02333473970504	73.3925743447607	3.93871017177481e-14
SNP.53	7.675e-41	0.209906	755148	3.99240243075279e-06	13.3822859958267	0.999822591371373	85.2083761486655	1.87763e-11	0.209906	330	0.00913592336599426	6.71523528599835	0.71121679426577	15.4149024376811	100.623278586347	0.0263935990570782
SNP.54	1.775e-35	0.247642	755088	3.55405046200648e-06	12.4309554672907	0.999842067148414	72.8754540367898	0.0113474	0.247642	330	0.0081321844098653	2.53181451504252	0.734521563951989	1.69106190274486	74.5665159395347	1.27406146787225e-13
SNP.55	8.217e-41	0.209524	754978	3.9986486226658e-06	13.3772140081202	0.999822313861412	85.1412829399817	3.87791e-11	0.209524	330	0.00914815678740298	6.60866887567138	0.710941877315135	14.9044532945967	100.045736234578	0.0148140961348116
SNP.56	3.093e-40	0.215962	752862	3.92229427750385e-06	13.2783090497131	0.999825706193515	83.8139963652262	7.01547e-11	0.215962	330	0.00894832216469727	6.52032610122644	0.71545947291451	14.5803156296796	98.3943119949058	0.00284099666603772
SNP.57	7.818e-36	0.248826	756172	3.53763569002279e-06	12.4963277856794	0.999842796463947	73.6878451601966	0.0129342	0.248826	330	0.00810624562119973	2.4855759068858	0.735144070869481	1.60660759789634	75.2944527580929	2.63833126967434e-13
SNP.58	5.524e-41	0.218447	754444	3.88184755483997e-06	13.406703704184	0.999827503202286	85.5217839013703	7.93911e-11	0.218447	330	0.00887465635352631	6.50174973730178	0.717139328841482	14.5263252395719	100.048109140942	0.014849290337564
SNP.59	1.519e-40	0.206573	752203	4.05559343349932e-06	13.3314578422828	0.999819783886657	84.5371924976869	3.11746e-11	0.206573	330	0.00924433196199543	6.64091300798126	0.708787950772982	15.0125340567118	99.5497265543987	0.00902112896669427
SNP.6	1.14e-40	0.2277	754096	3.77045968686939e-06	13.3528515399386	0.999832452090923	84.7872647296745	1.0268e-11	0.2277	330	0.00861602596372564	6.80269484393384	0.723100052244139	16.0892770789547	100.876541808629	0.0340008234376552
SNP.60	4.165e-40	0.199531	746073	4.19598362131604e-06	13.2560049335993	0.999813546610402	83.550786813682	2.62272e-10	0.199531	330	0.00948639420698824	6.31958185323947	0.703424082577095	13.4386381453869	96.9894249590689	0.000697165739634444
SNP.61	2.59e-36	0.259434	742377	3.50553925702709e-06	12.583876945464	0.999844222525645	74.7811044916465	0.0123039	0.259434	330	0.00788615671822424	2.50330632692826	0.740468767032506	1.64565041118271	76.4267549028292	8.18619146580258e-13
SNP.62	2.59e-39	0.213615	735410	4.04737557881636e-06	13.11820411458	0.999820148993145	81.7164736659107	2.83709e-12	0.213615	330	0.00901963780126467	6.98556641926821	0.713840690107715	16.7914450257942	98.5079186917049	0.0031828009982281
SNP.63	1.564e-40	0.213615	746834	3.98546460715144e-06	13.3292798961448	0.999822899609786	84.4997216831479	4.15834e-11	0.213615	330	0.00901963780126467	6.59832319195642	0.713840690107715	14.9139479091164	99.4136695922643	0.00787357744675935
SNP.64	3.786e-39	0.2277	745089	3.81603884640554e-06	13.0893973035191	0.999830427033361	81.3105205985806	1.0268e-11	0.2277	330	0.00861602596372564	6.80269484393384	0.723100052244139	16.0892770789547	97.3997976775353	0.00105089335002483
SNP.65	4.148e-41	0.20892	753609	4.01442645445537e-06	13.4279382291881	0.999821612874113	85.8229028421035	1.57793e-11	0.20892	330	0.00916759971489592	6.74054557327409	0.710505380975129	15.5210805882108	101.343983430314	0.0542621193030632
SNP.66	2.777e-35	0.239437	755717	3.63315859458659e-06	12.3951285640409	0.999838552354236	72.4415388936574	0.0383239	0.239437	330	0.00832012034431877	2.0713735577034	0.730042574416733	0.911410598605416	73.3529494922628	3.78569106311155e-14
SNP.67	3.719e-35	0.246479	756135	3.56037202192903e-06	12.3716927745637	0.999841786279012	72.1415011671305	0.0146119	0.246479	330	0.00815794514788275	2.44185782104149	0.733904372633854	1.52606488596267	73.6675660530931	5.18538976484835e-14
SNP.68	3.821e-35	0.244076	756122	3.58405708720325e-06	12.3695195663697	0.999840733943619	72.1178556769857	0.0147798	0.244076	330	0.00821207397845544	2.43773021106047	0.732610894848188	1.51725541163952	73.6351110886252	5.01979976776153e-14
SNP.69	8.845e-35	0.246479	747439	3.6017947936906e-06	12.3019167195574	0.999839945852822	71.286467227764	0.0146119	0.246479	330	0.00815794514788275	2.44185782104149	0.733904372633854	1.52606488596267	72.8125321137267	2.20518426237329e-14
SNP.7	3.845e-36	0.232057	755662	3.71294709809327e-06	12.5526347072786	0.999835007356038	74.416515380531	0.0539972	0.232057	330	0.00850222130314957	1.92685903429822	0.725754447721273	0.700419682555128	75.1169350630861	2.20919661645823e-13
SNP.70	9.905e-35	0.246479	747644	3.60080720075505e-06	12.2927722038319	0.999839989731794	71.1738981876963	0.0146119	0.246479	330	0.00815794514788275	2.44185782104149	0.733904372633854	1.52606488596267	72.699963073659	1.97041076475346e-14
SNP.71	3.056e-34	0.260563	750922	3.45590067669202e-06	12.2013800855971	0.99984642800235	70.0347360522735	0.0136033	0.260563	330	0.00786397529679675	2.46757163443046	0.741009692573872	1.58048825825235	71.6152243105258	6.65979271971952e-15
SNP.72	3.622e-35	0.245283	755741	3.57392503344901e-06	12.3738151067489	0.999841184113894	72.1696094067362	0.0100127	0.245283	330	0.00818473235970844	2.57539040145958	0.73326368749901	1.77098811181528	73.9405975185514	6.81329926175697e-14
SNP.73	1.001e-38	0.204762	745134	4.12087211110529e-06	13.0153367784517	0.999816883666128	80.3812914156803	2.07362e-11	0.204762	330	0.00930485430192826	6.70074332258761	0.707439178510428	15.2674544404909	95.6487458561713	0.000182425901172615
SNP.74	2.199e-35	0.235577	755147	3.67681577584517e-06	12.413821857604	0.999836612665302	72.6792038743563	0.0692808	0.235577	330	0.0084137466747944	1.8165842296096	0.727831544868854	0.550247096668001	73.2294509710243	3.34588063639804e-14
SNP.75	1.279e-40	0.205189	751533	4.07947245503004e-06	13.3442801954867	0.999818722980426	84.7110248843435	7.17999e-11	0.205189	330	0.00929047931074573	6.51684845182765	0.707759067740593	14.4139325983229	99.1249574826663	0.00589910365869179
SNP.76	2.692e-39	0.2277	745365	3.81462581155469e-06	13.1152761132611	0.999830489813617	81.6493562321866	1.0268e-11	0.2277	330	0.00861602596372564	6.80269484393384	0.723100052244139	16.0892770789547	97.7386333111412	0.00147473195166057
SNP.77	1.259e-40	0.206311	751001	4.06590047341064e-06	13.3454547082379	0.9998193259613	84.7250835360481	2.27313e-10	0.206311	330	0.0092530161255511	6.3416528999632	0.708594103660428	13.632090100026	98.3571736360741	0.00273742191496593
SNP.78	2.443e-40	0.206573	748707	4.074530553953e-06	13.2959652628246	0.999818942540898	84.0669941608459	1.40812e-10	0.206573	330	0.00924433196199543	6.41501175070118	0.708787950772982	13.9673022499264	98.0342964107722	0.00198206522733124
SNP.79	1.252e-35	0.248826	754183	3.54696546460993e-06	12.4588260739904	0.999842381937832	73.2212727584703	0.0129342	0.248826	330	0.00810624562119973	2.4855759068858	0.735144070869481	1.60660759789634	74.8278803563666	1.65462470829566e-13
SNP.8	2.504e-40	0.205189	753013	4.07145450682271e-06	13.2941205574653	0.999819079204621	84.0421076941948	1.86751e-11	0.205189	330	0.00929047931074573	6.71602325707784	0.707759067740593	15.3466368357233	99.3887445299181	0.0076797536081012
SNP.80	1.015e-35	0.240566	756584	3.61733364574249e-06	12.475552280018	0.999839255458706	73.4393461767936	0.0351412	0.240566	330	0.00829338411827405	2.10672758114371	0.730676430806693	0.965560122326717	74.4049062991203	1.08393741217989e-13
SNP.81	2.869e-39	0.2277	745910	3.81183865081506e-06	13.1104476429137	0.999830613645451	81.5856971451553	1.0268e-11	0.2277	330	0.00861602596372564	6.80269484393384	0.723100052244139	16.0892770789547	97.6749742241099	0.00138377761095538
SNP.82	6.032e-36	0.247642	756117	3.5492137529715e-06	12.5169346843861	0.999842282045412	73.9471207136467	0.0144396	0.247642	330	0.0081321844098653	2.44613730084622	0.734521563951989	1.53442626485909	75.4815469785057	3.18114388028955e-13
SNP.83	3.139e-36	0.262911	741230	3.48087420749322e-06	12.5686853908343	0.999845318409763	74.5866376529813	0.00633425	0.262911	330	0.00781857087521272	2.72995745288855	0.742119412310266	2.08775536501577	76.674393017997	1.04864807756188e-12
SNP.84	1.324e-36	0.254717	754118	3.49262172563463e-06	12.6367588814193	0.999844796459628	75.4460588979063	0.0157365	0.254717	330	0.00798136033482465	2.41497013310126	0.73815603217334	1.48248954293165	76.9285484408379	1.35209766472261e-12
SNP.85	1.851e-40	0.2277	754107	3.77040468796797e-06	13.3167042052195	0.9998324545345	84.3053217358361	1.0268e-11	0.2277	330	0.00861602596372564	6.80269484393384	0.723100052244139	16.0892770789547	100.394598814791	0.0209983056101884
SNP.86	3.613e-35	0.239437	755214	3.63557841039122e-06	12.3740148791707	0.999838444841602	72.1804217876508	0.0383239	0.239437	330	0.00832012034431877	2.0713735577034	0.730042574416733	0.911410598605416	73.0918323862562	2.91570412701197e-14
SNP.87	1.478e-35	0.242925	753947	3.6059364638949e-06	12.4455836493815	0.999839761837544	73.0644416708304	0.013505	0.242925	330	0.00823843933073991	2.47016697172973	0.731982510819895	1.57482642345467	74.639268094285	1.3702071854671e-13
SNP.88	5.926e-34	0.29108	754841	3.20999922810628e-06	12.1473434149631	0.999857353718504	69.3408804499556	0.00196296	0.29108	330	0.00734254250709993	3.09577991446468	0.753957207052548	2.9117827238902	72.2526631738458	1.25978633505242e-14
SNP.89	5.218e-35	0.246479	752966	3.57535652181016e-06	12.3444649115046	0.9998411205124	71.8071191942909	0.0146119	0.246479	330	0.00815794514788275	2.44185782104149	0.733904372633854	1.52606488596267	73.3331840802536	3.7115999522672e-14
SNP.9	1.927e-40	0.211268	752921	3.98526689691236e-06	13.3136989834008	0.999822908393796	84.2921734560606	6.09681e-12	0.211268	330	0.00909270041603076	6.87736886625391	0.71218983194558	16.2199223754835	100.512095831544	0.0236163381262562
SNP.90	4.466e-34	0.29108	753457	3.21589556848364e-06	12.1704524657936	0.999857091733759	69.6227190168896	0.000989517	0.29108	330	0.00734254250709993	3.29349045869332	0.753957207052548	3.38799194356393	73.0107109604536	2.68851747683603e-14
SNP.91	4.339e-40	0.204762	747352	4.10864213869278e-06	13.2529343818624	0.999817427021704	83.499920989499	1.53464e-10	0.204762	330	0.00930485430192826	6.40189121466049	0.707439178510428	13.8823769762483	97.3822979657472	0.00103266299747326
SNP.92	1.74e-40	0.207547	752984	4.0373303096948e-06	13.3213215182909	0.999820595289173	84.3999519565607	1.71815e-11	0.207547	330	0.00921225795731888	6.72816587067047	0.709504823979499	15.4409246522279	99.8408766087886	0.0120699578531725
SNP.93	1.992e-40	0.203791	752466	4.09516156378372e-06	13.311220804384	0.999818025939973	84.2723545829454	2.80095e-11	0.203791	330	0.00933778739773964	6.6566732109033	0.706707401457094	15.0442689468322	99.3166235297777	0.00714538335985569
SNP.94	6.02e-36	0.242857	756488	3.59450774417602e-06	12.5170927809742	0.99984026961813	73.9552811176648	0.0208927	0.242857	330	0.00824000598295827	2.30991789762092	0.731945205621418	1.29444565879585	75.2497267764607	2.52292928430485e-13
SNP.95	2.571e-35	0.271226	742847	3.40522992461821e-06	12.4013056087052	0.9998486793492	72.4864996899824	0.00225718	0.271226	330	0.0076653479812511	3.05412501384594	0.745888958880388	2.7937146440152	75.2802143339976	2.60103176339766e-13
SNP.96	2.81e-41	0.201923	750001	4.13692432838324e-06	13.4567517591474	0.999816170496016	86.2246887279219	2.53545e-09	0.201923	330	0.00940211328245988	5.95915534079306	0.705282430689967	11.9119610490283	98.1366497769502	0.00219568201532631
SNP.97	9.059e-41	0.2277	753195	3.77497005161938e-06	13.3699596325097	0.999832251697475	85.016394344114	1.0268e-11	0.2277	330	0.00861602596372564	6.80269484393384	0.723100052244139	16.0892770789547	101.105671423069	0.0427562061316733
SNP.98	2.04e-36	0.248826	753395	3.55067534957879e-06	12.6027147861164	0.999842217106056	75.0245345068137	0.0390867	0.248826	330	0.00810624562119973	2.06327297706976	0.735144070869481	0.900504580850353	75.925039087664	4.95666409043414e-13
SNP.99	8.853e-36	0.253521	755507	3.49703499153154e-06	12.4864373134875	0.999844600375395	73.5586888594649	0.00708269	0.253521	330	0.00800616489499096	2.69293111906315	0.73755583756431	2.00547401348027	75.5641628729452	3.45511843982511e-13
