snp	pvalues.df1	MAF.df1	N.df1	V.df1	z.df1	r.df1	lABF.df1	pvalues.df2	MAF.df2	N.df2	V.df2	z.df2	r.df2	lABF.df2	internal.sum.lABF	SNP.PP.H4
SNP.1	4.74e-35	0.241036	754748	3.62130367534989e-06	12.3521954278317	0.999839079069698	71.908790833977	2.55853e-07	0.241036	396	0.00690194875344187	5.15336520624656	0.765255398160167	9.43688140127177	81.3456722352488	1.12339167421078e-08
SNP.10	3.308e-40	0.151394	753048	5.16811992899991e-06	13.273275278548	0.999770358528252	83.8801935696955	1.98574e-08	0.151394	396	0.00982788478862002	5.61323902418636	0.695993571714299	10.3694869265135	94.249680496209	0.00451513544737115
SNP.100	7.812e-34	0.292829	753602	3.20397733306213e-06	12.124727092797	0.999857621282006	69.0655280492013	9.71508e-08	0.292829	396	0.00609728213674314	5.33197409551274	0.786788055326801	10.4114373723915	79.4769654215929	1.73365287204345e-09
SNP.101	1.524e-35	0.239044	755070	3.64036890218473e-06	12.4431364009181	0.999838231999689	73.0386246702449	4.82844e-07	0.239044	396	0.00694124582568845	5.03300759061057	0.764233963916296	8.95701080575138	81.9956354759962	2.15182351804703e-08
SNP.102	5.477e-34	0.280876	753421	3.28559378631803e-06	12.1537849880503	0.99985399493009	69.4305266299672	6.57477e-08	0.280876	396	0.00625109938404423	5.40242022645433	0.782578770274317	10.6572691308093	80.0877957607765	3.19331961816807e-09
SNP.103	8.321e-36	0.231076	756785	3.71842675469925e-06	12.4913684123061	0.999834763896162	73.6501835700746	4.60665e-07	0.231076	396	0.00710618583726028	5.04201091693846	0.75997631453367	8.94650225287545	82.59668582295	3.9249985332813e-08
SNP.104	2.186e-35	0.238	754957	3.65187463012738e-06	12.4142964463408	0.999837720799696	72.6817771953557	6.97339e-07	0.238	396	0.00696214220994212	4.96210326953066	0.76369192164198	8.68068082442151	81.3624580197772	1.14240783891526e-08
SNP.105	2.003e-35	0.248963	754814	3.54269623613663e-06	12.4212921374757	0.999842571621546	72.7538345166528	7.24011e-07	0.248963	396	0.00675271898177585	4.95480973492719	0.769159270767865	8.7084700560689	81.4623045727217	1.26236219952566e-08
SNP.106	3.356e-34	0.292829	754694	3.19934135709345e-06	12.1937534990881	0.999857827266756	69.9040086311212	9.71508e-08	0.292829	396	0.00609728213674314	5.33197409551274	0.786788055326801	10.4114373723915	80.3154460035127	4.00967925207148e-09
SNP.107	3.045e-36	0.229084	748923	3.78034137030568e-06	12.5710891113273	0.999832013052342	74.6570549051236	7.05813e-07	0.229084	396	0.00714945606079151	4.95975731419162	0.758867210038097	8.62255658395373	83.2796114890774	7.77016689592065e-08
SNP.108	1.007e-33	0.292	745810	3.24284128181283e-06	12.1039084349628	0.999855894490199	68.8192612311201	6.56764e-08	0.292	396	0.00610743297067885	5.40261479310851	0.786508877712353	10.7063275244619	79.525588755582	1.82003185407407e-09
SNP.109	1.929e-35	0.238	754563	3.65378148032315e-06	12.4243031331604	0.99983763607831	72.8062875002783	2.84332e-07	0.238	396	0.00696214220994212	5.13354698951812	0.76369192164198	9.34159349728193	82.1478809975602	2.50568249909973e-08
SNP.11	4.921e-34	0.29065	753790	3.21727905982208e-06	12.1625310338521	0.999857030262832	69.5265672318855	9.4088e-08	0.29065	396	0.00612412318813962	5.33778680242306	0.786050278365307	10.4270525498	79.9536197816854	2.79235417196338e-09
SNP.110	1.07e-35	0.25	755611	3.52915278717047e-06	12.4713483744681	0.999843173363466	73.3748843657382	4.55474e-07	0.25	396	0.00673400673400673	5.04417848199192	0.769651598042039	9.05732508854782	82.4322094542861	3.32972463667503e-08
SNP.111	2.845e-35	0.237052	754166	3.66576391998643e-06	12.3931891540532	0.99983710369864	72.4218606161759	3.46003e-07	0.237052	396	0.00698129927394061	5.09649319221614	0.763195671633387	9.19145431292453	81.6133149291004	1.46813822385389e-08
SNP.112	2.044e-35	0.239044	754864	3.64136234735347e-06	12.4196711259297	0.999838187860857	72.7470985547535	4.82844e-07	0.239044	396	0.00694124582568845	5.03300759061057	0.764233963916296	8.95701080575138	81.7041093605049	1.60767577040104e-08
SNP.113	4.204e-39	0.171315	743271	4.73846795111385e-06	13.081439958072	0.999789445766817	81.3111365904072	4.70748e-08	0.171315	396	0.00889385306184936	5.46201963376895	0.716700812597693	10.0602777673339	91.3714143577412	0.000253895896410065
SNP.114	1.027e-35	0.233068	756735	3.69646565028399e-06	12.4746160773187	0.999835739623669	73.4382134987939	3.23017e-07	0.233068	396	0.00706374983299912	5.10949736250309	0.761067189619006	9.21879014578552	82.6570036445794	4.16903168568257e-08
SNP.115	6.388e-35	0.237052	755744	3.65810977325719e-06	12.3281713081942	0.999837443772234	71.6173076453401	3.46003e-07	0.237052	396	0.00698129927394061	5.09649319221614	0.763195671633387	9.19145431292453	80.8087619582646	6.5668036407557e-09
SNP.116	1.224e-35	0.242915	755455	3.59883909293168e-06	12.4606298954055	0.99984007717527	73.2508237004748	1.15847e-06	0.242915	396	0.0068655580478553	4.86261164130319	0.766203726260985	8.33178789505479	81.5826115955295	1.42374646105774e-08
SNP.117	1.103e-33	0.261603	753448	3.43545351368447e-06	12.0964334552494	0.999847336486876	68.7570448638494	2.19453e-06	0.261603	396	0.00653645348226903	4.73463191644043	0.774888021835708	7.93965275878078	76.6966976226302	1.07524437703197e-10
SNP.118	2.73e-35	0.23494	754614	3.68631705528915e-06	12.3964968172859	0.999836190524372	72.4655768430678	6.91496e-07	0.23494	396	0.00702461226858578	4.96373690917662	0.762076053541947	8.6703734685016	81.1359503115694	9.10856845676169e-09
SNP.119	4.775e-34	0.292	754033	3.20747693587525e-06	12.1649906534422	0.999857465788414	69.5549879412705	1.17794e-07	0.292	396	0.00610743297067885	5.29688628341881	0.786508877712353	10.2614614672891	79.8164494085596	2.43443490114994e-09
SNP.12	4.599e-35	0.219124	749702	3.89770810923251e-06	12.3546242416474	0.999826798532424	71.9746240781672	3.64474e-07	0.219124	396	0.00737908981037332	5.08663412046332	0.753034986768189	9.04270159483831	81.0173256730055	8.0896941190572e-09
SNP.120	9.043e-36	0.238	753570	3.6585961690846e-06	12.4847472920404	0.99983742216167	73.5596102245411	4.88759e-07	0.238	396	0.00696214220994212	5.03067383863615	0.76369192164198	8.942325653034	82.5019358775751	3.57018006242294e-08
SNP.121	2.744e-34	0.292	754604	3.20504987568158e-06	12.2101449131712	0.99985757362702	70.1048597081841	1.12398e-07	0.292	396	0.00610743297067885	5.30544573857365	0.786508877712353	10.2971493805557	80.4020090887398	4.37223507134807e-09
SNP.122	1.831e-35	0.231076	754570	3.72934199816461e-06	12.4284723389084	0.999834278934772	72.8680608714076	4.60665e-07	0.231076	396	0.00710618583726028	5.04201091693846	0.75997631453367	8.94650225287545	81.814563124283	1.79542772216052e-08
SNP.123	4.997e-34	0.292	753942	3.20786407494055e-06	12.1612792243286	0.999857448587138	69.5099108277329	8.1697e-08	0.292	396	0.00610743297067885	5.36334004230507	0.786508877712353	10.5400476740556	80.0499585017885	3.07475046810043e-09
SNP.124	3.732e-35	0.226908	755662	3.77191097448449e-06	12.3714125266185	0.999832387610868	72.1661690330366	5.33486e-07	0.226908	396	0.00719770149192146	5.01386075690222	0.757634391541062	8.81435564637913	80.9805246794158	7.79739674235204e-09
SNP.125	5.339e-34	0.237052	743259	3.71955739853871e-06	12.1558705626529	0.999834713661933	69.5164671815467	3.46003e-07	0.237052	396	0.00698129927394061	5.09649319221614	0.763195671633387	9.19145431292453	78.7079214944712	8.03471746116563e-10
SNP.126	4.076e-34	0.293033	754815	3.1975239699321e-06	12.1779086210743	0.999857908016559	69.7106749977494	2.31045e-07	0.293033	396	0.00609479559435429	5.17244946324402	0.786856472736681	9.75297612990601	79.4636511276554	1.71072349110246e-09
SNP.127	2.446e-36	0.270916	742838	3.40771817015044e-06	12.5883937695757	0.999848568793988	74.8241408137506	2.82996e-07	0.270916	396	0.00639238017696519	5.13443292289706	0.778752039886918	9.51065134127127	84.3347921550218	2.23197583227302e-07
SNP.128	2.758e-36	0.243028	742633	3.65981920806263e-06	12.5789126181544	0.999837367822058	74.739645018618	5.03561e-07	0.243028	396	0.00686339019682115	5.02495103449744	0.766260293827918	8.94731355245322	83.6869585710712	1.16772058740466e-07
SNP.129	3.864e-35	0.237052	754931	3.66204926341677e-06	12.3686206311901	0.999837268740732	72.1172354022659	3.46003e-07	0.237052	396	0.00698129927394061	5.09649319221614	0.763195671633387	9.19145431292453	81.3086897151904	1.08260467078781e-08
SNP.13	1.764e-40	0.151394	753596	5.16436177513353e-06	13.3202988392613	0.999770525480636	84.5049634295069	1.98574e-08	0.151394	396	0.00982788478862002	5.61323902418636	0.695993571714299	10.3694869265135	94.8744503560204	0.00843344244942072
SNP.130	7.887e-36	0.239044	756131	3.63526075107703e-06	12.4956290135363	0.999838458955233	73.6923850022568	4.82844e-07	0.239044	396	0.00694124582568845	5.03300759061057	0.764233963916296	8.95701080575138	82.6493958080082	4.13743471863844e-08
SNP.131	1.678e-35	0.233193	752689	3.71494900636152e-06	12.4354467571881	0.999834918411703	72.9528685234104	3.68772e-06	0.233193	396	0.00706111427436679	4.62824813685744	0.761135043529477	7.43608695156622	80.3889554749766	4.31553249536726e-09
SNP.132	1.476e-34	0.25	753790	3.53767848693491e-06	12.2604925399136	0.99984279456246	70.7690445810062	2.63184e-07	0.25	396	0.00673400673400673	5.14806735155415	0.769651598042039	9.46480207965256	80.2338466606588	3.69548538435602e-09
SNP.133	4.179e-35	0.240816	755062	3.62205470411102e-06	12.3623235587327	0.999839045701385	72.0340277541736	8.68485e-07	0.240816	396	0.00690625219443302	4.91931299000321	0.765143407300966	8.5337075173837	80.5677352715574	5.16032993917244e-09
SNP.134	2.292e-35	0.238	754835	3.65246486336362e-06	12.4105058932034	0.999837694575622	72.6348137375675	5.12962e-07	0.238	396	0.00696214220994212	5.02140003062281	0.76369192164198	8.90672958949864	81.5415433270662	1.36646003767192e-08
SNP.135	2.489e-35	0.238956	754834	3.64242689706934e-06	12.4039024155308	0.999838140562849	72.5515548442329	3.81611e-07	0.238956	396	0.00694299915258191	5.07790918999966	0.764188453879942	9.13000027911503	81.6815551233479	1.57182172006206e-08
SNP.136	1.246e-32	0.293522	727897	3.31253728012506e-06	11.8957025808459	0.999852797792563	66.331603142327	1.70487e-07	0.293522	396	0.00608885340553331	5.22893748160512	0.787020020734556	9.98598840335857	76.3175915456856	7.35975746641976e-11
SNP.137	1.472e-32	0.293522	708300	3.4041874185955e-06	11.8817794501672	0.999848725668781	66.1794554438482	1.70487e-07	0.293522	396	0.00608885340553331	5.22893748160512	0.787020020734556	9.98598840335857	76.1654438472068	6.32101173998376e-11
SNP.138	1.337e-38	0.169323	744668	4.77374451479062e-06	12.9932096806863	0.999787878582163	80.1646675024853	6.67778e-08	0.169323	396	0.00897690601095985	5.39963182460637	0.714809771715358	9.7932059462115	89.9578734486968	6.17678756179132e-05
SNP.139	1.965e-40	0.15	753114	5.20713813240888e-06	13.3122402938458	0.999768625185254	84.4016333969815	1.16661e-08	0.15	396	0.00990295107942167	5.70453517816588	0.694381198331321	10.7054714699167	95.1071048668982	0.0106425440366887
SNP.14	1.817e-40	0.151394	753644	5.16403285409759e-06	13.3180885922932	0.99977054009264	84.4755009343079	1.98574e-08	0.151394	396	0.00982788478862002	5.61323902418636	0.695993571714299	10.3694869265135	94.8449878608214	0.00818859678488622
SNP.140	3.369e-35	0.237052	755077	3.66134117776132e-06	12.3796281694652	0.999837300200965	72.2533276230436	3.46003e-07	0.237052	396	0.00698129927394061	5.09649319221614	0.763195671633387	9.19145431292453	81.4447819359681	1.24043495784471e-08
SNP.141	6.287e-35	0.236	750735	3.69383914374142e-06	12.3294556471052	0.999835856318961	71.6378778821206	3.09893e-07	0.236	396	0.00700276345852706	5.11732887779906	0.762640422875265	9.26656374758432	80.9044416297049	7.22615351490427e-09
SNP.142	9.75e-36	0.236948	753581	3.66971960405932e-06	12.4787543709867	0.999836927947762	73.4862993836496	7.09549e-07	0.236948	396	0.00698341153774401	4.95873164201715	0.76314099442651	8.66229928162849	82.148598665278	2.50748139196687e-08
SNP.15	8.346e-34	0.273092	752747	3.34605090988766e-06	12.1193088300251	0.999851308738606	69.0210843110413	8.04812e-07	0.273092	396	0.00636042874814446	4.93419694599577	0.779614197569626	8.73417256443996	77.7552568754813	3.09908595896628e-10
SNP.16	1.409e-40	0.169323	754106	4.71399880168053e-06	13.3370641632826	0.999790532827836	84.6845387587912	6.67778e-08	0.169323	396	0.00897690601095985	5.39963182460637	0.714809771715358	9.7932059462115	94.4777447050027	0.00567175954292959
SNP.17	2.219e-35	0.227642	756200	3.76064457535918e-06	12.4130971374048	0.999832888172126	72.6811918891216	2.20822e-07	0.227642	396	0.00718131168658235	5.18089650053008	0.758052751764717	9.46419015382515	82.1453820429467	2.49942872945637e-08
SNP.18	2.273e-40	0.154	751175	5.1090222587501e-06	13.3013586737567	0.999772983892071	84.2477439503421	2.59615e-08	0.154	396	0.0096913378667086	5.56669582209663	0.69894578762658	10.2292693495863	94.4770132999284	0.00566761270591317
SNP.19	1.057e-40	0.154	754763	5.08473493694922e-06	13.3584803643015	0.999774062839716	85.006712867224	1.44819e-08	0.154	396	0.0096913378667086	5.66759117278485	0.69894578762658	10.6253924455324	95.6321053127564	0.0179907907574254
SNP.2	1.588e-40	0.154	751270	5.1083762099067e-06	13.328143671706	0.999773012592319	84.6042379044108	3.20935e-08	0.154	396	0.0096913378667086	5.52961464699066	0.69894578762658	10.0854737538913	94.6897116583021	0.00701090187266228
SNP.20	9.448e-41	0.153386	754694	5.10185297676651e-06	13.3668318882878	0.999773302382273	85.119898329929	1.68667e-08	0.153386	396	0.00972307532941369	5.64140611771638	0.69825737518795	10.5120916936822	95.6319900236112	0.0179887167340957
SNP.21	3.372e-40	0.153386	753311	5.11121944382575e-06	13.2718395878137	0.999772886283743	83.8558310647121	1.68667e-08	0.153386	396	0.00972307532941369	5.64140611771638	0.69825737518795	10.5120916936822	94.3679227583943	0.00508186056770942
SNP.22	2.883e-42	0.151394	747937	5.20343608658687e-06	13.6240082760905	0.999768789644521	88.5992515440808	1.98574e-08	0.151394	396	0.00982788478862002	5.61323902418636	0.695993571714299	10.3694869265135	98.9687384705943	0.505977984891824
SNP.23	2.915e-35	0.237052	756448	3.65470529696751e-06	12.391240231486	0.999837595033126	72.3962404044746	3.46003e-07	0.237052	396	0.00698129927394061	5.09649319221614	0.763195671633387	9.19145431292453	81.5876947173991	1.43100196250732e-08
SNP.24	8.657e-39	0.152	744981	5.20697350096172e-06	13.0264247044924	0.999768632498822	80.6384885779386	1.68386e-08	0.152	396	0.00979569779222212	5.64169314905344	0.696687222699326	10.4908294869732	91.1293180649118	0.000199303349524318
SNP.25	2.019e-40	0.153386	750286	5.13182683729647e-06	13.3102149650257	0.999771970816399	84.367693705255	2.52251e-08	0.153386	396	0.00972307532941369	5.57171004359173	0.69825737518795	10.2392440718919	94.6069377771469	0.00645395077646453
SNP.26	1.256e-34	0.246964	739862	3.63387423543885e-06	12.2735643095726	0.999838520558246	70.9424614087805	1.40152e-06	0.246964	396	0.00678930671611177	4.82478837475885	0.768198449286714	8.21034879867483	79.1528102074553	1.25367025745805e-09
SNP.27	6.937e-36	0.234818	749736	3.71163712099038e-06	12.505831648888	0.999835065558036	73.8300338438616	8.77053e-07	0.234818	396	0.00702714133470415	4.91739091655119	0.762010780012594	8.49522481942653	82.3252586632881	2.99199029927514e-08
SNP.28	1.723e-39	0.157371	747148	5.04663923519963e-06	13.149061374345	0.99977575521988	82.2281356297116	4.13543e-08	0.157371	396	0.00952168285682054	5.48496854280587	0.702648892645802	9.96313294964866	92.1912685793603	0.000576386560724811
SNP.29	2.095e-40	0.153386	753251	5.11162657659641e-06	13.3074539392532	0.999772868197172	84.329063936915	1.68667e-08	0.153386	396	0.00972307532941369	5.64140611771638	0.69825737518795	10.5120916936822	94.8411556305972	0.00815727624887725
SNP.3	1.692e-40	0.150602	753196	5.18943439530356e-06	13.3234096483315	0.999769411654568	84.5487178401383	2.59098e-08	0.150602	396	0.00987035663839662	5.5670433193754	0.695080386396215	10.1771021505402	94.7258199906785	0.0072686798061757
SNP.30	2.13e-35	0.256303	754400	3.47711140448333e-06	12.416373411903	0.999845485593748	72.6836422817241	2.10557e-07	0.256303	396	0.00662407283722783	5.18976734085468	0.772556782348085	9.66347319811118	82.3471154798352	3.05810558516351e-08
SNP.31	1.42e-35	0.223108	748150	3.85572038568881e-06	12.4487795061675	0.999828664010577	73.1368374071716	3.27033e-07	0.223108	396	0.00728448789533607	5.10716220796402	0.755426787227833	9.14781812660535	82.284655533777	2.87293940440843e-08
SNP.32	6.966e-41	0.155378	753798	5.05432433595097e-06	13.3894872366123	0.999775413813132	85.4184269978289	1.114e-08	0.155378	396	0.00962105953482619	5.71239064754135	0.700475025601354	10.8259640564218	96.2443910542507	0.033186585526932
SNP.33	8.2e-41	0.154	754443	5.08689164750233e-06	13.3773679735528	0.999773967029232	85.2593473602528	1.81879e-08	0.154	396	0.0096913378667086	5.62840939164929	0.69894578762658	10.4707166437337	95.7300640039864	0.0198423529999885
SNP.34	3.9e-39	0.169323	745306	4.76965807378459e-06	13.0871436622465	0.999788060124753	81.3889108287022	6.67778e-08	0.169323	396	0.00897690601095985	5.39963182460637	0.714809771715358	9.7932059462115	91.1821167749137	0.000210109063000289
SNP.35	9.78e-36	0.238	756004	3.64681710035539e-06	12.4785097257423	0.9998379455059	73.4801965274137	4.99894e-07	0.238	396	0.00696214220994212	5.02635351589046	0.76369192164198	8.92573459723444	82.4059311246482	3.24336470208505e-08
SNP.36	1.05e-35	0.239044	755211	3.63968923515763e-06	12.4728516860568	0.999838262197341	73.4086666340927	4.82844e-07	0.239044	396	0.00694124582568845	5.03300759061057	0.764233963916296	8.95701080575138	82.365677439844	3.11540012315687e-08
SNP.37	1.598e-40	0.151394	752730	5.17030326450856e-06	13.3276752767483	0.99977026153569	84.6037757684929	1.98574e-08	0.151394	396	0.00982788478862002	5.61323902418636	0.695993571714299	10.3694869265135	94.9732626950064	0.00930933243497782
SNP.38	1.184e-35	0.226721	755930	3.77277111616773e-06	12.4632792156582	0.999832349395164	73.3068293018021	1.14969e-06	0.226721	396	0.0072018961359714	4.86411681887815	0.757527394783079	8.25297658565606	81.5598058874582	1.39164436179861e-08
SNP.39	3.057e-40	0.155378	753019	5.05955304685695e-06	13.2791858005337	0.999775181530405	83.948457238944	4.74404e-08	0.155378	396	0.00962105953482619	5.46064643573804	0.700475025601354	9.84083439801317	93.7892916369571	0.00284922300300315
SNP.4	2.144e-40	0.151394	752736	5.17026205242413e-06	13.3057261284166	0.999770263366497	84.3115488572973	1.98574e-08	0.151394	396	0.00982788478862002	5.61323902418636	0.695993571714299	10.3694869265135	94.6810357838108	0.00695033926462035
SNP.40	1.695e-35	0.248996	754787	3.54250908122052e-06	12.4346412779499	0.999842579936924	72.9196853043855	4.70305e-07	0.248996	396	0.00675212071183635	5.03804739551445	0.769175001759642	9.02852206060314	81.9482073649886	2.05214896476141e-08
SNP.41	6.297e-35	0.236	748526	3.70474015542107e-06	12.3293275738881	0.999835371988826	71.6377354158112	6.93403e-07	0.236	396	0.00700276345852706	4.96320227522234	0.762640422875265	8.67411491695562	80.3118503327668	3.99528765491216e-09
SNP.42	1.434e-36	0.234	751245	3.71316102085531e-06	12.6304804461809	0.999834997851497	75.3965808023494	4.3746e-07	0.234	396	0.0070441758866476	5.05188983611029	0.761571420584752	9.00141438937533	84.3979951917248	2.3775968563094e-07
SNP.43	1.858e-36	0.241036	750369	3.64243686288077e-06	12.6100818317232	0.999838140120067	75.1298231268002	5.21275e-07	0.241036	396	0.00690194875344187	5.01831189154712	0.765255398160167	8.91125857280459	84.0410816996048	1.663920826783e-07
SNP.44	3.539e-36	0.226141	746168	3.829060586671e-06	12.5591983918768	0.999829848485946	74.513902200027	4.36459e-07	0.226141	396	0.00721495575715942	5.05232727447084	0.757194464089987	8.95632985760001	83.470232057627	9.4019039085067e-08
SNP.45	3.277e-39	0.169323	745620	4.76764944655468e-06	13.1003599104297	0.999788149359246	81.5617215201484	6.67778e-08	0.169323	396	0.00897690601095985	5.39963182460637	0.714809771715358	9.7932059462115	91.3549274663599	0.000249744260171873
SNP.46	1.258e-40	0.156	748365	5.07445600307281e-06	13.3455139199093	0.999774519475019	84.8326531601514	1.53104e-07	0.156	396	0.0095897607745949	5.24878696755598	0.701158234180823	9.05445163181928	93.8871047919707	0.00314199981702573
SNP.47	9.471e-36	0.250996	755006	3.52264325823878e-06	12.4810660749909	0.99984346258521	73.4952049666916	4.09871e-07	0.250996	396	0.00671620402987329	5.0643152061242	0.770120580243551	9.14065216860454	82.6358571352961	4.08179682557373e-08
SNP.48	3.969e-40	0.151394	752973	5.16863470043883e-06	13.259620342945	0.999770335660028	83.6991304576317	1.98574e-08	0.151394	396	0.00982788478862002	5.61323902418636	0.695993571714299	10.3694869265135	94.0686173841452	0.00376735089379423
SNP.49	9.218e-41	0.151394	752102	5.17462043219341e-06	13.3686653550227	0.999770069749759	85.1511927032074	1.98574e-08	0.151394	396	0.00982788478862002	5.61323902418636	0.695993571714299	10.3694869265135	95.5206796297209	0.0160938034552317
SNP.5	2.905e-39	0.175299	745082	4.64183792875682e-06	13.1095019102837	0.999793738644579	81.668612989726	1.33251e-08	0.175299	396	0.00873371183745956	5.6818429435262	0.720375474970447	10.9909091386004	92.6595221283265	0.000920605952207518
SNP.50	5.117e-35	0.216867	750335	3.92360972941632e-06	12.3460379902706	0.999825647749368	71.8718227997476	4.23879e-07	0.216867	396	0.00743439824828685	5.05790882393041	0.751643637977178	8.91799445274112	80.7898172524887	6.44356849048057e-09
SNP.51	1.195e-35	0.239044	755506	3.63826805739812e-06	12.4625418898436	0.999838325340371	73.2799576742291	4.82844e-07	0.239044	396	0.00694124582568845	5.03300759061057	0.764233963916296	8.95701080575138	82.2369684799805	2.73915268788658e-08
SNP.52	3.013e-35	0.223108	752501	3.83342640947066e-06	12.3885884685104	0.99982965451544	72.3866490929803	3.27033e-07	0.223108	396	0.00728448789533607	5.10716220796402	0.755426787227833	9.14781812660535	81.5344672195856	1.35682494924158e-08
SNP.53	7.675e-41	0.155378	755148	5.04528857361891e-06	13.3822859958267	0.999775815222368	85.3211951337516	1.05574e-07	0.155378	396	0.00962105953482619	5.31685867897749	0.700475025601354	9.29808068139927	94.6192758151508	0.00653407312632161
SNP.54	1.775e-35	0.238	755088	3.65124106744787e-06	12.4309554672907	0.9998377489489	72.888607834564	8.02599e-07	0.238	396	0.00696214220994212	4.93473440936951	0.76369192164198	8.57725205467732	81.4658598892413	1.26685828447395e-08
SNP.55	8.217e-41	0.153226	754978	5.10429455997473e-06	13.3772140081202	0.99977319391667	85.2589262696897	1.41113e-08	0.153226	396	0.00973138913712273	5.67203273886456	0.698077265744822	10.6304632558307	95.8893895255204	0.0232695168694104
SNP.56	3.093e-40	0.157371	752862	5.00833673541888e-06	13.2783090497131	0.999777456792707	83.9319322823691	7.43872e-09	0.157371	396	0.00952168285682054	5.78070733236976	0.702648892645802	11.1336396753791	95.0655719577482	0.0102095815537608
SNP.57	7.818e-36	0.239044	756172	3.6350636455365e-06	12.4963277856794	0.999838467712649	73.7010890104944	4.82844e-07	0.239044	396	0.00694124582568845	5.03300759061057	0.764233963916296	8.95701080575138	82.6580998162458	4.17360416574603e-08
SNP.58	5.524e-41	0.159836	754444	4.93519507921441e-06	13.406703704184	0.999780706096843	85.6375953430905	1.53965e-08	0.159836	396	0.00940234423318898	5.65708558335361	0.705277324936911	10.6744999345751	96.3120952776656	0.0355112649007434
SNP.59	1.519e-40	0.151394	752203	5.17392562419125e-06	13.3314578422828	0.999770100615917	84.6545199454288	1.98574e-08	0.151394	396	0.00982788478862002	5.61323902418636	0.695993571714299	10.3694869265135	95.0240068719423	0.00979391781193651
SNP.6	1.14e-40	0.169323	754096	4.71406131359946e-06	13.3528515399386	0.999790530050693	84.8951828853587	6.67778e-08	0.169323	396	0.00897690601095985	5.39963182460637	0.714809771715358	9.7932059462115	94.6883888315702	0.00700163379563226
SNP.60	4.165e-40	0.149402	746073	5.27360882497662e-06	13.2560049335993	0.999765672307894	83.6608501591743	1.73762e-08	0.149402	396	0.00993559888100198	5.63628076503576	0.693682274298274	10.4267654198406	94.0876155790149	0.00383960796385863
SNP.61	2.59e-36	0.243028	742377	3.66108125378504e-06	12.583876945464	0.999837311749383	74.8022609443259	5.03561e-07	0.243028	396	0.00686339019682115	5.02495103449744	0.766260293827918	8.94731355245322	83.7495744967791	1.24317620258482e-07
SNP.62	2.59e-39	0.167331	735410	4.8796836825338e-06	13.11820411458	0.999783172194159	81.8067794218632	5.54395e-08	0.167331	396	0.00906204085093985	5.43291924931167	0.71288165762988	9.89699508892626	91.7037745107895	0.000353995598485384
SNP.63	1.564e-40	0.157371	746834	5.04876105172091e-06	13.3292798961448	0.999775660959222	84.6137461118093	7.68927e-09	0.157371	396	0.00952168285682054	5.77513217570295	0.702648892645802	11.1110053816234	95.7247514934327	0.0197372197981491
SNP.64	3.786e-39	0.169323	745089	4.77104719079211e-06	13.0893973035191	0.99978799841239	81.4185411252767	6.67778e-08	0.169323	396	0.00897690601095985	5.39963182460637	0.714809771715358	9.7932059462115	91.2117470714882	0.000216427807698925
SNP.65	4.148e-41	0.15121	753609	5.16943596817424e-06	13.4279382291881	0.999770300064486	85.9446856357979	2.2993e-08	0.15121	396	0.00983771078419146	5.58782588684139	0.695782090147188	10.2674742538501	96.2121598896479	0.0321339974181795
SNP.66	2.777e-35	0.229084	755717	3.74635558029453e-06	12.3951285640409	0.99983352302674	72.4564905856248	3.39907e-07	0.229084	396	0.00714945606079151	5.09985877452479	0.758867210038097	9.15731774929243	81.6138083349173	1.46886279053153e-08
SNP.67	3.719e-35	0.236	756135	3.66745928911731e-06	12.3716927745637	0.999837028373453	72.155951713471	3.42774e-07	0.236	396	0.00700276345852706	5.09826871748318	0.762640422875265	9.19231653539264	81.3482682488637	1.12631180299895e-08
SNP.68	3.821e-35	0.236	756122	3.66752234371796e-06	12.3695195663697	0.999837025571939	72.1290805727891	3.08731e-07	0.236	396	0.00700276345852706	5.11803763936409	0.762640422875265	9.26933001004029	81.3984105828294	1.18422758781387e-08
SNP.69	8.845e-35	0.237052	747439	3.69875603558348e-06	12.3019167195574	0.999835637862216	71.2994212346447	3.46003e-07	0.237052	396	0.00698129927394061	5.09649319221614	0.763195671633387	9.19145431292453	80.4908755475692	4.77856740330654e-09
SNP.7	3.845e-36	0.228916	755662	3.74856098516995e-06	12.5526347072786	0.999833425041388	74.4211629785141	5.25961e-07	0.228916	396	0.0071531441696351	5.01659198641229	0.758772825953481	8.83670443002255	83.2578674085367	7.60303540640451e-08
SNP.70	9.905e-35	0.237052	747644	3.69774185639219e-06	12.2927722038319	0.999835682922033	71.1868527688355	3.46003e-07	0.237052	396	0.00698129927394061	5.09649319221614	0.763195671633387	9.19145431292453	80.37830708176	4.26982280769262e-09
SNP.71	3.056e-34	0.25498	750922	3.50510577086264e-06	12.2013800855971	0.999844241785696	70.0416410169518	2.77911e-07	0.25498	396	0.00664661877693867	5.1378422611592	0.77195918237358	9.44975125604966	79.4913922730014	1.75884531126224e-09
SNP.72	3.622e-35	0.235887	755741	3.67058617753148e-06	12.3738151067489	0.999836889445947	72.1826219428223	3.69111e-07	0.235887	396	0.00700508199089349	5.0842348507841	0.762580493995728	9.13717757683218	81.3197995196545	1.09469925683475e-08
SNP.73	1.001e-38	0.150602	745134	5.2455816387456e-06	13.0153367784517	0.999766917378452	80.4976949635826	1.52847e-08	0.150602	396	0.00987035663839662	5.6583367580904	0.695080386396215	10.533262573656	91.0309575372387	0.000180633028414517
SNP.74	2.199e-35	0.22479	755147	3.7996373602609e-06	12.413821857604	0.999831155741631	72.6952099470401	1.80377e-05	0.22479	396	0.00724566856992156	4.28789169348909	0.756412650369933	6.24756739646389	78.942777343504	1.01617196436212e-09
SNP.75	1.279e-40	0.15	751533	5.21809238909134e-06	13.3442801954867	0.999768138554905	84.8295779135759	1.90023e-08	0.15	396	0.00990295107942167	5.62084746025592	0.694381198331321	10.376405807568	95.2059837211439	0.0117486508270966
SNP.76	2.692e-39	0.169323	745365	4.76928052744642e-06	13.1152761132611	0.999788076897479	81.7573637310413	6.67778e-08	0.169323	396	0.00897690601095985	5.39963182460637	0.714809771715358	9.7932059462115	91.5505696772528	0.000303711927690627
SNP.77	1.259e-40	0.153846	751001	5.11439030503867e-06	13.3454547082379	0.999772745420603	84.8356236956815	2.44485e-09	0.153846	396	0.0096992733168544	5.96509950887027	0.698773533756198	11.8320774802749	96.6677011759564	0.050676174317852
SNP.78	2.443e-40	0.149402	748707	5.25505592558475e-06	13.2959652628246	0.999766496495484	84.189549709861	4.3465e-08	0.149402	396	0.00993559888100198	5.47616191821023	0.693682274298274	9.80962699311325	93.9991767029742	0.00351461993424687
SNP.79	1.252e-35	0.239044	754183	3.64465036598893e-06	12.4588260739904	0.999838041774005	73.2345177428745	4.82844e-07	0.239044	396	0.00694124582568845	5.03300759061057	0.764233963916296	8.95701080575138	82.1915285486259	2.61747131094729e-08
SNP.8	2.504e-40	0.151394	753013	5.16836014291058e-06	13.2941205574653	0.999770347856981	84.1570546606849	1.98574e-08	0.151394	396	0.00982788478862002	5.61323902418636	0.695993571714299	10.3694869265135	94.5265415871984	0.00595538752839104
SNP.80	1.015e-35	0.231076	756584	3.71941462092123e-06	12.475552280018	0.999834720005507	73.4529055128	4.60665e-07	0.231076	396	0.00710618583726028	5.04201091693846	0.75997631453367	8.94650225287545	82.3994077656754	3.22227592945548e-08
SNP.81	2.869e-39	0.169323	745910	4.76579584713987e-06	13.1104476429137	0.999788231706547	81.6937100071236	6.67778e-08	0.169323	396	0.00897690601095985	5.39963182460637	0.714809771715358	9.7932059462115	91.4869159533351	0.000284981971947965
SNP.82	6.032e-36	0.238	756117	3.64627209166978e-06	12.5169346843861	0.999837969720659	73.9602703432999	6.11868e-07	0.238	396	0.00696214220994212	4.9874330901767	0.76369192164198	8.77691363258602	82.7371839758859	4.51707260598958e-08
SNP.83	3.139e-36	0.25498	741230	3.5509370042601e-06	12.5686853908343	0.999842205480628	74.5963542397991	2.17163e-07	0.25498	396	0.00664661877693867	5.18401195844208	0.77195918237358	9.63369248758995	84.230046727389	2.01001420456337e-07
SNP.84	1.324e-36	0.239919	754118	3.63585184587026e-06	12.6367588814193	0.999838432692841	75.4656429899799	7.15136e-07	0.239919	396	0.00692389222804038	4.95720746890872	0.764684693160953	8.67223037609312	84.1378733660731	1.83302650320761e-07
SNP.85	1.851e-40	0.169323	754107	4.71399255057983e-06	13.3167042052195	0.999790533105547	84.4132601531489	6.67778e-08	0.169323	396	0.00897690601095985	5.39963182460637	0.714809771715358	9.7932059462115	94.2064660993604	0.0043241724843892
SNP.86	3.613e-35	0.229084	755214	3.74885078940994e-06	12.3740148791707	0.99983341216549	72.1953745366685	3.39907e-07	0.229084	396	0.00714945606079151	5.09985877452479	0.758867210038097	9.15731774929243	81.3526922859609	1.1313056866166e-08
SNP.87	1.478e-35	0.234	753947	3.69985377103755e-06	12.4455836493815	0.999835589090013	73.0769723165867	8.25827e-07	0.234	396	0.0070441758866476	4.92916288987736	0.761571420584752	8.53497317209657	81.6119454886833	1.46612907205313e-08
SNP.88	5.926e-34	0.28	754841	3.28567039967189e-06	12.1473434149631	0.999853991526047	69.3522807162431	1.2393e-07	0.28	396	0.00626302709636043	5.28760238166688	0.782254243429304	10.1732075154288	79.5254882316719	1.81984890655106e-09
SNP.89	5.218e-35	0.237052	752966	3.67160603862656e-06	12.3444649115046	0.999836844133575	71.8200733667691	3.46003e-07	0.237052	396	0.00698129927394061	5.09649319221614	0.763195671633387	9.19145431292453	81.0115276796936	8.04292583876428e-09
SNP.9	1.927e-40	0.161355	752921	4.90749656420228e-06	13.3136989834008	0.999781936603607	84.3926015782091	2.08198e-08	0.161355	396	0.00933070005205995	5.60504738313903	0.706864755195477	10.4900675470684	94.8826691252775	0.008503040580678
SNP.90	4.466e-34	0.280876	753457	3.28543680141205e-06	12.1704524657936	0.99985400190516	69.6331855058103	7.333e-08	0.280876	396	0.00625109938404423	5.38281474157064	0.782578770274317	10.5745310837883	80.2077165895986	3.60017277436855e-09
SNP.91	4.339e-40	0.148594	747352	5.28818723173951e-06	13.2529343818624	0.999765024682744	83.6214842597795	1.80779e-07	0.148594	396	0.00998014470710856	5.2180885890773	0.692730903845871	8.84097818767661	92.4624624474561	0.000755947867951707
SNP.92	1.74e-40	0.151394	752984	5.16855919421067e-06	13.3213215182909	0.999770339014319	84.5189727965139	1.98574e-08	0.151394	396	0.00982788478862002	5.61323902418636	0.695993571714299	10.3694869265135	94.8884597230274	0.00855242110171695
SNP.93	1.992e-40	0.150602	752466	5.19446889135863e-06	13.311220804384	0.999769188002417	84.3868975032132	1.89478e-08	0.150602	396	0.00987035663839662	5.62134359057658	0.695080386396215	10.3882440933332	94.7751415965464	0.00763617089796459
SNP.94	6.02e-36	0.231707	756488	3.71280320635223e-06	12.5170927809742	0.999835013749117	73.9710568101253	3.55264e-07	0.231707	396	0.00709265422213886	5.091488192403	0.760323823307721	9.14079977644186	83.1118565865672	6.57015051167706e-08
SNP.95	2.571e-35	0.262	742847	3.48107177067773e-06	12.4013056087052	0.999845309631893	72.4972527682138	3.2057e-07	0.262	396	0.00653005990311272	5.11093398307533	0.775058683140625	9.37694648224088	81.8741992504547	1.90575719072553e-08
SNP.96	2.81e-41	0.152	750001	5.17212153813123e-06	13.4567517591474	0.999770180760662	86.3321669038163	7.03471e-08	0.152	396	0.00979569779222212	5.39028227006999	0.696687222699326	9.52467805505468	95.856844958871	0.0225244108664278
SNP.97	9.059e-41	0.17	753195	4.7047392894834e-06	13.3699596325097	0.999790944189493	85.1227706631275	5.8003e-08	0.17	396	0.00894844977056175	5.42485070469584	0.715456569851713	9.89915285452506	95.0219235176526	0.00977353485108673
SNP.98	2.04e-36	0.233068	753395	3.71285306362221e-06	12.6027147861164	0.999835011533969	75.0462900667351	4.91113e-07	0.233068	396	0.00706374983299912	5.0297526416982	0.761067189619006	8.91110907572883	83.9573991424639	1.53034653629348e-07
SNP.99	8.853e-36	0.250996	755507	3.52030728481645e-06	12.4864373134875	0.999843566373761	73.5619241454257	4.09871e-07	0.250996	396	0.00671620402987329	5.0643152061242	0.770120580243551	9.14065216860454	82.7025763140303	4.36342137483241e-08
