snp	pvalues.df1	MAF.df1	N.df1	V.df1	z.df1	r.df1	lABF.df1	pvalues.df2	MAF.df2	N.df2	V.df2	z.df2	r.df2	lABF.df2	internal.sum.lABF	SNP.PP.H4
SNP.1	4.74e-35	0.254065	754748	3.4956038384625e-06	12.3521954278317	0.999844663962435	71.891555709474	0.00341708	0.254065	368	0.0071692934942171	2.92749186499178	0.758359817512524	2.53949816814545	74.4310538776195	6.25939477364318e-12
SNP.10	3.308e-40	0.193089	753048	4.26151651303433e-06	13.273275278548	0.999810635131932	83.7873197317557	1.45114e-08	0.193089	368	0.00872045241061814	5.66724238022554	0.720681420758262	10.9355906988926	94.7229104306483	0.00406605895656397
SNP.100	7.812e-34	0.306122	753602	3.12356323088825e-06	12.124727092797	0.999861194237231	69.0530831926013	9.17661e-06	0.306122	368	0.00639653124435828	4.43571755992944	0.778640169982093	6.90611962103498	75.9592028136363	2.88535326672212e-11
SNP.101	1.524e-35	0.254065	755070	3.49411313636073e-06	12.4431364009181	0.999844730195285	73.0186282670613	0.00347904	0.254065	368	0.0071692934942171	2.92189930369068	0.758359817512524	2.52709402595454	75.5457222930159	1.9082122735401e-11
SNP.102	5.477e-34	0.294715	753421	3.19275354195302e-06	12.1537849880503	0.999858119975378	69.416501522914	4.09167e-05	0.294715	368	0.00653665099546681	4.10224142817043	0.774882750889994	5.77444557556946	75.1909470984834	1.33828859098906e-11
SNP.103	8.321e-36	0.243902	756785	3.58264715687082e-06	12.4913684123061	0.999840796587235	73.6320578867454	0.0020104	0.243902	368	0.00736764572992523	3.0886916188247	0.753323519485053	2.89352038478081	76.5255782715262	5.08361590050008e-11
SNP.104	2.186e-35	0.252033	754957	3.51324099460308e-06	12.4142964463408	0.999843880332952	72.6629040824383	0.00487208	0.252033	368	0.00720746163468085	2.81537200684246	0.757385476978391	2.29349894147303	74.9564030239113	1.05849443295708e-11
SNP.105	2.003e-35	0.262605	754814	3.42079365786363e-06	12.4212921374757	0.999847987837528	72.73674730609	0.000529319	0.262605	368	0.00701647539148554	3.46546318030948	0.76228613686343	3.85896913447943	76.5957164405695	5.45297302365802e-11
SNP.106	3.356e-34	0.306911	754694	3.11456677635738e-06	12.1937534990881	0.999861593968821	69.8908630973493	9.1633e-06	0.306911	368	0.00638735015955504	4.43603019611276	0.778887640289765	6.90907506589559	76.7999381632449	6.68845356718484e-11
SNP.107	3.045e-36	0.245935	748923	3.60001005072964e-06	12.5710891113273	0.999840025149348	74.6332531578984	0.000334996	0.245935	368	0.00732644110658313	3.58661683950721	0.754364220645618	4.15005020176809	78.7833033596665	4.86060441288214e-10
SNP.108	1.007e-33	0.306122	745810	3.15619728606997e-06	12.1039084349628	0.999859744239501	68.8060041733133	6.47425e-06	0.306122	368	0.00639653124435828	4.51027873430442	0.778640169982093	7.1658054573775	75.9718096306908	2.92195864131167e-11
SNP.109	1.929e-35	0.256148	754563	3.47773906930098e-06	12.4243031331604	0.999845457706154	72.7822049661945	0.00420714	0.256148	368	0.00713090550366563	2.86219799201065	0.759342302151938	2.39814355456742	75.180348520762	1.32417953537704e-11
SNP.11	4.921e-34	0.307377	753790	3.1156693068347e-06	12.1625310338521	0.999861544981032	69.5108574168163	1.3077e-05	0.307377	368	0.00638195751847535	4.35881265093036	0.779033068849543	6.64565002014248	76.1565074369588	3.51469224005287e-11
SNP.110	1.07e-35	0.268443	755611	3.36954669176172e-06	12.4713483744681	0.999850264793245	73.3522995850868	0.000355183	0.268443	368	0.00691865909051295	3.57132266418062	0.764820719080833	4.15369029668875	77.5059898817756	1.35506485557526e-10
SNP.111	2.845e-35	0.252033	754166	3.51692582476876e-06	12.3931891540532	0.99984371661388	72.4016470220524	0.00332355	0.252033	368	0.00720746163468085	2.9361113482126	0.757385476978391	2.55647465808642	74.9581216801388	1.06031518518144e-11
SNP.112	2.044e-35	0.254065	754864	3.49506666879318e-06	12.4196711259297	0.999844687829227	72.7271003936163	0.00347904	0.254065	368	0.0071692934942171	2.92189930369068	0.758359817512524	2.52709402595454	75.2541944195708	1.42566582166293e-11
SNP.113	4.204e-39	0.213415	743271	4.00730330784011e-06	13.081439958072	0.999821929345568	81.2301345249218	6.97669e-09	0.213415	368	0.00809378352424355	5.79148473745124	0.735443525060254	11.6690140182965	92.8991485432183	0.000656332556612447
SNP.114	1.027e-35	0.243902	756735	3.58288387429217e-06	12.4746160773187	0.99984078606981	73.4230041234901	0.0020104	0.243902	368	0.00736764572992523	3.0886916188247	0.753323519485053	2.89352038478081	76.3165245082709	4.12459996362497e-11
SNP.115	6.388e-35	0.25102	755744	3.5189796089636e-06	12.3281713081942	0.99984362536312	71.5983927400683	0.00336582	0.25102	368	0.00722676012390376	2.93218885599746	0.756893785472013	2.54665634876409	74.1450490888324	4.70242677291667e-12
SNP.116	1.224e-35	0.257202	755455	3.46430672863562e-06	12.4606298954055	0.999846054514922	73.2322413398192	0.00621114	0.257202	368	0.00711176043391691	2.73642156404912	0.759833244302112	2.13160590661994	75.3638472464392	1.59088708338892e-11
SNP.117	1.103e-33	0.270563	753448	3.36248631512039e-06	12.0964334552494	0.999850578493896	68.7465495417497	4.95049e-05	0.270563	368	0.00688439834009464	4.05795218549295	0.765712462089075	5.57888128325093	74.3254308250007	5.63197650017335e-12
SNP.118	2.73e-35	0.25102	754614	3.52424912020793e-06	12.3964968172859	0.999843391235915	72.4436534851511	0.00368196	0.25102	368	0.00722676012390376	2.90419734282787	0.756893785472013	2.48482975194539	74.9284832370965	1.02935023708109e-11
SNP.119	4.775e-34	0.306911	754033	3.11729706619771e-06	12.1649906534422	0.999861472656208	69.5410272644597	9.1633e-06	0.306911	368	0.00638735015955504	4.43603019611276	0.778887640289765	6.90907506589559	76.4501023303553	4.71404739545052e-11
SNP.12	4.599e-35	0.23374	749702	3.72367818020747e-06	12.3546242416474	0.999834530576652	71.9523796527629	0.000385392	0.23374	368	0.00758600266048342	3.54989010170468	0.747856079583238	4.02325873734131	75.9756383901042	2.93316756240326e-11
SNP.120	9.043e-36	0.254065	753570	3.50106825626271e-06	12.4847472920404	0.999844421174926	73.5381535011682	0.00347904	0.254065	368	0.0071692934942171	2.92189930369068	0.758359817512524	2.52709402595454	76.0652475271228	3.20814232741291e-11
SNP.121	2.744e-34	0.306911	754604	3.11493824405417e-06	12.2101449131712	0.999861577463716	70.0909010089692	9.1633e-06	0.306911	368	0.00638735015955504	4.43603019611276	0.778887640289765	6.90907506589559	76.9999760748648	8.16960535188719e-11
SNP.122	1.831e-35	0.242857	754570	3.60364442580043e-06	12.4284723389084	0.99983986367327	72.8513519248202	0.00194922	0.242857	368	0.00738913579993541	3.09786226274084	0.752781885384877	2.9133878662614	75.7647397910816	2.37544388597143e-11
SNP.123	4.997e-34	0.306911	753942	3.11767332064835e-06	12.1612792243286	0.999861455938421	69.4959500060364	9.1633e-06	0.306911	368	0.00638735015955504	4.43603019611276	0.778887640289765	6.90907506589559	76.405025071932	4.50626927858413e-11
SNP.124	3.732e-35	0.242857	755662	3.5984368333676e-06	12.3714125266185	0.999840095047756	72.1432215938121	0.0020934	0.242857	368	0.00738913579993541	3.07665134650887	0.752781885384877	2.86409303944119	75.0073146332533	1.11377947216207e-11
SNP.125	5.339e-34	0.252033	743259	3.56853516952039e-06	12.1558705626529	0.999841423587377	69.4962415400581	0.00332355	0.252033	368	0.00720746163468085	2.9361113482126	0.757385476978391	2.55647465808642	72.0527161981445	5.80274401919535e-13
SNP.126	4.076e-34	0.303347	754815	3.13453603096271e-06	12.1779086210743	0.999860706692841	69.7009361290338	2.0029e-06	0.303347	368	0.00642933373426934	4.75313148471469	0.777757282856009	8.03365436515352	77.7345904941873	1.70309967577829e-10
SNP.127	2.446e-36	0.295082	742838	3.23589613717266e-06	12.5883937695757	0.999856203074433	74.7988810215414	0.00083878	0.295082	368	0.00653192014876376	3.33966998646251	0.775009020578272	3.57614362267932	78.3750246442207	3.23129853454718e-10
SNP.128	2.758e-36	0.260163	742633	3.49795470557208e-06	12.5789126181544	0.999844559511921	74.7175999213158	0.000832241	0.260163	368	0.00705895814364975	3.3418430662259	0.761190563302508	3.53441109451376	78.2520110158296	2.85728093657841e-10
SNP.129	3.864e-35	0.252033	754931	3.51336199144366e-06	12.3686206311901	0.999843874956993	72.0970192808572	0.00332355	0.252033	368	0.00720746163468085	2.9361113482126	0.757385476978391	2.55647465808642	74.6534939389436	7.81874112574272e-12
SNP.13	1.764e-40	0.193089	753596	4.25841762311302e-06	13.3202988392613	0.999810772808235	84.4121121631308	1.45114e-08	0.193089	368	0.00872045241061814	5.66724238022554	0.720681420758262	10.9355906988926	95.3477028620234	0.00759482159798439
SNP.130	7.887e-36	0.254065	756131	3.48921021075963e-06	12.4956290135363	0.999844948035473	73.6723921362724	0.00347904	0.254065	368	0.0071692934942171	2.92189930369068	0.758359817512524	2.52709402595454	76.1994861622269	3.66904235940577e-11
SNP.131	1.678e-35	0.245763	752689	3.58368725321267e-06	12.4354467571881	0.999840750375451	72.9353360071361	0.0093318	0.245763	368	0.00732989667101466	2.59965325308542	0.75427683334428	1.84700087206168	74.7823368791978	8.89390757760063e-12
SNP.132	1.476e-34	0.268443	753790	3.37768681636631e-06	12.2604925399136	0.999849903118395	70.7464426057381	0.000457592	0.268443	368	0.00691865909051295	3.50442642007335	0.764820719080833	3.9726797801688	74.7191223859069	8.34908546069203e-12
SNP.133	4.179e-35	0.253112	755062	3.50283090637207e-06	12.3623235587327	0.999844342859301	72.0177001823264	0.00225903	0.253112	368	0.00718710464626932	3.05387923270836	0.757904829995858	2.82496563241583	74.8426658147422	9.44698304498498e-12
SNP.134	2.292e-35	0.253061	754835	3.5043511631872e-06	12.4105058932034	0.999844275313369	72.6146253838078	0.00352149	0.253061	368	0.00718806225615329	2.91811982369528	0.757880383228331	2.51767444365884	75.1322998274667	1.26205880002643e-11
SNP.135	2.489e-35	0.253061	754834	3.50435580573266e-06	12.4039024155308	0.999844275107098	72.5327080932535	0.00352149	0.253061	368	0.00718806225615329	2.91811982369528	0.757880383228331	2.51767444365884	75.0503825369123	1.16279555288874e-11
SNP.136	1.246e-32	0.3125	727897	3.19725555576232e-06	11.8957025808459	0.999857919942688	66.3142572944029	1.98949e-05	0.3125	368	0.00632411067193676	4.26606706264087	0.780596503256771	6.34474457385931	72.6590018682622	1.0639958489554e-12
SNP.137	1.472e-32	0.311715	708300	3.2902337749613e-06	11.8817794501672	0.99985378876863	66.1627915470627	2.51902e-05	0.311715	368	0.00633280593153556	4.21308877289445	0.780361094699801	6.16786515949519	72.3306567065579	7.66198754593021e-13
SNP.138	1.337e-38	0.213415	744668	3.99978559159468e-06	12.9932096806863	0.999822263347418	80.0791420499212	6.97669e-09	0.213415	368	0.00809378352424355	5.79148473745124	0.735443525060254	11.6690140182965	91.7481560682177	0.000207612867499408
SNP.139	1.965e-40	0.192623	753114	4.26898636319687e-06	13.3122402938458	0.999810303264426	84.3060202519395	1.50913e-08	0.192623	368	0.00873650379329523	5.66052227231097	0.720311086954281	10.9028896514215	95.2089099033609	0.00661059515049239
SNP.14	1.817e-40	0.193089	753644	4.25814640215735e-06	13.3180885922932	0.999810784857939	84.3826482545814	1.45114e-08	0.193089	368	0.00872045241061814	5.66724238022554	0.720681420758262	10.9355906988926	95.318238953474	0.00737431294450791
SNP.140	3.369e-35	0.252033	755077	3.51268265562658e-06	12.3796281694652	0.99984390514027	72.2331123029699	0.00332355	0.252033	368	0.00720746163468085	2.9361113482126	0.757385476978391	2.55647465808642	74.7895869610563	8.95862344979049e-12
SNP.141	6.287e-35	0.25102	750735	3.54245869127799e-06	12.3294556471052	0.999842582175772	71.6174698107884	0.00268936	0.25102	368	0.00722676012390376	3.00117947854576	0.756893785472013	2.70157236389324	74.3190421746816	5.59611046148728e-12
SNP.142	9.75e-36	0.253061	753581	3.51018259518805e-06	12.4787543709867	0.999844016219394	73.4646312190177	0.00436348	0.253061	368	0.00718806225615329	2.85061476762257	0.757880383228331	2.37010802713679	75.8347392461545	2.54768161351347e-11
SNP.15	8.346e-34	0.294715	752747	3.19561229248577e-06	12.1193088300251	0.999857992955865	68.9985774810411	4.09167e-05	0.294715	368	0.00653665099546681	4.10224142817043	0.774882750889994	5.77444557556946	74.7730230566106	8.81145586665694e-12
SNP.16	1.409e-40	0.213415	754106	3.94972634738568e-06	13.3370641632826	0.999824487416857	84.5991304878624	6.97669e-09	0.213415	368	0.00809378352424355	5.79148473745124	0.735443525060254	11.6690140182965	96.2681445061589	0.0190660313909172
SNP.17	2.219e-35	0.241736	756200	3.60721112912334e-06	12.4130971374048	0.999839705203913	72.6608927798237	0.00262045	0.241736	368	0.00741242678218226	3.00907432637315	0.752195740046155	2.70783074889081	75.3687235287145	1.59866364281578e-11
SNP.18	2.273e-40	0.193878	751175	4.25892089879233e-06	13.3013586737567	0.999810750448892	84.1601076686289	3.03729e-08	0.193878	368	0.00869346441888676	5.53927349387354	0.721304940607267	10.4272798721165	94.5873875407454	0.00355072328536454
SNP.19	1.057e-40	0.195122	754763	4.21816055932326e-06	13.3584803643015	0.999812561337202	84.9167452520574	1.32063e-08	0.195122	368	0.00865138999520789	5.68337403903606	0.722279166466127	11.0245065177068	95.9412517697642	0.0137496800411836
SNP.2	1.588e-40	0.193089	751270	4.27160206997148e-06	13.328143671706	0.999810187054907	84.5181120015508	3.91912e-08	0.193089	368	0.00872045241061814	5.49445808123415	0.720681420758262	10.2406496439159	94.7587616454668	0.00421447669116894
SNP.20	9.448e-41	0.197154	754694	4.18563415670771e-06	13.3668318882878	0.999814006415306	85.024582236012	3.48159e-09	0.197154	368	0.00858389397897383	5.90711108471334	0.723847533877826	11.9855528652659	97.0101351012779	0.0400407980522539
SNP.21	3.372e-40	0.195122	753311	4.22629102487087e-06	13.2718395878137	0.999812200118759	83.7642565129321	1.32063e-08	0.195122	368	0.00865138999520789	5.68337403903606	0.722279166466127	11.0245065177068	94.7887630306389	0.00434283263022306
SNP.22	2.883e-42	0.193878	747937	4.27735879646324e-06	13.6240082760905	0.999809931297581	88.5050986055545	2.1369e-08	0.193878	368	0.00869346441888676	5.6005360178302	0.721304940607267	10.6734081772828	99.1785067828373	0.350118114370308
SNP.23	2.915e-35	0.252033	756448	3.5063162062198e-06	12.391240231486	0.999844188005329	72.3760251096095	0.00332355	0.252033	368	0.00720746163468085	2.9361113482126	0.757385476978391	2.55647465808642	74.9324997676959	1.03349296793914e-11
SNP.24	8.657e-39	0.193089	744981	4.30766219152901e-06	13.0264247044924	0.999808584993762	80.5470965611822	1.45114e-08	0.193089	368	0.00872045241061814	5.66724238022554	0.720681420758262	10.9355906988926	91.4826872600748	0.000159207172120299
SNP.25	2.019e-40	0.193089	750286	4.27720427557955e-06	13.3102149650257	0.999809938162565	84.2799948175646	3.91912e-08	0.193089	368	0.00872045241061814	5.49445808123415	0.720681420758262	10.2406496439159	94.5206444614805	0.00332147262332285
SNP.26	1.256e-34	0.267347	739862	3.45021083641033e-06	12.2735643095726	0.999846680806539	70.9171481107784	0.000214527	0.267347	368	0.00693663013545711	3.70126533620154	0.764353796493105	4.51286898941336	75.4300171001918	1.69971676522405e-11
SNP.27	6.937e-36	0.253086	749736	3.52795403198427e-06	12.505831648888	0.999843226624768	73.8052986318271	0.00352535	0.253086	368	0.007187592782945	2.91777821301173	0.757892368185738	2.51694525241211	76.3222438842392	4.1482576907642e-11
SNP.28	1.723e-39	0.199187	747148	4.19537958710669e-06	13.149061374345	0.999813573446358	82.1390545359034	1.19353e-09	0.199187	368	0.00851785181453148	6.08111049968679	0.725388725645373	12.7662036837997	94.905258219703	0.00487939874385823
SNP.29	2.095e-40	0.195122	753251	4.22662766891316e-06	13.3074539392532	0.999812185162421	84.2375082711874	1.32063e-08	0.195122	368	0.00865138999520789	5.68337403903606	0.722279166466127	11.0245065177068	95.2620147888942	0.00697113863181102
SNP.3	1.692e-40	0.195122	753196	4.22693630640166e-06	13.3234096483315	0.999812171450352	84.4499608103886	2.48503e-08	0.195122	368	0.00865138999520789	5.57431691071146	0.722279166466127	10.5811240947793	95.0310849051679	0.00553365584099668
SNP.30	2.13e-35	0.273504	754400	3.33558041243932e-06	12.416373411903	0.999851773955887	72.6633525572445	0.00265252	0.273504	368	0.00683793984550062	3.00537683217006	0.766925016497049	2.73534701177464	75.3986995690191	1.64731072947005e-11
SNP.31	1.42e-35	0.237805	748150	3.68717921444452e-06	12.4487795061675	0.999836152218742	73.1150733161946	0.000946053	0.237805	368	0.00749609546001813	3.30609709140328	0.750097626205728	3.40604531134788	76.5211186275425	5.06099526092426e-11
SNP.32	6.966e-41	0.195122	753798	4.22356058020385e-06	13.3894872366123	0.999812321426294	85.3319709891099	1.32063e-08	0.195122	368	0.00865138999520789	5.68337403903606	0.722279166466127	11.0245065177068	96.3564775068168	0.0208268140012536
SNP.33	8.2e-41	0.197959	754443	4.17418554592596e-06	13.3773679735528	0.999814515053451	85.1641219008313	4.52365e-09	0.197959	368	0.00855756811365495	5.86381003200669	0.724461101321952	11.8105191311789	96.9746410320102	0.0386445136865279
SNP.34	3.9e-39	0.213415	745306	3.99636167818537e-06	13.0871436622465	0.999822415467282	81.303424960196	6.97669e-09	0.213415	368	0.00809378352424355	5.79148473745124	0.735443525060254	11.6690140182965	92.9724389784924	0.000706242061342216
SNP.35	9.78e-36	0.253061	756004	3.49893242663321e-06	12.4785097257423	0.999844516071161	73.4600129456795	0.0039598	0.253061	368	0.00718806225615329	2.88134654691887	0.757880383228331	2.43685961893831	75.8968725646178	2.71099870522446e-11
SNP.36	1.05e-35	0.254065	755211	3.49346077569301e-06	12.4728516860568	0.99984475918009	73.3886725415456	0.00347904	0.254065	368	0.0071692934942171	2.92189930369068	0.758359817512524	2.52709402595454	75.9157665675002	2.7627072752616e-11
SNP.37	1.598e-40	0.195122	752730	4.22955311763382e-06	13.3276752767483	0.99981205519133	84.5070910071298	2.48503e-08	0.195122	368	0.00865138999520789	5.57431691071146	0.722279166466127	10.5811240947793	95.088215101909	0.00585899968180878
SNP.38	1.184e-35	0.241803	755930	3.60781846263422e-06	12.4632792156582	0.999839678219966	73.28504892728	0.00248419	0.241803	368	0.00741102774581274	3.0252605770531	0.752230922695386	2.74465545848832	76.0297043857683	3.09611752124712e-11
SNP.39	3.057e-40	0.195122	753019	4.22792986396957e-06	13.2791858005337	0.999812127308826	83.8619503306978	5.20293e-09	0.195122	368	0.00865138999520789	5.84054829270538	0.722279166466127	11.678625604729	95.5405759354268	0.00921045930959475
SNP.4	2.144e-40	0.195122	752736	4.2295194041955e-06	13.3057261284166	0.999812056689142	84.2148518504133	2.48503e-08	0.195122	368	0.00865138999520789	5.57431691071146	0.722279166466127	10.5811240947793	94.7959759451926	0.00437427035341285
SNP.40	1.695e-35	0.268293	754787	3.37441926080365e-06	12.4346412779499	0.999850048299516	72.8959604106672	0.000512103	0.268293	368	0.00692110812664185	3.47434454639433	0.764757054803978	3.89214973636047	76.7881101470277	6.60980845463884e-11
SNP.41	6.297e-35	0.252033	748526	3.54342518705102e-06	12.3293275738881	0.999842539233929	71.6160241065431	0.00332355	0.252033	368	0.00720746163468085	2.9361113482126	0.757385476978391	2.55647465808642	74.1724987646295	4.83329478844131e-12
SNP.42	1.434e-36	0.24898	751245	3.5593643359797e-06	12.6304804461809	0.999841831050886	75.3759784816458	0.000470385	0.24898	368	0.00726618114288879	3.49707758951472	0.755891388686765	3.91703538412701	79.2930138657728	8.09197881331956e-10
SNP.43	1.858e-36	0.260163	750369	3.46189221151608e-06	12.6100818317232	0.999846161793768	75.1050461161612	0.000832241	0.260163	368	0.00705895814364975	3.3418430662259	0.761190563302508	3.53441109451376	78.6394572106749	4.20938537764663e-10
SNP.44	3.539e-36	0.245833	746168	3.61431232014753e-06	12.5591983918768	0.999839389696696	74.4858005117743	6.40739e-05	0.245833	368	0.00732848966114087	3.99728219564002	0.754312412582925	5.32445453226094	79.8102550440353	1.3573433718887e-09
SNP.45	3.277e-39	0.213415	745620	3.99467870620641e-06	13.1003599104297	0.999822490239478	81.4762403486039	6.97669e-09	0.213415	368	0.00809378352424355	5.79148473745124	0.735443525060254	11.6690140182965	93.1452543669004	0.000839472258098266
SNP.46	1.258e-40	0.195918	748365	4.24113266331617e-06	13.3455139199093	0.999811540738552	84.7462739906218	8.34439e-08	0.195918	368	0.00862476968908318	5.35951882329392	0.722896915375144	9.74072241738613	94.486996408008	0.00321157089348162
SNP.47	9.471e-36	0.268293	755006	3.37344046352506e-06	12.4810660749909	0.999850091788573	73.474085370145	0.000512103	0.268293	368	0.00692110812664185	3.47434454639433	0.764757054803978	3.89214973636047	77.3662351065055	1.17832571087148e-10
SNP.48	3.969e-40	0.193089	752973	4.26194098209029e-06	13.259620342945	0.999810616273786	83.6062496780114	1.45114e-08	0.193089	368	0.00872045241061814	5.66724238022554	0.720681420758262	10.9355906988926	94.541840376904	0.00339262568944126
SNP.49	9.218e-41	0.193089	752102	4.26687668309282e-06	13.3686653550227	0.999810396992425	85.0583745947404	1.45114e-08	0.193089	368	0.00872045241061814	5.66724238022554	0.720681420758262	10.9355906988926	95.993965293633	0.014493917490116
SNP.5	2.905e-39	0.215447	745082	3.97011598041783e-06	13.1095019102837	0.999823581529839	81.5930347565044	2.45909e-09	0.215447	368	0.00803821183402631	5.96415116978399	0.736781843098293	12.4366839576151	94.0297187141195	0.00203293893736067
SNP.50	5.117e-35	0.232653	750335	3.73262484792547e-06	12.3460379902706	0.999834133078714	71.847523539492	0.000418657	0.232653	368	0.00761064963388087	3.52803487139205	0.747243924444683	3.96281860074313	75.8103421402352	2.48627764065754e-11
SNP.51	1.195e-35	0.254065	755506	3.49209669529017e-06	12.4625418898436	0.999844819787067	73.2599625483519	0.00347904	0.254065	368	0.0071692934942171	2.92189930369068	0.758359817512524	2.52709402595454	75.7870565743064	2.42905210888603e-11
SNP.52	3.013e-35	0.237805	752501	3.66585975206235e-06	12.3885884685104	0.999837099440824	72.3648760615095	0.000946053	0.237805	368	0.00749609546001813	3.30609709140328	0.750097626205728	3.40604531134788	75.7709213728574	2.39017336544368e-11
SNP.53	7.675e-41	0.197959	755148	4.1702885604213e-06	13.3822859958267	0.999814688188591	85.2294605582686	3.23567e-08	0.197959	368	0.00855756811365495	5.52818161216854	0.724461101321952	10.4255392583518	95.6549998166204	0.0103270183436248
SNP.54	1.775e-35	0.252049	755088	3.51248363922408e-06	12.4309554672907	0.999843913982683	72.8697153790058	0.00339501	0.252049	368	0.00720715827764791	2.92950623673838	0.757393211081025	2.54182019108038	75.4115355700862	1.66859190213398e-11
SNP.55	8.217e-41	0.195473	754978	4.21122364329196e-06	13.3772140081202	0.99981286952911	85.1663315846942	3.0145e-09	0.195473	368	0.0086396228363187	5.9308066632694	0.722552104059457	12.0666317517222	97.2329633364164	0.0500352181640588
SNP.56	3.093e-40	0.197154	752862	4.19581939885712e-06	13.2783090497131	0.999813553906457	83.8466249273448	3.48159e-09	0.197154	368	0.00858389397897383	5.90711108471334	0.723847533877826	11.9855528652659	95.8321777926107	0.0123288442372577
SNP.57	7.818e-36	0.254065	756172	3.4890210241478e-06	12.4963277856794	0.99984495644116	73.6810961735328	0.00347904	0.254065	368	0.0071692934942171	2.92189930369068	0.758359817512524	2.52709402595454	76.2081901994873	3.70111722874114e-11
SNP.58	5.524e-41	0.201681	754444	4.11624810406111e-06	13.406703704184	0.999817089102337	85.5501582197132	1.05291e-08	0.201681	368	0.00843880077342468	5.72197791093639	0.727242150229905	11.2557435328365	96.8059017525497	0.0326441457651926
SNP.59	1.519e-40	0.193089	752203	4.26630375989922e-06	13.3314578422828	0.999810422446024	84.5616813218207	1.45114e-08	0.193089	368	0.00872045241061814	5.66724238022554	0.720681420758262	10.9355906988926	95.4972720207133	0.00882012290791011
SNP.6	1.14e-40	0.213415	754096	3.94977872435555e-06	13.3528515399386	0.999824485089809	84.809781808397	6.97669e-09	0.213415	368	0.00809378352424355	5.79148473745124	0.735443525060254	11.6690140182965	96.4787958266935	0.0235366695423504
SNP.60	4.165e-40	0.182927	746073	4.48383899243132e-06	13.2560049335993	0.9998007579723	83.5828327028848	3.2656e-07	0.182927	368	0.00909041089293537	5.10743579714881	0.712241448085493	8.6669129896508	92.2497456925356	0.000342840305070332
SNP.61	2.59e-36	0.259184	742377	3.50773643961618e-06	12.583876945464	0.999844124903517	74.7814100024781	0.000930861	0.259184	368	0.0070762577576982	3.31063030783224	0.760745331080421	3.45387490241164	78.2352849048898	2.80988720000677e-10
SNP.62	2.59e-39	0.199187	735410	4.26234273092232e-06	13.11820411458	0.999810598425045	81.7415222641636	1.94623e-09	0.199187	368	0.00851785181453148	6.00223228166512	0.725388725645373	12.4205151361073	94.1620374002709	0.00232054294105792
SNP.63	1.564e-40	0.195122	746834	4.26294399858135e-06	13.3292798961448	0.99981057171216	84.5322734244331	1.32063e-08	0.195122	368	0.00865138999520789	5.68337403903606	0.722279166466127	11.0245065177068	95.55677994214	0.00936092140627112
SNP.64	3.786e-39	0.213415	745089	3.9975255800604e-06	13.0893973035191	0.999822363756683	81.3330571319403	6.97669e-09	0.213415	368	0.00809378352424355	5.79148473745124	0.735443525060254	11.6690140182965	93.0020711502368	0.000727482696268197
SNP.65	4.148e-41	0.193878	753609	4.24516547194942e-06	13.4279382291881	0.999811361570196	85.8499166681106	1.66269e-08	0.193878	368	0.00869346441888676	5.6438706620922	0.721304940607267	10.8491441588579	96.6990608269685	0.0293362693217033
SNP.66	2.777e-35	0.24187	755717	3.60815449816472e-06	12.3951285640409	0.999839663289842	72.4381717989029	0.00193457	0.24187	368	0.00740962960024334	3.10009742237556	0.752266086231203	2.91716572072906	75.355337519632	1.57740650828391e-11
SNP.67	3.719e-35	0.252033	756135	3.50776763615301e-06	12.3716927745637	0.999844123517437	72.134238600417	0.00332355	0.252033	368	0.00720746163468085	2.9361113482126	0.757385476978391	2.55647465808642	74.6907132585034	8.11523273203262e-12
SNP.68	3.821e-35	0.25	756122	3.52676772619586e-06	12.3695195663697	0.999843279332942	72.1099948634648	0.00433074	0.25	368	0.0072463768115942	2.85300896344316	0.756394640682095	2.37229478405781	74.4822896475226	6.58845759530769e-12
SNP.69	8.845e-35	0.252033	747439	3.54857838775145e-06	12.3019167195574	0.99984231027496	71.2792047196728	0.00332355	0.252033	368	0.00720746163468085	2.9361113482126	0.757385476978391	2.55647465808642	73.8356793777592	3.45115514296873e-12
SNP.7	3.845e-36	0.235417	755662	3.6760377481077e-06	12.5526347072786	0.999836647233015	74.411650170145	0.00131383	0.235417	368	0.00754848379568087	3.21294160291925	0.748789860845961	3.17414378329123	77.5857939534362	1.46763665412144e-10
SNP.70	9.905e-35	0.252033	747644	3.54760538647077e-06	12.2927722038319	0.999842353505826	71.1666353644263	0.00332355	0.252033	368	0.00720746163468085	2.9361113482126	0.757385476978391	2.55647465808642	73.7231100225127	3.08372920000113e-12
SNP.71	3.056e-34	0.264228	750922	3.42494090179859e-06	12.2013800855971	0.999847803571643	70.030339685927	0.000310994	0.264228	368	0.00698875943440326	3.60596588065839	0.763002595956961	4.24080449118341	74.2711441771105	5.33438604964487e-12
SNP.72	3.622e-35	0.25102	755741	3.51899357795407e-06	12.3738151067489	0.99984362474247	72.1620527673448	0.00378612	0.25102	368	0.00722676012390376	2.89545276943515	0.756893785472013	2.46563664140179	74.6276894087466	7.61956308431668e-12
SNP.73	1.001e-38	0.191358	745134	4.33643365456724e-06	13.0153367784517	0.999807306753196	80.4059691932817	8.62939e-09	0.191358	368	0.00878050042054974	5.75567964007936	0.719297955515399	11.2791659553318	91.6851351486135	0.000194932669035528
SNP.74	2.199e-35	0.243644	755147	3.59299427872795e-06	12.413821857604	0.999840336861778	72.667962099872	0.0128505	0.243644	368	0.00737293165923525	2.48788577177285	0.753190221055659	1.63139522985253	74.2993573297245	5.48702904243644e-12
SNP.75	1.279e-40	0.193089	751533	4.27010721699177e-06	13.3442801954867	0.999810253467602	84.7331021947512	1.45114e-08	0.193089	368	0.00872045241061814	5.66724238022554	0.720681420758262	10.9355906988926	95.6686928936438	0.010469399595245
SNP.76	2.692e-39	0.213415	745365	3.99604534278055e-06	13.1152761132611	0.99982242952164	81.6718902897007	6.97669e-09	0.213415	368	0.00809378352424355	5.79148473745124	0.735443525060254	11.6690140182965	93.3409043079972	0.00102088315646281
SNP.77	1.259e-40	0.196281	751001	4.22033564448474e-06	13.3454547082379	0.999812464702996	84.7431088179259	3.20406e-09	0.196281	368	0.00861270730799915	5.92078629014046	0.723177182148183	12.0335560820335	96.7766648999594	0.0317035507073086
SNP.78	2.443e-40	0.191057	748707	4.32093004633396e-06	13.2959652628246	0.999807995537401	84.0953786304553	4.96248e-08	0.191057	368	0.00879106133750151	5.45264957512063	0.719055188231482	10.0544556635442	94.1498342939994	0.00229239719100823
SNP.79	1.252e-35	0.254065	754183	3.49822258771663e-06	12.4588260739904	0.999844547609749	73.2145232059079	0.00347904	0.254065	368	0.0071692934942171	2.92189930369068	0.758359817512524	2.52709402595454	75.7416172318625	2.32114769658582e-11
SNP.8	2.504e-40	0.195122	753013	4.22796355207215e-06	13.2941205574653	0.99981212581214	84.0603498372042	2.48503e-08	0.195122	368	0.00865138999520789	5.57431691071146	0.722279166466127	10.5811240947793	94.6414739319835	0.00374805753956084
SNP.80	1.015e-35	0.243902	756584	3.58359895082699e-06	12.475552280018	0.999840754298751	73.4347787638583	0.0020104	0.243902	368	0.00736764572992523	3.0886916188247	0.753323519485053	2.89352038478081	76.3282991486391	4.17345269209451e-11
SNP.81	2.869e-39	0.213415	745910	3.99312562765163e-06	13.1104476429137	0.999822559240693	81.6082322219105	6.97669e-09	0.213415	368	0.00809378352424355	5.79148473745124	0.735443525060254	11.6690140182965	93.277246240207	0.000957920992748185
SNP.82	6.032e-36	0.253061	756117	3.49840951898239e-06	12.5169346843861	0.999844539304275	73.9400898395222	0.00289	0.253061	368	0.00718806225615329	2.97920219949093	0.757880383228331	2.65417720409928	76.5942670436215	5.44507522610443e-11
SNP.83	3.139e-36	0.270325	741230	3.41980495767135e-06	12.5686853908343	0.999848031766402	74.5780033509741	0.000166104	0.270325	368	0.00688821203471395	3.76566858667311	0.76561309593869	4.70290529696689	79.280908647941	7.99461414629763e-10
SNP.84	1.324e-36	0.259184	754118	3.45312385440069e-06	12.6367588814193	0.999846551378786	75.4405132056919	0.000956798	0.259184	368	0.0070762577576982	3.30293137424891	0.760745331080421	3.43450732584861	78.8750205315405	5.32748871558729e-10
SNP.85	1.851e-40	0.213415	754107	3.9497211097651e-06	13.3167042052195	0.999824487649559	84.327842665145	6.97669e-09	0.213415	368	0.00809378352424355	5.79148473745124	0.735443525060254	11.6690140182965	95.9968566834415	0.0145358856994208
SNP.86	3.613e-35	0.24187	755214	3.61055766033144e-06	12.3740148791707	0.999839556516894	72.1770544594036	0.00193457	0.24187	368	0.00740962960024334	3.10009742237556	0.752266086231203	2.91716572072906	75.0942201801327	1.21490357126692e-11
SNP.87	1.478e-35	0.24898	753947	3.54660826368839e-06	12.4455836493815	0.999842397808424	73.0563522466697	0.00204915	0.24898	368	0.00726618114288879	3.08301474715231	0.755891388686765	2.88729522760355	75.9436474742733	2.84081789688156e-11
SNP.88	5.926e-34	0.294715	754841	3.18674736312917e-06	12.1473434149631	0.999858386840988	69.3373222215866	4.09167e-05	0.294715	368	0.00653665099546681	4.10224142817043	0.774882750889994	5.77444557556946	75.1117677971561	1.23641037860538e-11
SNP.89	5.218e-35	0.252033	752966	3.52253074051492e-06	12.3444649115046	0.999843467584432	71.7998565953037	0.00332355	0.252033	368	0.00720746163468085	2.9361113482126	0.757385476978391	2.55647465808642	74.3563312533901	5.80872370538755e-12
SNP.9	1.927e-40	0.205285	752921	4.07053943672308e-06	13.3136989834008	0.99981911985969	84.3024214164534	3.18964e-10	0.205285	368	0.00832824625879613	6.28926916940963	0.729850144932592	13.780187960935	98.0826093773884	0.117023311873622
SNP.90	4.466e-34	0.294715	753457	3.19260099293229e-06	12.1704524657936	0.99985812675341	69.6191612202614	0.000106808	0.294715	368	0.00653665099546681	3.87458171419819	0.774882750889994	5.07085154377406	74.6900127640355	8.1095500469748e-12
SNP.91	4.339e-40	0.191358	747352	4.32356393608675e-06	13.2529343818624	0.999807878520596	83.5245713903524	2.17061e-08	0.191358	368	0.00878050042054974	5.59782235422978	0.719297955515399	10.6345911854862	94.1591625758386	0.00231388136752989
SNP.92	1.74e-40	0.195122	752984	4.22812638546968e-06	13.3213215182909	0.999812118577819	84.4222832394454	2.48503e-08	0.195122	368	0.00865138999520789	5.57431691071146	0.722279166466127	10.5811240947793	95.0034073342247	0.00538259779183726
SNP.93	1.992e-40	0.192623	752466	4.27266267968605e-06	13.311220804384	0.999810139934592	84.2928675045033	6.68665e-08	0.192623	368	0.00873650379329523	5.39939367249847	0.720311086954281	9.86273870117381	94.1556062056772	0.00230566696426443
SNP.94	6.02e-36	0.245868	756488	3.56466385913105e-06	12.5170927809742	0.999841595591082	73.9512170090777	0.00210525	0.245868	368	0.00732778650398458	3.07496819855701	0.754330194665779	2.86437450861479	76.8155915176925	6.79397402150553e-11
SNP.95	2.571e-35	0.277551	742847	3.35676269356412e-06	12.4013056087052	0.999850832801126	72.4794986403997	0.00042847	0.277551	368	0.00677598124083159	3.52189736068312	0.768548108256708	4.03475191423431	76.514250554634	5.0263550683328e-11
SNP.96	2.81e-41	0.189583	750001	4.33910568346403e-06	13.4567517591474	0.999807188042133	86.2477287793913	9.2175e-08	0.189583	368	0.00884329783071659	5.34151104275739	0.717856816520114	9.60818180498518	95.8559105843765	0.0126249418438362
SNP.97	9.059e-41	0.213415	753195	3.95450359723794e-06	13.3699596325097	0.999824275169211	85.038908745392	6.97669e-09	0.213415	368	0.00809378352424355	5.79148473745124	0.735443525060254	11.6690140182965	96.7079227636885	0.0295974008405604
SNP.98	2.04e-36	0.25	753395	3.53953326829441e-06	12.6027147861164	0.999842712153656	75.0230025925038	0.00044498	0.25	368	0.0072463768115942	3.51186139803245	0.756394640682095	3.95826915501129	78.9812717475151	5.92470669486136e-10
SNP.99	8.853e-36	0.268293	755507	3.371203431079e-06	12.4864373134875	0.999850191182441	73.5408046486007	0.000512103	0.268293	368	0.00692110812664185	3.47434454639433	0.764757054803978	3.89214973636047	77.4329543849611	1.25962470102366e-10
