snp	pvalues.df1	MAF.df1	N.df1	V.df1	z.df1	r.df1	lABF.df1	pvalues.df2	MAF.df2	N.df2	V.df2	z.df2	r.df2	lABF.df2	internal.sum.lABF	SNP.PP.H4
SNP.1	4.74e-35	0.248792	754748	3.54463415442851e-06	12.3521954278317	0.999842485518968	71.8983528408699	0.00149454	0.248792	605	0.00442199262609357	3.17574162432721	0.835747944533361	3.31122238774216	75.2095752286121	9.89524515640356e-14
SNP.10	3.308e-40	0.177536	753048	4.54719958502549e-06	13.273275278548	0.999797943075917	83.8186385831847	1.09408e-10	0.177536	605	0.0056599331456269	6.45334485909267	0.799007578734047	15.8353548905169	99.6539934737016	0.00408792119960243
SNP.100	7.812e-34	0.292978	753602	3.20302275704133e-06	12.124727092797	0.999857663695528	69.0653821984514	0.000107101	0.292978	605	0.00398975926570555	3.87391450233928	0.8493848424334	5.42693620695447	74.4923184054059	4.82976364327611e-14
SNP.101	1.524e-35	0.245763	755070	3.57238663293919e-06	12.4431364009181	0.999841252465539	73.0294344494623	0.00104669	0.245763	605	0.00445851566104693	3.27766644680522	0.834615684442554	3.58343710415725	76.6128715536196	4.02596883618168e-13
SNP.102	5.477e-34	0.288647	753421	3.23206486221722e-06	12.1537849880503	0.999856373304381	69.4224903878691	0.000339985	0.288647	605	0.00402496783563067	3.58275842280557	0.848257390524562	4.50139813307054	73.9238885209397	2.7356461133571e-14
SNP.103	8.321e-36	0.237923	756785	3.64386439973756e-06	12.4913684123061	0.999838076694526	73.6403157334812	0.00155591	0.237923	605	0.00455805275992627	3.16404824756305	0.831545425667997	3.27183975155986	76.9121554850411	5.4305994183268e-13
SNP.104	2.186e-35	0.245763	754957	3.57292133847808e-06	12.4142964463408	0.999841228708394	72.6711207249464	0.00138743	0.245763	605	0.00445851566104693	3.19725336962874	0.834615684442554	3.36615816987208	76.0372788948185	2.2640900351956e-13
SNP.105	2.003e-35	0.251244	754814	3.52122716001992e-06	12.4212921374757	0.99984352550321	72.7508693141507	0.000955458	0.251244	605	0.00439317612820376	3.30332436566337	0.836643462740851	3.65879653581579	76.4096658499665	3.28563482502751e-13
SNP.106	3.356e-34	0.292978	754694	3.19838816229076e-06	12.1937534990881	0.999857869618926	69.9038628113769	8.739e-05	0.292978	605	0.00398975926570555	3.92317396872503	0.8493848424334	5.59005224938199	75.4939150607589	1.3149637433945e-13
SNP.107	3.045e-36	0.237288	748923	3.68889658915208e-06	12.5710891113273	0.999836075915993	74.6451345041219	0.00180624	0.237288	605	0.00456644545493809	3.12037000791718	0.831287582163658	3.1572227941546	77.8023572982765	1.32268827585105e-12
SNP.108	1.007e-33	0.292978	745810	3.23648698160639e-06	12.1039084349628	0.999856176822233	68.8183013499168	0.00010514	0.292978	605	0.00398975926570555	3.87841326330261	0.8493848424334	5.44174772442593	74.2600490743428	3.82871102773338e-14
SNP.109	1.929e-35	0.245742	754563	3.57499291034329e-06	12.4243031331604	0.999841136667775	72.7956597020011	0.000837948	0.245742	605	0.00445877252133449	3.33994560740986	0.834607732314002	3.75540576297323	76.5510654649744	3.78467303180601e-13
SNP.11	4.921e-34	0.290954	753790	3.21529547353965e-06	12.1625310338521	0.999857118397024	69.5262654288241	7.55036e-05	0.290954	605	0.00400604557851149	3.95824148945557	0.848862948392453	5.70507057621038	75.2313360050344	1.01129333154628e-13
SNP.110	1.07e-35	0.253027	755611	3.50106329383159e-06	12.4713483744681	0.999844421395409	73.3709864869281	0.00040711	0.253027	605	0.00437263130002542	3.53543135706912	0.837283098509922	4.32484410613773	77.6958305930658	1.18903200271139e-12
SNP.111	2.845e-35	0.244552	754166	3.58861824151066e-06	12.3931891540532	0.999840531290258	72.4114907977403	0.00079543	0.244552	605	0.00447341134665642	3.35438015818468	0.834154779713804	3.79454883799209	76.2060396357324	2.68031324099245e-13
SNP.112	2.044e-35	0.246377	754864	3.5673603683987e-06	12.4196711259297	0.999841475784205	72.73708780057	0.000749575	0.246377	605	0.00445102796219987	3.37077335016441	0.834847562458744	3.84237297825926	76.5794607788293	3.89368033443971e-13
SNP.113	4.204e-39	0.193237	743271	4.31505720180448e-06	13.081439958072	0.999808256452559	81.2659538354835	1.96051e-11	0.193237	605	0.00530125104370648	6.70893423064769	0.809316097488838	17.3850081486188	98.6509619841023	0.00149931012716212
SNP.114	1.027e-35	0.236077	756735	3.66372543646852e-06	12.4746160773187	0.999837194268401	73.4338790968004	0.00239404	0.236077	605	0.00458259383167935	3.03642205151525	0.830791915273679	2.94157908118671	76.3754581779871	3.17514154011473e-13
SNP.115	6.388e-35	0.245146	755744	3.57525912988389e-06	12.3281713081942	0.999841124839555	71.6061347668799	0.00103273	0.245146	605	0.00446608369562805	3.28145500534691	0.834381449451923	3.59325358122063	75.1993883481005	9.79495516472143e-14
SNP.116	1.224e-35	0.246959	755455	3.55891752820229e-06	12.4606298954055	0.999841850902728	73.2453848455365	0.00109739	0.246959	605	0.00444397031614556	3.26428943086432	0.835066240646702	3.54795418578958	76.7933390313261	4.82221354456205e-13
SNP.117	1.103e-33	0.257772	753448	3.46851554329771e-06	12.0964334552494	0.999845867514117	68.7617255369211	0.00911116	0.257772	605	0.00431958032903565	2.6078547752977	0.838939301956222	1.9397868987906	70.7015124357117	1.09043495139916e-15
SNP.118	2.73e-35	0.242092	754614	3.61117235140651e-06	12.3964968172859	0.999839529206057	72.4555373450543	0.00101888	0.242092	605	0.00450420035170954	3.28526083886513	0.83320371301332	3.6008673078643	76.0564046529186	2.30780922214359e-13
SNP.119	4.775e-34	0.292978	754033	3.20119193158901e-06	12.1649906534422	0.999857745042393	69.5540280400357	0.000124518	0.292978	605	0.00398975926570555	3.83705616833024	0.8493848424334	5.30623287368877	74.8602609137244	6.97784437057477e-14
SNP.12	4.599e-35	0.228261	749702	3.78598746198088e-06	12.3546242416474	0.999831762199299	71.9604643918935	0.000448839	0.228261	605	0.00469150805325949	3.50956579253149	0.827464219929608	4.21738461240386	76.1778490042974	2.60580861853706e-13
SNP.120	9.043e-36	0.244552	753570	3.5914564867592e-06	12.4847472920404	0.99984040518627	73.5505833533805	0.000906219	0.244552	605	0.00447341134665642	3.31813122196193	0.834154779713804	3.69366972933929	77.2442530827198	7.56965215285182e-13
SNP.121	2.744e-34	0.292978	754604	3.1987696271844e-06	12.2101449131712	0.99985785266975	70.1038999447754	9.47159e-05	0.292978	605	0.00398975926570555	3.90374417063374	0.8493848424334	5.5254669629325	75.6293669077079	1.50570456873534e-13
SNP.122	1.831e-35	0.237288	754570	3.66128987401771e-06	12.4284723389084	0.999837302480389	72.8590877522389	0.00145288	0.237288	605	0.00456644545493809	3.18393426859645	0.831287582163658	3.32378308233078	76.1828708345697	2.61892745986866e-13
SNP.123	4.997e-34	0.292978	753942	3.20157831206095e-06	12.1612792243286	0.999857727874813	69.5089509163997	0.000115406	0.292978	605	0.00398975926570555	3.8556850330398	0.8493848424334	5.36709428539685	74.8760452017965	7.08885851096438e-14
SNP.124	3.732e-35	0.235437	755662	3.6758216268515e-06	12.3714125266185	0.999836656835266	72.1535953327393	0.00100633	0.235437	605	0.00459120449948737	3.28875102743142	0.830527856390651	3.60391283946692	75.7575081722062	1.71155481362618e-13
SNP.125	5.339e-34	0.245169	743259	3.6350847794348e-06	12.1558705626529	0.999838466773668	69.5052602237847	0.00135055	0.245169	605	0.00446580079021145	3.20501594221277	0.834390203170509	3.38642070686988	72.8916809306546	9.74491050828311e-15
SNP.126	4.076e-34	0.291872	754815	3.2049796854658e-06	12.1779086210743	0.999857576745697	69.7118147686444	9.65374e-05	0.291872	605	0.00399862271286755	3.89913385189298	0.84910073417039	5.508971769345	75.2207865379894	1.00068080255798e-13
SNP.127	2.446e-36	0.281022	742838	3.33134775436357e-06	12.5883937695757	0.999851962018295	74.8130783908487	0.000543983	0.281022	605	0.00409033339364616	3.45810813295493	0.846172165911107	4.12351930928318	78.9365977001318	4.11198812420158e-12
SNP.128	2.758e-36	0.252415	742633	3.56796037008992e-06	12.5789126181544	0.999841449125918	74.7272601290637	0.000857288	0.252415	605	0.00437964481573717	3.33360340160784	0.837064632149714	3.74391181016203	78.4711719392257	2.5817846359316e-12
SNP.129	3.864e-35	0.245169	754931	3.57888267679818e-06	12.3686206311901	0.99984096384422	72.1060337694522	0.00082923	0.245169	605	0.00446580079021145	3.34284903038872	0.834390203170509	3.762944480185	75.8689782496372	1.91338185780684e-13
SNP.13	1.764e-40	0.177536	753596	4.54389295206487e-06	13.3202988392613	0.99979808997802	84.4434239017796	1.09408e-10	0.177536	605	0.0056599331456269	6.45334485909267	0.799007578734047	15.8353548905169	100.278778792296	0.00763560285754013
SNP.130	7.887e-36	0.246973	756131	3.55560030850769e-06	12.4956290135363	0.999841998288108	73.6815846243875	0.000638094	0.246973	605	0.00444380101962351	3.4148830606338	0.835071487635058	3.96794073289776	77.6495253572853	1.13522889161082e-12
SNP.131	1.678e-35	0.244332	752689	3.59785000437217e-06	12.4354467571881	0.999840121120705	72.9372591467162	0.000910384	0.244332	605	0.00447613573874526	3.31685024370865	0.834070536191873	3.689915392769	76.6271745394852	4.08396598904045e-13
SNP.132	1.476e-34	0.251816	753790	3.52069087847561e-06	12.2604925399136	0.999843549330487	70.7666949493318	0.000430189	0.251816	605	0.00438654806162997	3.5208357476624	0.836849711923783	4.28037175352454	75.0470667028563	8.41104588883962e-14
SNP.133	4.179e-35	0.246324	755062	3.56694141239855e-06	12.3623235587327	0.999841494398569	72.0265496016493	0.000920229	0.246324	605	0.00445167258963385	3.31384379679198	0.834827594657482	3.68347222150087	75.7100218231502	1.63217887624473e-13
SNP.134	2.292e-35	0.245763	754835	3.57349881091019e-06	12.4105058932034	0.999841203051102	72.6241571460435	0.000791798	0.245763	605	0.00445851566104693	3.35564617489545	0.834615684442554	3.7992953922086	76.4234525382521	3.33124654298959e-13
SNP.135	2.489e-35	0.246359	754834	3.56767759271571e-06	12.4039024155308	0.999841461689816	72.5414443242392	0.00078184	0.246359	605	0.00445124685623136	3.35914511410253	0.834840781950606	3.80968888424521	76.3511332084844	3.09883812054552e-13
SNP.136	1.246e-32	0.295566	727897	3.29917453432496e-06	11.8957025808459	0.999853391517895	66.3296243728193	3.50503e-05	0.295566	605	0.0039693541256389	4.13789742048129	0.850039630479911	6.32858007043809	72.6582044432574	7.71578833087553e-15
SNP.137	1.472e-32	0.294118	708300	3.40015762742147e-06	11.8817794501672	0.99984890471646	66.1788759340725	7.92059e-05	0.294118	605	0.00398071346694649	3.94679021297745	0.849674991879835	5.67028086410903	71.8491567981815	3.43570112558219e-15
SNP.138	1.337e-38	0.192029	744668	4.32757615502763e-06	12.9932096806863	0.999807700268298	80.1172888961853	2.89228e-11	0.192029	605	0.0053266239342349	6.65195354623921	0.808578146352796	17.0625415725505	97.1798304687358	0.000344339762183986
SNP.139	1.965e-40	0.174757	753114	4.60354988343715e-06	13.3122402938458	0.999795439636462	84.3424214373713	2.45114e-10	0.174757	605	0.00573057498663617	6.33002970880486	0.79700820867627	15.1704761206339	99.5128975580052	0.00354997535422848
SNP.14	1.817e-40	0.177536	753644	4.54360354902882e-06	13.3180885922932	0.999798102835184	84.4139604386103	1.09408e-10	0.177536	605	0.0056599331456269	6.45334485909267	0.799007578734047	15.8353548905169	100.249315329127	0.00741391345974371
SNP.140	3.369e-35	0.245169	755077	3.57819067204792e-06	12.3796281694652	0.999840994590206	72.2421264384471	0.00082923	0.245169	605	0.00446580079021145	3.34284903038872	0.834390203170509	3.762944480185	76.0050709186321	2.19233010163599e-13
SNP.141	6.287e-35	0.244552	750735	3.60501890111308e-06	12.3294556471052	0.999839802605045	71.6260101429636	0.00106273	0.244552	605	0.00447341134665642	3.27337070111012	0.834154779713804	3.57061560859213	75.1966257515557	9.76793299828455e-14
SNP.142	9.75e-36	0.245763	753581	3.57944530837879e-06	12.4787543709867	0.999840938846326	73.4741599714164	0.000911839	0.245763	605	0.00445851566104693	3.31640402690194	0.834615684442554	3.69003352377992	77.1641934951963	6.98725327323446e-13
SNP.15	8.346e-34	0.284672	752747	3.26190263450299e-06	12.1193088300251	0.999855047563832	69.0086256745286	0.000603284	0.284672	605	0.00405849160729623	3.43013365825335	0.847186667552261	4.04465253507313	73.0532782096017	1.14540391102736e-14
SNP.16	1.409e-40	0.192029	754106	4.27341445395225e-06	13.3370641632826	0.99981010653509	84.6372277041669	2.89228e-11	0.192029	605	0.0053266239342349	6.65195354623921	0.808578146352796	17.0625415725505	101.699769276717	0.0316207129733688
SNP.17	2.219e-35	0.234644	756200	3.68180163812946e-06	12.4130971374048	0.999836391143877	72.670869436379	0.000713479	0.234644	605	0.00460194776653471	3.38434650273555	0.830198633464376	3.8679020944892	76.5387715308682	3.7384293517582e-13
SNP.18	2.273e-40	0.179952	751175	4.51058557954194e-06	13.3013586737567	0.999799569710153	84.1878185783267	2.23312e-10	0.179952	605	0.00560039524415275	6.34438756913676	0.800700481416961	15.3081258449018	99.4959444232285	0.00349029941994792
SNP.19	1.057e-40	0.177966	754763	4.52827279874639e-06	13.3584803643015	0.999798783927223	84.9509797992899	3.76293e-11	0.177966	605	0.00564921117752103	6.61312399593748	0.799311918835143	16.6753158211252	101.626295620415	0.0293807213659054
SNP.2	1.588e-40	0.180387	751270	4.50152724967154e-06	13.328143671706	0.999799972141386	84.5434134970283	2.04006e-10	0.180387	605	0.00558985516836486	6.35829455207256	0.801000925962045	15.3841689628546	99.9275824598829	0.0053742851126478
SNP.20	9.448e-41	0.177536	754694	4.53728206810214e-06	13.3668318882878	0.999798383676535	85.0635137216329	2.91006e-11	0.177536	605	0.0056599331456269	6.65105171536897	0.799007578734047	16.8704009136479	101.933914635281	0.0399631483521447
SNP.21	3.372e-40	0.177536	753311	4.54561204217684e-06	13.2718395878137	0.999798013604872	83.7994187993503	2.91006e-11	0.177536	605	0.0056599331456269	6.65105171536897	0.799007578734047	16.8704009136479	100.669819712998	0.0112893840098362
SNP.22	2.883e-42	0.177184	747937	4.58540559247852e-06	13.6240082760905	0.999796245720157	88.5385930702893	1.88637e-10	0.177184	605	0.00566875124400265	6.3703177315885	0.798757453076321	15.4055451358623	103.944138206152	0.298324347529047
SNP.23	2.915e-35	0.245169	756448	3.57170549473054e-06	12.391240231486	0.999841282728739	72.3850392339792	0.00135055	0.245169	605	0.00446580079021145	3.20501594221277	0.834390203170509	3.38642070686988	75.7714599408491	1.73560138645802e-13
SNP.24	8.657e-39	0.177966	744981	4.58773144872181e-06	13.0264247044924	0.9997961423909	80.5775298211418	1.24687e-10	0.177966	605	0.00564921117752103	6.43351412709143	0.799311918835143	15.7388000282656	96.3163298494074	0.00014520234194765
SNP.25	2.019e-40	0.179952	750286	4.51593008894264e-06	13.3102149650257	0.999799332271666	84.3062058220522	2.23312e-10	0.179952	605	0.00560039524415275	6.34438756913676	0.800700481416961	15.3081258449018	99.614331666954	0.00392896003977753
SNP.26	1.256e-34	0.24878	739862	3.61606873410904e-06	12.2735643095726	0.999839311658932	70.9400654347738	0.000565093	0.24878	605	0.0044221352822403	3.44783793481019	0.835743516036878	4.06432356478569	75.0043889995595	8.05963383415627e-14
SNP.27	6.937e-36	0.243902	749736	3.61633112003757e-06	12.505831648888	0.999839300001083	73.8173605647118	0.000781245	0.243902	605	0.00448147707208675	3.3593554863882	0.833905421111174	3.80782466701762	77.6251852317295	1.1079308444967e-12
SNP.28	1.723e-39	0.179952	747148	4.53489686476095e-06	13.149061374345	0.999798489642841	82.176652274113	3.73551e-11	0.179952	605	0.00560039524415275	6.61420610135752	0.800700481416961	16.707937940112	98.884590214225	0.00189389076186737
SNP.29	2.095e-40	0.178744	753251	4.52189276952659e-06	13.3074539392532	0.999799067370057	84.2701033204474	6.83845e-11	0.178744	605	0.00562995082733665	6.52415820517343	0.79985920125159	16.2184925072236	100.488595827671	0.0094181523735181
SNP.3	1.692e-40	0.178398	753196	4.52908561481162e-06	13.3234096483315	0.999798747816603	84.4832839683195	7.18628e-10	0.178398	605	0.00563849449377463	6.16193180666029	0.799616340702873	14.3767170518611	98.8600010201806	0.00184788940041412
SNP.30	2.13e-35	0.256962	754400	3.47127000822792e-06	12.416373411903	0.999845745131203	72.6828217328259	0.00327645	0.256962	605	0.00432847288298701	2.94053592995193	0.838661227500136	2.71372316281447	75.3965448956404	1.19296156866356e-13
SNP.31	1.42e-35	0.231884	748150	3.75218056026365e-06	12.4487795061675	0.999833264224999	73.1235858069829	0.000916033	0.231884	605	0.00463998989448141	3.31512150076929	0.829034943914077	3.67241163960922	76.7959974465922	4.83505004548028e-13
SNP.32	6.966e-41	0.178744	753798	4.51861141915828e-06	13.3894872366123	0.999799213149271	85.3645525318441	2.50177e-11	0.178744	605	0.00562995082733665	6.6732632697226	0.79985920125159	17.0054749275262	102.37002745937	0.0618103336937031
SNP.33	8.2e-41	0.177966	754443	4.5301934836697e-06	13.3773679735528	0.999798698597806	85.2036214771571	4.05239e-11	0.177966	605	0.00564921117752103	6.60214933020097	0.799311918835143	16.617352435486	101.820973912643	0.0356952281872925
SNP.34	3.9e-39	0.192029	745306	4.32387164495135e-06	13.0871436622465	0.999807864849901	81.3415550413306	2.89228e-11	0.192029	605	0.0053266239342349	6.65195354623921	0.808578146352796	17.0625415725505	98.4040966138811	0.00117132983781214
SNP.35	9.78e-36	0.245763	756004	3.56797315217035e-06	12.4785097257423	0.999841448558005	73.4695424800638	0.000639465	0.245763	605	0.00445851566104693	3.41429839126012	0.834615684442554	3.96499675751051	77.4345392375743	9.1562185417845e-13
SNP.36	1.05e-35	0.247585	755211	3.55402045484438e-06	12.4728516860568	0.999842068481644	73.3970552042814	0.000752891	0.247585	605	0.0044364220524355	3.36955706479436	0.835300247234047	3.84014835368861	77.23720355797	7.5164773514055e-13
SNP.37	1.598e-40	0.176755	752730	4.56488635075582e-06	13.3276752767483	0.999797157315691	84.5439090630061	3.06286e-10	0.176755	605	0.00567954859967674	6.29556306569822	0.798451398907721	15.0220946442187	99.5660037072248	0.00374359661171051
SNP.38	1.184e-35	0.235366	755930	3.67528558454983e-06	12.4632792156582	0.999836680651586	73.2940783941297	0.00187168	0.235366	605	0.00459216302798141	3.10987268458507	0.830498472077017	3.12855663701419	76.4226350311439	3.32852433812388e-13
SNP.39	3.057e-40	0.179952	753019	4.49954001520867e-06	13.2791858005337	0.999800060427596	83.8920117252753	1.40742e-10	0.179952	605	0.00560039524415275	6.41508750169783	0.800700481416961	15.669279405762	99.5612911310373	0.00372599613183667
SNP.4	2.144e-40	0.178744	752736	4.52498651657244e-06	13.3057261284166	0.999798929925458	84.247446402629	2.50394e-10	0.178744	605	0.00562995082733665	6.32674044799838	0.79985920125159	15.2038728742083	99.4513192768373	0.00333796847135299
SNP.40	1.695e-35	0.251816	754787	3.51604038925701e-06	12.4346412779499	0.999843755954272	72.916026916039	0.000546255	0.251816	605	0.00438654806162997	3.45698512546482	0.836849711923783	4.09394749455125	77.0099744105903	5.98866456691479e-13
SNP.41	6.297e-35	0.244552	748526	3.61565779241754e-06	12.3293275738881	0.999839329917139	71.6258685611267	0.0015815	0.244552	605	0.00447341134665642	3.15929742947387	0.834154779713804	3.26456609717799	74.8904346583047	7.19160076199554e-14
SNP.42	1.434e-36	0.243341	751245	3.61470549468545e-06	12.6304804461809	0.999839372227885	75.3834953317552	0.00150403	0.243341	605	0.00448847839562806	3.17390482481137	0.833689090217285	3.30220700849565	78.6857023402509	3.19955353636019e-12
SNP.43	1.858e-36	0.25	750369	3.55380708247098e-06	12.6100818317232	0.999842077961866	75.1178214428346	0.000800919	0.25	605	0.00440771349862259	3.35247698572268	0.836191451241362	3.7944920214949	78.9123134643295	4.01333434890947e-12
SNP.44	3.539e-36	0.235732	746168	3.71936814713421e-06	12.5591983918768	0.999834722070326	74.4997561536325	0.00136003	0.235732	605	0.00458722891175345	3.20300207735316	0.83064975281532	3.37301711685753	77.8727732704901	1.41918421553315e-12
SNP.45	3.277e-39	0.192029	745620	4.32205074999613e-06	13.1003599104297	0.999807945747477	81.5143684404312	2.89228e-11	0.192029	605	0.0053266239342349	6.65195354623921	0.808578146352796	17.0625415725505	98.5769100129817	0.00139229451439854
SNP.46	1.258e-40	0.184783	748365	4.43528258347595e-06	13.3455139199093	0.999802915179707	84.7678820388049	1.72176e-09	0.184783	605	0.0054862979348479	6.02209291574124	0.803964856387222	13.763404522505	98.5312865613099	0.00133020047545204
SNP.47	9.471e-36	0.252415	755006	3.50948881667296e-06	12.4810660749909	0.999844047044377	73.4933801601948	0.000499373	0.252415	605	0.00437964481573717	3.48109250143917	0.837064632149714	4.16457586382105	77.6579560240158	1.14484008551811e-12
SNP.48	3.969e-40	0.177536	752973	4.54765250959102e-06	13.259620342945	0.999797922954071	83.637570716916	1.09408e-10	0.177536	605	0.0056599331456269	6.45334485909267	0.799007578734047	15.8353548905169	99.4729256074329	0.00341087450132972
SNP.49	9.218e-41	0.176755	752102	4.56869799947937e-06	13.3686653550227	0.999796987977828	85.0913427307485	1.60756e-10	0.176755	605	0.00567954859967674	6.39480155067769	0.798451398907721	15.5248685347055	100.616211265454	0.010700113709219
SNP.5	2.905e-39	0.195652	745082	4.26420087235967e-06	13.1095019102837	0.999810515872268	81.6276352398809	3.29417e-11	0.195652	605	0.0052515360568256	6.63278252070022	0.810765932160574	17.0019534532605	98.6295886931414	0.00146760496435561
SNP.50	5.117e-35	0.227603	750335	3.79049771306906e-06	12.3460379902706	0.999831561811178	71.8550191085784	0.00055501	0.227603	605	0.00470106297774491	3.45269799437063	0.827173556357295	4.05268533396622	75.9077044425446	1.98893332108692e-13
SNP.51	1.195e-35	0.246377	755506	3.56432896248464e-06	12.4625418898436	0.999841610470662	73.2699484553924	0.000749575	0.246377	605	0.00445102796219987	3.37077335016441	0.834847562458744	3.84237297825926	77.1123214336516	6.63404992803273e-13
SNP.52	3.013e-35	0.231884	752501	3.73048525671228e-06	12.3885884685104	0.999834228140123	72.3733920004038	0.000916033	0.231884	605	0.00463998989448141	3.31512150076929	0.829034943914077	3.67241163960922	76.045803640013	2.28347332727204e-13
SNP.53	7.675e-41	0.179177	755148	4.50200683322138e-06	13.3822859958267	0.999799950835088	85.2664025783054	5.62197e-11	0.179177	605	0.00561930819189002	6.55345813373112	0.800161933090847	16.3774787873978	101.643881365703	0.0299019731150854
SNP.54	1.775e-35	0.246359	755088	3.5664774807969e-06	12.4309554672907	0.999841515011215	72.8771563403403	0.00055463	0.246359	605	0.00445124685623136	3.45288275997256	0.834840781950606	4.0762299435192	76.9533862838595	5.65918742141244e-13
SNP.55	8.217e-41	0.17561	754978	4.57460657520166e-06	13.3772140081202	0.999796725481145	85.2062627453067	6.01304e-11	0.17561	605	0.00570864020319438	6.54341317793896	0.797627955049463	16.2768976304762	101.483160375783	0.025462415903029
SNP.56	3.093e-40	0.179952	752862	4.50047833827769e-06	13.2783090497131	0.999800018741024	83.8804724624075	2.28744e-11	0.179952	605	0.00560039524415275	6.68638931904369	0.800700481416961	17.092306108967	100.972778571375	0.0152842314745252
SNP.57	7.818e-36	0.246377	756172	3.56118967262861e-06	12.4963277856794	0.999841749950481	73.6910809494764	0.000749575	0.246377	605	0.00445102796219987	3.37077335016441	0.834847562458744	3.84237297825926	77.5334539277357	1.01082099568372e-12
SNP.58	5.524e-41	0.185	754444	4.39555438868629e-06	13.406703704184	0.999804680184453	85.581862611387	9.6673e-11	0.185	605	0.0054813217111042	6.47206424270805	0.804107834229683	16.0259844423009	101.607847053688	0.0288436584204312
SNP.59	1.519e-40	0.177536	752203	4.55230775881547e-06	13.3314578422828	0.999797716137759	84.5929890763938	1.09408e-10	0.177536	605	0.0056599331456269	6.45334485909267	0.799007578734047	15.8353548905169	100.428343966911	0.00886744823374591
SNP.6	1.14e-40	0.192029	754096	4.27347112332132e-06	13.3528515399386	0.999810104017408	84.84787597782	2.89228e-11	0.192029	605	0.0053266239342349	6.65195354623921	0.808578146352796	17.0625415725505	101.91041755037	0.0390350770467868
SNP.60	4.165e-40	0.175121	746073	4.63938276805035e-06	13.2560049335993	0.999793847717835	83.5992729742543	6.46917e-11	0.175121	605	0.00572118714034319	6.53247476443481	0.797273335388342	16.2131644873421	99.8124374615964	0.00478976123959082
SNP.61	2.59e-36	0.251816	742377	3.57481653834391e-06	12.583876945464	0.99984114450404	74.7906439912324	0.000729593	0.251816	605	0.00438654806162997	3.37821015500608	0.836849711923783	3.86864985009436	78.6592938413268	3.11616407185214e-12
SNP.62	2.59e-39	0.187198	735410	4.46842533222884e-06	13.11820411458	0.999801442751378	81.764338460921	3.59414e-12	0.187198	605	0.00543161103070151	6.95228592494214	0.805538927749951	18.6488102347711	100.413148695692	0.00873372351751801
SNP.63	1.564e-40	0.179952	746834	4.53680352355733e-06	13.3292798961448	0.999798404936606	84.5623178528107	1.7269e-11	0.179952	605	0.00560039524415275	6.72742651130079	0.800700481416961	17.3126850399899	101.875002892801	0.0376768555874864
SNP.64	3.786e-39	0.192029	745089	4.32513093095202e-06	13.0893973035191	0.999807808903142	81.3711864188714	2.89228e-11	0.192029	605	0.0053266239342349	6.65195354623921	0.808578146352796	17.0625415725505	98.4337279914219	0.0012065572960259
SNP.65	4.148e-41	0.177184	753609	4.55089376934406e-06	13.4279382291881	0.999797778956317	85.8834567616756	4.74924e-11	0.177184	605	0.00566875124400265	6.57859199395012	0.798757453076321	16.4826394567559	102.366096218432	0.0615678193828712
SNP.66	2.777e-35	0.237923	755717	3.64901400888877e-06	12.3951285640409	0.999837847897174	72.4436617204441	0.0024869	0.237923	605	0.00455805275992627	3.0249308246925	0.831545425667997	2.91386160003966	75.3575233204838	1.14730688105389e-13
SNP.67	3.719e-35	0.244552	756135	3.57927336352256e-06	12.3716927745637	0.999840946485888	72.1440838627017	0.00135229	0.244552	605	0.00447341134665642	3.20464533376001	0.834154779713804	3.38493107309843	75.5290149358001	1.36193838587627e-13
SNP.68	3.821e-35	0.243932	756122	3.58548983896729e-06	12.3695195663697	0.999840670286049	72.1180506137272	0.00161658	0.243932	605	0.00448110371573492	3.15289850995925	0.833916960442148	3.24725425164788	75.3653048653751	1.15626952744466e-13
SNP.69	8.845e-35	0.245169	747439	3.61475582365642e-06	12.3019167195574	0.99983936999176	71.2882193816887	0.00135055	0.245169	605	0.00446580079021145	3.20501594221277	0.834390203170509	3.38642070686988	74.6746400885586	5.79571710427079e-14
SNP.7	3.845e-36	0.231051	755662	3.72423461167706e-06	12.5526347072786	0.999834505854549	74.417993334287	0.00109029	0.231051	605	0.00465167367789936	3.26612788170322	0.828678197407562	3.53789437875437	77.9558877130414	1.54217946506245e-12
SNP.70	9.905e-35	0.245169	747644	3.61376467687553e-06	12.2927722038319	0.999839414028579	71.1756504183841	0.00135055	0.245169	605	0.00446580079021145	3.20501594221277	0.834390203170509	3.38642070686988	74.562071125254	5.17868027774725e-14
SNP.71	3.056e-34	0.266908	750922	3.40294637143751e-06	12.2013800855971	0.999848780809749	70.0271916269235	0.0025924	0.266908	605	0.00422371453740926	3.0123424093094	0.841948822964087	2.89759066692028	72.9247822938438	1.00728784780361e-14
SNP.72	3.622e-35	0.241505	755741	3.61175407567913e-06	12.3738151067489	0.999839503359943	72.1747444484589	0.00114668	0.241505	605	0.00451165394530219	3.25182152553187	0.832973798848521	3.5092731340655	75.6840175825244	1.59028240783657e-13
SNP.73	1.001e-38	0.177966	745134	4.58678943975207e-06	13.0153367784517	0.999796184240899	80.4330855793125	1.06339e-10	0.177966	605	0.00564921117752103	6.45765331710733	0.799311918835143	15.8631659050969	96.2962514844093	0.000142315989908854
SNP.74	2.199e-35	0.234925	755147	3.68387814709798e-06	12.413821857604	0.999836298884794	72.6801390113298	0.00658638	0.234925	605	0.00459813145644065	2.71706435305749	0.830315552796251	2.17796945467345	74.8581084660032	6.96284107805448e-14
SNP.75	1.279e-40	0.176755	751533	4.57215704806633e-06	13.3442801954867	0.999796834304773	84.7660737894485	2.01103e-10	0.176755	605	0.00567954859967674	6.36049622410305	0.798451398907721	15.3501774867122	100.116251276161	0.00649020669961395
SNP.76	2.692e-39	0.192029	745365	4.32352938521679e-06	13.1152761132611	0.9998078800556	81.7100151075239	2.89228e-11	0.192029	605	0.0053266239342349	6.65195354623921	0.808578146352796	17.0625415725505	98.7725566800744	0.00169316538016558
SNP.77	1.259e-40	0.176108	751001	4.5885991274743e-06	13.3454547082379	0.999796103843122	84.7834737493275	8.84039e-10	0.176108	605	0.00569593807162368	6.12905259718974	0.797987282524356	14.1885978292237	98.9720715785512	0.00206703390081172
SNP.78	2.443e-40	0.176328	748707	4.59814356061284e-06	13.2959652628246	0.99979567981924	84.1253748588036	5.45313e-10	0.176328	605	0.00569035086088555	6.20547684605789	0.798145440297411	14.5673655940409	98.6927404528445	0.00156327590071332
SNP.79	1.252e-35	0.246377	754183	3.5705815659209e-06	12.4588260739904	0.999841332665277	73.2245088219296	0.000749575	0.246377	605	0.00445102796219987	3.37077335016441	0.834847562458744	3.84237297825926	77.0668818001888	6.33934742357794e-13
SNP.8	2.504e-40	0.178744	753013	4.52332197523639e-06	13.2941205574653	0.999799003875331	84.0929468445283	2.50394e-10	0.178744	605	0.00562995082733665	6.32674044799838	0.79985920125159	15.2038728742083	99.2968197187366	0.00286011782553803
SNP.80	1.015e-35	0.237288	756584	3.65154364913551e-06	12.475552280018	0.999837735505189	73.4439335359977	0.00202181	0.237288	605	0.00456644545493809	3.08700969869192	0.831287582163658	3.07115123363501	76.5150847696327	3.65091858319469e-13
SNP.81	2.869e-39	0.192029	745910	4.32037039349535e-06	13.1104476429137	0.99980802040131	81.6463588795249	2.89228e-11	0.192029	605	0.0053266239342349	6.65195354623921	0.808578146352796	17.0625415725505	98.7089004520753	0.00158874366334837
SNP.82	6.032e-36	0.245146	756117	3.5734954191679e-06	12.5169346843861	0.999841203201798	73.950444723387	0.000689476	0.245146	605	0.00446608369562805	3.39373013373077	0.834381449451923	3.90592020220729	77.8563649255943	1.39608775697624e-12
SNP.83	3.139e-36	0.257246	741230	3.53039570590208e-06	12.5686853908343	0.999843118139962	74.5935260080084	0.000423168	0.257246	605	0.00432534745303437	3.52519698076506	0.8387589401924	4.29920705874467	78.8927330667531	3.93551600998606e-12
SNP.84	1.324e-36	0.250608	754118	3.53042275895275e-06	12.6367588814193	0.999843116937981	75.4513064388301	0.00113794	0.250608	605	0.00440058735559658	3.25399570558578	0.836412963872291	3.52296928762437	78.9742757264545	4.26987548497543e-12
SNP.85	1.851e-40	0.192029	754107	4.273408787098e-06	13.3167042052195	0.999810106786855	84.3659437851828	2.89228e-11	0.192029	605	0.0053266239342349	6.65195354623921	0.808578146352796	17.0625415725505	101.428485357733	0.0241076317555145
SNP.86	3.613e-35	0.237923	755214	3.65144438497617e-06	12.3740148791707	0.999837739915498	72.1825447624986	0.0024869	0.237923	605	0.00455805275992627	3.0249308246925	0.831545425667997	2.91386160003966	75.0964063625383	8.83645244042602e-14
SNP.87	1.478e-35	0.242718	753947	3.6080252475063e-06	12.4455836493815	0.999839669032474	73.0647239843875	0.00109631	0.242718	605	0.00449629720872996	3.26456837189183	0.833447632689569	3.54497242319282	76.6096964075803	4.01320606972338e-13
SNP.88	5.926e-34	0.288647	754841	3.22598473129647e-06	12.1473434149631	0.999856643454877	69.3433114672501	0.000339985	0.288647	605	0.00402496783563067	3.58275842280557	0.848257390524562	4.50139813307054	73.8447096003206	2.52739398454198e-14
SNP.89	5.218e-35	0.245169	752966	3.58822241386454e-06	12.3444649115046	0.999840548876988	71.8088713703525	0.00135055	0.245169	605	0.00446580079021145	3.20501594221277	0.834390203170509	3.38642070686988	75.1952920772224	9.75491443994291e-14
SNP.9	1.927e-40	0.181159	752921	4.47673203274482e-06	13.3136989834008	0.99980107371142	84.3483719068734	2.44501e-11	0.181159	605	0.00557128191541531	6.67662891359334	0.801530905065086	17.0565103814869	101.40488228836	0.0235452803673354
SNP.90	4.466e-34	0.289855	753457	3.22391588645153e-06	12.1704524657936	0.999856735377184	69.6239378750285	0.000370627	0.289855	605	0.00401501155712085	3.56016134813987	0.848575907709058	4.43390783420009	74.0578457092286	3.12778421444064e-14
SNP.91	4.339e-40	0.174817	747352	4.63778773652328e-06	13.2529343818624	0.999793918578905	83.5584171571657	7.93046e-11	0.174817	605	0.00572902469498536	6.50191368995719	0.79705197905746	16.0502363408653	99.6086534980309	0.0039067139592522
SNP.92	1.74e-40	0.178744	752984	4.52349618390122e-06	13.3213215182909	0.999798996135836	84.4548754517776	2.50394e-10	0.178744	605	0.00562995082733665	6.32674044799838	0.79985920125159	15.2038728742083	99.6587483259859	0.00410740494551459
SNP.93	1.992e-40	0.178484	752466	4.53176944099921e-06	13.311220804384	0.999798628583459	84.3212795361243	2.26758e-10	0.178484	605	0.00563636764329076	6.34202941878713	0.799676784340186	15.2781232071998	99.5994027433241	0.00387074055381938
SNP.94	6.02e-36	0.240148	756488	3.62209616148261e-06	12.5170927809742	0.999839043859428	73.9590074074622	0.00105435	0.240148	605	0.00452904509257464	3.27560744526601	0.832437843177122	3.57266380682128	77.5316712142835	1.0090205967714e-12
SNP.95	2.571e-35	0.260291	742847	3.49583218026397e-06	12.4013056087052	0.999844653817063	72.4993176240106	9.44703e-06	0.260291	605	0.00429234454150835	4.42945779018042	0.839792126633099	7.32275965533269	79.8220772793433	9.96806237228187e-12
SNP.96	2.81e-41	0.172372	750001	4.6731128201556e-06	13.4567517591474	0.999792349224682	86.2834563926655	2.32638e-10	0.172372	605	0.00579312279046201	6.33808531956424	0.795246257072233	15.1800744919707	101.463530884636	0.0249674752444429
SNP.97	9.059e-41	0.192494	753195	4.27070546614466e-06	13.3699596325097	0.999810226888841	85.0761080877825	2.93655e-11	0.192494	605	0.00531681653483112	6.64971805278155	0.808863227459058	17.0560774827017	102.132185570484	0.0487267749904209
SNP.98	2.04e-36	0.241546	753395	3.6225815811987e-06	12.6027147861164	0.999839022292164	75.0343037409991	0.00164566	0.241546	605	0.00451113198407801	3.14769020784267	0.832989895175917	3.23176215365658	78.2660658946557	2.10302089944175e-12
SNP.99	8.853e-36	0.251816	755507	3.5126895942541e-06	12.4864373134875	0.999843904831983	73.5608675631772	0.000526948	0.251816	605	0.00438654806162997	3.46667020254839	0.836849711923783	4.12200544841088	77.6828730115881	1.17372441250699e-12
