snp	pvalues.df1	MAF.df1	N.df1	V.df1	z.df1	r.df1	lABF.df1	pvalues.df2	MAF.df2	N.df2	V.df2	z.df2	r.df2	lABF.df2	internal.sum.lABF	SNP.PP.H4
SNP.1	1.065e-44	0.262887	741961	3.4776489919989e-06	14.0270432692221	0.999845461708353	93.9762337951554	3.88773e-07	0.262887	584	0.00441828754067209	5.07437436131648	0.835862978504993	9.85790606274852	103.834139857904	3.74028938189887e-16
SNP.10	3.738e-45	0.263566	740905	3.4768364511838e-06	14.1011180845467	0.999845497810118	95.0177537472895	3.29314e-07	0.263566	584	0.00441096834052112	5.10584818866904	0.836090315119604	9.99408602434999	105.011839771639	1.21443361063032e-15
SNP.11	9.657e-45	0.261598	744789	3.47543737206085e-06	14.0339843578913	0.999845559972204	94.0732974339348	6.60534e-07	0.261598	584	0.00443230740565038	4.97262193099409	0.835427862199416	9.42659623166504	103.4998936656	2.67758907555731e-16
SNP.12	6.861e-45	0.262887	744406	3.46622666092495e-06	14.0581991317294	0.999845969210876	94.4120816099903	1.64496e-07	0.262887	584	0.00441828754067209	5.23554807456189	0.835862978504993	10.5523780048143	104.964459614805	1.15823540830144e-15
SNP.13	1.516e-44	0.262887	742499	3.47512915674297e-06	14.0019742872467	0.999845573666432	93.6246072306628	3.53264e-07	0.262887	584	0.00441828754067209	5.09255831926572	0.835862978504993	9.9351711787275	103.55977840939	2.84283426387294e-16
SNP.14	9.932e-58	0.305412	743847	3.16864084075955e-06	16.01567687028	0.999859191348057	123.798839629	5.17977e-06	0.305412	584	0.0040359314785556	4.55737174489748	0.847906922663817	7.86372829320639	131.662567922207	0.000455656901642691
SNP.15	1.733e-59	0.313144	755583	3.07664958486478e-06	16.2655513885575	0.999863278713717	127.817211881674	3.98587e-05	0.313144	584	0.0039805892521933	4.10829719028241	0.849678977522617	6.22299477994813	134.040206661622	0.00491171701419027
SNP.16	1.46e-59	0.310567	755714	3.09004754931346e-06	16.2760473252893	0.999862683411799	127.990059300656	3.35718e-05	0.310567	584	0.00399861677000321	4.14777779192185	0.849100924598838	6.35841986566726	134.348479166323	0.00668519969873931
SNP.17	1.337e-60	0.310567	757077	3.08448439680755e-06	16.4217298754317	0.999862930595184	130.370612499525	2.6692e-05	0.310567	584	0.00399861677000321	4.19999574196154	0.849100924598838	6.54348294962301	136.914095449148	0.0869655762958175
SNP.18	1.284e-60	0.313144	743554	3.12642272555979e-06	16.4241837431709	0.999861067183874	130.417406946916	3.87861e-05	0.313144	584	0.0039805892521933	4.11459428538369	0.849678977522617	6.24499310871594	136.662400055632	0.0676141291346975
SNP.19	9.996e-42	0.251295	737964	3.60114200292923e-06	13.5329290209749	0.999839974856459	87.185340623571	1.11994e-07	0.251295	584	0.00455053622782477	5.30610249596071	0.831776487183127	10.8179877122237	98.0033283357947	1.09803437240025e-18
SNP.2	6.681e-45	0.262887	744405	3.46623131729703e-06	14.0600806847097	0.99984596900399	94.4385312031298	1.64496e-07	0.262887	584	0.00441828754067209	5.23554807456189	0.835862978504993	10.5523780048143	104.990909207944	1.18927899901175e-15
SNP.20	4.426e-45	0.262887	744906	3.46390004074675e-06	14.0891914547564	0.999846072584375	94.8478655223769	2.65767e-07	0.262887	584	0.00441828754067209	5.14623461476548	0.835862978504993	10.1648581651451	105.012723687522	1.21550754234976e-15
SNP.21	7.287e-45	0.262887	744949	3.46370009725833e-06	14.0539348978025	0.999846081468017	94.3517990393934	2.65767e-07	0.262887	584	0.00441828754067209	5.14623461476548	0.835862978504993	10.1648581651451	104.516657204539	7.40148258825557e-16
SNP.22	1.905e-59	0.313144	755595	3.07660072298107e-06	16.2597544140356	0.999863280884762	127.722942933685	3.98587e-05	0.313144	584	0.0039805892521933	4.10829719028241	0.849678977522617	6.22299477994813	133.945937713633	0.00446984901244594
SNP.23	6.079e-45	0.263566	742730	3.4682933379079e-06	14.0667616405607	0.999845877386868	94.5327620723331	1.83768e-07	0.263566	584	0.00441096834052112	5.21504965659032	0.836090315119604	10.4652468269993	104.998008899332	1.19775255711009e-15
SNP.24	1.898e-44	0.265544	743298	3.44909188357395e-06	13.9859963503133	0.999846730522531	93.3974001327289	8.79412e-07	0.265544	584	0.00438990256656978	4.91686489245523	0.83674531524605	9.20817153458387	102.605571667313	1.09482528414723e-16
SNP.25	4.749e-45	0.271978	728109	3.46812966058235e-06	14.0842159758353	0.999845884659173	94.7783796366942	1.94452e-06	0.271978	584	0.00432393222437834	4.75910631380245	0.838803193051292	8.58650109610712	103.364880732801	2.33942192480837e-16
SNP.26	5.567e-45	0.259021	741988	3.51101146119738e-06	14.0729838731395	0.999843979392398	94.6262264641963	8.60719e-07	0.259021	584	0.0044608362535461	4.92107099149934	0.834543846800769	9.20552448158962	103.831750945786	3.731364823507e-16
SNP.27	3.455e-45	0.270619	743347	3.40773394548704e-06	14.1066724576828	0.999848568093074	95.0863493284871	8.1282e-07	0.270619	584	0.00433754932393143	4.93226389536055	0.838377592842891	9.28645482017503	104.372804148662	6.40979490314035e-16
SNP.28	1.159e-44	0.265464	702376	3.65074602674828e-06	14.021042210937	0.99983777094357	93.9156154193754	9.95359e-07	0.265464	584	0.00439074724534821	4.89255378992184	0.836719031818361	9.10816486803231	103.023780287408	1.66329972050223e-16
SNP.29	1.626e-59	0.317829	749636	3.07632911117368e-06	16.2694544369083	0.999863292953098	127.880645858616	4.34666e-05	0.317829	584	0.00394884768764349	4.08823591279697	0.850698686979534	6.15825539626806	134.038901254884	0.0049053094088803
SNP.3	7.444e-45	0.262887	744397	3.46626856872408e-06	14.0524256263345	0.999845967348881	94.3309515478475	1.64496e-07	0.262887	584	0.00441828754067209	5.23554807456189	0.835862978504993	10.5523780048143	104.883329552662	1.06797847414114e-15
SNP.30	3.447e-59	0.27261	736095	3.42552410258733e-06	16.2233786571799	0.999847777659498	127.183891048457	3.74812e-05	0.27261	584	0.00431765610324318	4.12248194294191	0.83899949769581	6.21616450132113	133.400055549778	0.00258951983394323
SNP.31	1.429e-60	0.313648	755969	3.0723917584505e-06	16.4176918951092	0.99986346789874	130.302427710171	2.18075e-05	0.313648	584	0.00397711117336313	4.24553239253701	0.849790592813455	6.71068206090259	137.013109771074	0.0960171371503905
SNP.32	1.351e-60	0.313144	756900	3.07129623897593e-06	16.4210978620079	0.999863516575202	130.358172261156	2.04954e-05	0.313144	584	0.0039805892521933	4.25942440282547	0.849678977522617	6.76024273584389	137.118414997	0.106679809483785
SNP.33	1.875e-59	0.31137	748961	3.11349444571624e-06	16.260726969222	0.999861641614771	127.744497405204	1.7647e-05	0.31137	584	0.00399295533143506	4.29275461813481	0.849282374069561	6.8790047171692	134.623502122373	0.00880147251573197
SNP.34	2.678e-60	0.312661	756790	3.0743260160508e-06	16.3795310262146	0.999863381955216	129.677030997499	2.39782e-05	0.312661	584	0.00398393696179296	4.22420848675094	0.849571573609302	6.63271702243464	136.309748019933	0.04752067770299
SNP.35	2.239e-60	0.310567	756795	3.08563374980262e-06	16.3904179108388	0.999862879526834	129.857155900229	4.65056e-05	0.310567	584	0.00399861677000321	4.07252803688876	0.849100924598838	6.09580313893596	135.952959039165	0.0332606812331839
SNP.36	2.002e-60	0.311856	756874	3.07831448523159e-06	16.3972174815732	0.999863204738382	129.967467988776	2.27967e-05	0.311856	584	0.00398954828372461	4.23557558737835	0.849391607550521	6.67254930640094	136.640017295177	0.066117549550283
SNP.37	3.854e-58	0.30491	742447	3.17754594688224e-06	16.0744497901956	0.999858795677171	124.743073972773	1.25138e-05	0.30491	584	0.0040396566020974	4.36843857804864	0.847787909894126	7.14803649333659	131.89111046611	0.000572654553555711
SNP.38	4.74e-45	0.222938	736305	3.9198773857307e-06	14.0843499913343	0.999825813573498	94.8394885451963	3.23305e-06	0.222938	584	0.00494216664126788	4.65543015218589	0.819906106326321	8.02778631328585	102.867274858482	1.42233229263079e-16
SNP.39	6.269e-43	0.212629	742061	4.02465340094201e-06	13.7349607906417	0.999821158505515	89.9931994874156	1.70084e-06	0.212629	584	0.00511393549204868	4.78606381168263	0.814805988319875	8.4889630738184	98.482162561234	1.77243777422996e-18
SNP.4	4.197e-45	0.262887	742959	3.47297754486115e-06	14.0929429549465	0.999845669264103	94.9019883602558	2.64676e-07	0.262887	584	0.00441828754067209	5.14700661281132	0.835862978504993	10.1681792000972	105.070167560353	1.28737542646061e-15
SNP.40	3.043e-60	0.315245	753066	3.07576779241773e-06	16.3717571409928	0.999863317893778	129.549971826	4.09544e-05	0.315245	584	0.00396619203487132	4.10202839421823	0.850141190328947	6.20347773315754	135.753449559158	0.0272449034866274
SNP.41	6.485e-45	0.262274	744641	3.47034562441225e-06	14.0621877330087	0.999845786202256	94.4687290952701	1.46669e-07	0.262274	584	0.00442493430840405	5.25669280612332	0.835656634934745	10.6428757022043	105.111604797474	1.34184137329947e-15
SNP.42	8.217e-61	0.311856	756907	3.07818027537752e-06	16.4512389790275	0.999863210701633	130.854587029372	2.27967e-05	0.311856	584	0.00398954828372461	4.23557558737835	0.849391607550521	6.67254930640094	137.527136335773	0.16054162459518
SNP.43	1.914e-60	0.313953	748744	3.10040295544094e-06	16.3999485748358	0.999862223298127	130.0156903911	5.43731e-05	0.313953	584	0.00397501388778882	4.03598754776889	0.849857911137027	5.97366423772613	135.989354628826	0.0344935222408196
SNP.44	1.577e-60	0.31039	755883	3.09032499696066e-06	16.4117102050225	0.999862671084179	130.207055719072	8.63683e-05	0.31039	584	0.00399987008506441	3.92600516918479	0.849060766251878	5.59806712828373	135.805122847356	0.0286897456301042
SNP.45	2.031e-59	0.313953	755539	3.07251923523296e-06	16.2558297320368	0.999863462234652	127.658505293488	5.60223e-05	0.313953	584	0.00397501388778882	4.02896775936964	0.849857911137027	5.9496071909806	133.608112484468	0.0031884324496042
SNP.46	1.371e-60	0.310881	755451	3.08940823236994e-06	16.4202062143024	0.999862711818083	130.346363860661	3.17235e-05	0.310881	584	0.00399639818245223	4.16072780673279	0.849172021233477	6.40447925547363	136.750843116135	0.0738665459963952
SNP.47	7.823e-58	0.303618	741490	3.18925800181453e-06	16.0305163677138	0.99985827528866	124.039705462694	7.20229e-06	0.303618	584	0.00404932006124223	4.48762102251263	0.847479330849094	7.59335640596445	131.633061868658	0.000442408677264694
SNP.48	5.876e-58	0.303618	742026	3.18695425196079e-06	16.0482908521907	0.999858377648533	124.3244091172	5.99551e-06	0.303618	584	0.00404932006124223	4.52654759846511	0.847479330849094	7.74204272203451	132.066451839234	0.000682405485484028
SNP.49	6.799e-45	0.262887	741191	3.4812618120734e-06	14.0588416183661	0.999845301188222	94.4232103949751	2.65767e-07	0.262887	584	0.00441828754067209	5.14623461476548	0.835862978504993	10.1648581651451	104.58806856012	7.94936209233335e-16
SNP.5	2.583e-59	0.302597	744011	3.18450707830981e-06	16.2410884734589	0.999858486381014	127.436256369518	4.71132e-06	0.302597	584	0.0040570347531513	4.57724835788948	0.847233142146267	7.93585541321412	135.372111782732	0.0186068296568987
SNP.50	4.853e-45	0.262887	740153	3.48614397800522e-06	14.0826854281393	0.999845084270246	94.7593381990995	2.65767e-07	0.262887	584	0.00441828754067209	5.14623461476548	0.835862978504993	10.1648581651451	104.924196364245	1.11252743632473e-15
SNP.51	6.212e-45	0.262887	744701	3.46485357714371e-06	14.0652306486381	0.999846030218027	94.510749525926	2.65767e-07	0.262887	584	0.00441828754067209	5.14623461476548	0.835862978504993	10.1648581651451	104.675607691071	8.67660928026214e-16
SNP.52	1.308e-59	0.311856	755500	3.08391290230996e-06	16.2827752691307	0.999862955987977	128.09861386326	3.07844e-05	0.311856	584	0.00398954828372461	4.1675848039352	0.849391607550521	6.42990468527719	134.528518548538	0.00800395236243199
SNP.53	1.103e-59	0.311856	755388	3.08437014844712e-06	16.2932019772385	0.999862935671497	128.268492113839	3.07844e-05	0.311856	584	0.00398954828372461	4.1675848039352	0.849391607550521	6.42990468527719	134.698396799116	0.0094859685834332
SNP.54	1.698e-44	0.264249	744622	3.45374228207183e-06	13.9939155454696	0.999846523901547	93.5088257031016	5.71786e-07	0.264249	584	0.00440365151637138	5.00051088397826	0.836317701569555	9.55119371800316	103.060019421105	1.72468175994189e-16
SNP.55	5.268e-58	0.303896	741163	3.18901939610833e-06	16.0550693574465	0.999858285890353	124.43351212854	1.39526e-05	0.303896	584	0.00404723147718807	4.34460577794994	0.847546005666699	7.05852322104709	131.492035349587	0.000384217018393118
SNP.56	7.112e-45	0.262887	741599	3.47934655218319e-06	14.0556558197758	0.999845386284556	94.3781670512452	2.65767e-07	0.262887	584	0.00441828754067209	5.14623461476548	0.835862978504993	10.1648581651451	104.54302521639	7.59924075587303e-16
SNP.57	4.655e-57	0.29845	730864	3.26740689877009e-06	15.9193075597728	0.99985480300084	122.275068802155	5.23027e-05	0.29845	584	0.00408909259531285	4.04509146443211	0.846211653118479	5.98709219495196	128.262160997107	1.52005740340217e-05
SNP.58	1.137e-44	0.260309	741736	3.50091146568626e-06	14.0224021241904	0.999844428141227	93.9143843836951	8.80742e-07	0.260309	584	0.00444649326526073	4.91656891967291	0.834988054976596	9.19106827249561	103.105452656191	1.80484692403404e-16
SNP.59	1.379e-44	0.262887	744783	3.46447209959478e-06	14.0087032220871	0.999846047167364	93.717344698402	2.65767e-07	0.262887	584	0.00441828754067209	5.14623461476548	0.835862978504993	10.1648581651451	103.882202863547	3.92444911656149e-16
SNP.6	1.891e-60	0.323454	742999	3.07518974835414e-06	16.4006830148553	0.999863343577603	130.023802266508	2.26135e-05	0.323454	584	0.00391243648602291	4.23738815833672	0.851871428518406	6.69303367227712	136.716835938785	0.0713967860645606
SNP.60	5.66e-58	0.303618	745136	3.17365275032405e-06	16.0506154565877	0.999858968659297	124.359697652611	4.88162e-06	0.303618	584	0.00404932006124223	4.56981196752477	0.847479330849094	7.90880472893764	132.268502381549	0.000835202806150377
SNP.61	3.126e-58	0.301034	745104	3.18919819323098e-06	16.0874189969107	0.999858277946066	124.95336440687	1.30941e-05	0.301034	584	0.0040689800180979	4.35852661570695	0.846852230859964	7.1055458558597	132.05891026273	0.000677278429650442
SNP.62	4.318e-45	0.262887	744774	3.46451396497796e-06	14.0909360394758	0.999846045307254	94.8725289365446	2.65767e-07	0.262887	584	0.00441828754067209	5.14623461476548	0.835862978504993	10.1648581651451	105.03738710169	1.24585885326405e-15
SNP.63	2.989e-54	0.302835	711449	3.32877612585367e-06	15.5095643422969	0.999852076279071	115.846094862792	5.59416e-06	0.302835	584	0.00405523021568915	4.54117489230355	0.847290715134028	7.79691906286896	123.643013925661	1.49895951999617e-07
SNP.64	2.271e-60	0.310881	755340	3.08986223230877e-06	16.3895552696174	0.999862691645848	129.843678552469	7.26105e-05	0.310881	584	0.00399639818245223	3.96756569569518	0.849172021233477	5.73784596010753	135.581524512577	0.0229413607797094
SNP.65	1.338e-44	0.260309	742810	3.49584963437792e-06	14.0108468076531	0.999844653041566	93.7517417818804	8.80742e-07	0.260309	584	0.00444649326526073	4.91656891967291	0.834988054976596	9.19106827249561	102.942810054376	1.53393016899997e-16
SNP.66	1.088e-44	0.262953	744612	3.46470817339984e-06	14.0255275891789	0.999846036678426	93.9531705195981	6.59993e-07	0.262953	584	0.0044175741137185	4.97278072047191	0.83588513232821	9.4315185060261	103.384689025624	2.38622388248147e-16
SNP.67	1.182e-44	0.262887	744837	3.46422092854208e-06	14.0196476748738	0.999846058327086	93.8706634184938	2.65767e-07	0.262887	584	0.00441828754067209	5.14623461476548	0.835862978504993	10.1648581651451	104.035521583639	4.57471640582122e-16
SNP.7	4.517e-58	0.302835	743581	3.18493136048725e-06	16.0646095032241	0.999858467529365	124.586085788032	5.59416e-06	0.302835	584	0.00405523021568915	4.54117489230355	0.847290715134028	7.79691906286896	132.383004850901	0.000936525776997541
SNP.8	8.835e-45	0.263566	744664	3.45928567899661e-06	14.0402902840754	0.999846277604031	94.1595428988074	3.29314e-07	0.263566	584	0.00441096834052112	5.10584818866904	0.836090315119604	9.99408602434999	104.153628923157	5.14822527519051e-16
SNP.9	9.674e-45	0.262887	744656	3.465062960283e-06	14.0338596574835	0.999846020914975	94.0700985247152	2.65767e-07	0.262887	584	0.00441828754067209	5.14623461476548	0.835862978504993	10.1648581651451	104.23495668986	5.58441574298505e-16
