snp	pvalues.df1	MAF.df1	N.df1	V.df1	z.df1	r.df1	lABF.df1	pvalues.df2	MAF.df2	N.df2	V.df2	z.df2	r.df2	lABF.df2	internal.sum.lABF	SNP.PP.H4
SNP.1	1.333e-86	0.213918	730182	4.07214937303786e-06	19.7243345852544	0.999819048332852	190.180847551697	1.50382e-07	0.213918	584	0.00509145577654714	5.25209115565028	0.815469839004475	10.4021770148594	200.583024566556	1.02057812403525e-08
SNP.10	3.31e-92	0.186856	732225	4.494184960998e-06	20.3665803325307	0.999800298334899	203.098036345786	6.10401e-08	0.186856	584	0.00563485373812802	5.41572722111064	0.799719814057831	10.9239126107986	214.021948956585	0.00700320695142474
SNP.100	1.36e-92	0.173969	725478	4.79598199472634e-06	20.4101022149873	0.999786890669946	204.014895875516	1.15774e-06	0.173969	584	0.00595784148214054	4.86273636795431	0.79064324025139	8.56599831528013	212.580894190796	0.00165750492476109
SNP.11	1.27e-89	0.184755	726811	4.56734868692774e-06	20.0730376819795	0.999797047922932	197.171263131186	6.53469e-08	0.184755	584	0.00568424531934014	5.40351661378265	0.798318342217963	10.8541138149723	208.025376946158	1.74188237923976e-05
SNP.12	9.23e-93	0.185567	734819	4.50229054637609e-06	20.4290393290072	0.999799938230659	204.372634302489	4.91771e-08	0.185567	584	0.00566501478937933	5.45426037577853	0.798863418615511	11.0807908976213	215.45342520011	0.0293075283586083
SNP.13	1.22e-92	0.185567	735596	4.49753483841338e-06	20.4154113941676	0.999800149510939	204.09389293874	4.91771e-08	0.185567	584	0.00566501478937933	5.45426037577853	0.798863418615511	11.0807908976213	215.174683836361	0.0221780499738751
SNP.14	3.958e-87	0.236434	734804	3.76913749928158e-06	19.7856451931556	0.999832510835129	191.355798267937	1.95424e-07	0.236434	584	0.0047424269024351	5.20363848453399	0.8259176056737	10.3079246749338	201.663722942871	3.0073750784139e-08
SNP.15	1.35e-92	0.185233	731675	4.5279330508794e-06	20.4104629408806	0.999798799021053	203.995986747574	1.94591e-07	0.185233	584	0.00567290310788045	5.20443186652304	0.798639739534204	10.0146925209818	214.010679268555	0.00692472605212718
SNP.16	1.08e-92	0.183594	734019	4.54462476555504e-06	20.4213667872033	0.999798057466111	204.220238763622	6.48937e-08	0.183594	584	0.00571205637977387	5.40476421668165	0.797531370883371	10.8499491835891	215.070187947211	0.0199775105964868
SNP.17	1.08e-92	0.185567	733156	4.5125029829907e-06	20.4213667872033	0.999799484526386	204.216990452515	4.91771e-08	0.185567	584	0.00566501478937933	5.45426037577853	0.798863418615511	11.0807908976213	215.297781350137	0.0250832570463027
SNP.18	1.1e-92	0.1875	733591	4.47395249130821e-06	20.4204703804064	0.999801197197466	204.194756747222	4.8197e-07	0.1875	584	0.00561995082543028	5.03335476160013	0.800143646753896	9.33060548116682	213.525362228389	0.00426218292124631
SNP.19	8.537e-89	0.213918	734042	4.05073575286364e-06	19.978125255056	0.999819999705812	195.215546964313	1.50382e-07	0.213918	584	0.00509145577654714	5.25209115565028	0.815469839004475	10.4021770148594	205.617723979172	1.56815298107523e-06
SNP.2	2.39e-90	0.185567	727050	4.55040043600513e-06	20.155874149638	0.999797800873377	198.83542994859	4.91771e-08	0.185567	584	0.00566501478937933	5.45426037577853	0.798863418615511	11.0807908976213	209.916220846211	0.000115398960780955
SNP.20	3.857e-87	0.235825	734854	3.77560257053437e-06	19.7869482991133	0.999832223594955	191.382378114391	2.44424e-07	0.235825	584	0.00475088467699908	5.16192440518858	0.825661268127232	10.1266860497593	201.50906416415	2.57644064794064e-08
SNP.21	5.82e-91	0.19201	728073	4.42654868384872e-06	20.2256653648458	0.999803303200183	200.231614052888	6.9993e-07	0.19201	584	0.00551857976009553	4.96138307085794	0.803038562006088	9.07115272356557	209.302766776454	6.24859217214356e-05
SNP.22	5.23e-90	0.183938	727328	4.57978491226685e-06	20.1170788479236	0.99979649542644	198.05734081627	2.17448e-07	0.183938	584	0.00570377705594045	5.18376748022295	0.797765489188652	9.91939219292667	207.976733009196	1.65917819853277e-05
SNP.23	1.65e-90	0.185567	726850	4.55165252390112e-06	20.1742035725026	0.999797745247531	199.20509495083	4.91771e-08	0.185567	584	0.00566501478937933	5.45426037577853	0.798863418615511	11.0807908976213	210.285885848452	0.000167011112298035
SNP.24	3e-90	0.187339	726389	4.52129796982676e-06	20.1446205331807	0.999799093794977	198.605767567435	2.52621e-08	0.187339	584	0.00562366628596659	5.57145473734488	0.80003793855381	11.6122181718855	210.21798573932	0.000156047467806845
SNP.25	4.485e-87	0.237726	732216	3.76827856424968e-06	19.7793425167408	0.999832548997234	191.23103002134	2.15815e-07	0.237726	584	0.00472464701575452	5.18517251500459	0.826456996374629	10.2344022663462	201.465432287686	2.46644286280911e-08
SNP.26	1.03e-89	0.185567	727988	4.54453732341403e-06	20.0834440889269	0.999798061350858	197.377864480017	4.91771e-08	0.185567	584	0.00566501478937933	5.45426037577853	0.798863418615511	11.0807908976213	208.458655377638	2.68651492600845e-05
SNP.27	1.03e-92	0.185567	731036	4.52558921448127e-06	20.4236823380471	0.999798903149656	204.265596718143	6.38069e-08	0.185567	584	0.00566501478937933	5.40779077406993	0.798863418615511	10.8791756690293	215.144772387172	0.0215244954671155
SNP.28	1e-92	0.185567	729915	4.53253959296292e-06	20.425126123022	0.999798594368268	204.295781980605	6.38069e-08	0.185567	584	0.00566501478937933	5.40779077406993	0.798863418615511	10.8791756690293	215.174957649634	0.0221841234497934
SNP.29	7.6e-93	0.186856	734237	4.48186972744054e-06	20.4385260078836	0.999800845460323	204.564361214749	6.10401e-08	0.186856	584	0.00563485373812802	5.41572722111064	0.799719814057831	10.9239126107986	215.488273825548	0.030346859894034
SNP.3	2.38e-90	0.185567	727163	4.54969331084988e-06	20.1560816629117	0.999797832288455	198.839540427739	4.91771e-08	0.185567	584	0.00566501478937933	5.45426037577853	0.798863418615511	11.0807908976213	209.92033132536	0.000115874282032872
SNP.30	2.376e-88	0.213918	732917	4.05695347973035e-06	19.926951726496	0.999819723461946	194.19540086251	1.50382e-07	0.213918	584	0.00509145577654714	5.25209115565028	0.815469839004475	10.4021770148594	204.597577877369	5.65385420529041e-07
SNP.31	2.255e-88	0.213918	733027	4.05634468239715e-06	19.9295680009347	0.999819750509852	194.247459608279	1.50382e-07	0.213918	584	0.00509145577654714	5.25209115565028	0.815469839004475	10.4021770148594	204.649636623138	5.95598275006979e-07
SNP.32	2.456e-88	0.213918	733358	4.05451385749325e-06	19.9252939615925	0.999819831850523	194.162094798572	1.50382e-07	0.213918	584	0.00509145577654714	5.25209115565028	0.815469839004475	10.4021770148594	204.564271813431	5.4686479418237e-07
SNP.33	1.29e-91	0.184755	732656	4.53091118682525e-06	20.2998416084734	0.99979866671273	201.745027155989	4.44881e-08	0.184755	584	0.00568424531934014	5.47204134666793	0.798318342217963	11.1515850733814	212.89661222937	0.00227284295925424
SNP.34	6.93e-90	0.185567	727729	4.54615473204659e-06	20.1031178173924	0.999797989495065	197.773257768685	4.91771e-08	0.185567	584	0.00566501478937933	5.45426037577853	0.798863418615511	11.0807908976213	208.854048666306	3.98938895781941e-05
SNP.35	9.697e-85	0.235825	727646	3.81300337164976e-06	19.5063463537401	0.999830561897618	185.87502720702	2.44424e-07	0.235825	584	0.00475088467699908	5.16192440518858	0.825661268127232	10.1266860497593	196.001713256779	1.04522077517546e-10
SNP.36	3.773e-87	0.235142	734825	3.78333727876645e-06	19.7880582636525	0.999831879945605	191.405293657042	1.9433e-07	0.235142	584	0.00476042947922869	5.20468112871019	0.825372176074631	10.3065828202501	201.711876477292	3.15573415845213e-08
SNP.37	1.42e-92	0.165775	732339	4.93691448300288e-06	20.4079919125309	0.999780629712415	203.985009886943	1.13658e-06	0.165775	584	0.00619091612254768	4.86638501413215	0.784220340120741	8.51908788957333	212.504097776516	0.00153497946023049
SNP.38	9.45e-91	0.162465	720675	5.09879754136846e-06	20.2017441296244	0.999773438117858	199.812755581763	6.58143e-06	0.162465	584	0.00629208205158512	4.50679455673437	0.781464847164857	7.17583910125463	206.988594683017	6.17660758000588e-06
SNP.39	1.08e-92	0.185567	735480	4.49824419018536e-06	20.4213667872033	0.999800117996794	204.215540436084	4.91771e-08	0.185567	584	0.00566501478937933	5.45426037577853	0.798863418615511	11.0807908976213	215.296331333705	0.0250469122680601
SNP.4	1.08e-92	0.185567	735452	4.49841544655196e-06	20.4213667872033	0.999800110388443	204.215557881365	4.91771e-08	0.185567	584	0.00566501478937933	5.45426037577853	0.798863418615511	11.0807908976213	215.296348778987	0.0250473492223021
SNP.40	1.671e-71	0.19201	721417	4.46738929065407e-06	17.8805765727628	0.999801488779389	155.563443311712	4.45239e-06	0.19201	584	0.00551857976009553	4.58906349255556	0.803038562006088	7.64342314163189	163.206866453344	5.97842839181633e-25
SNP.41	1.014e-88	0.213178	733974	4.06135030510239e-06	19.9695314984463	0.999819528117975	195.045141862413	1.35182e-07	0.213178	584	0.00510432453568017	5.2716781276054	0.815089678101613	10.4819694842636	205.527111346677	1.43230616653953e-06
SNP.42	4.085e-86	0.229381	736257	3.84187661605269e-06	19.6676212344664	0.999829279078785	189.036903589718	5.70102e-07	0.229381	584	0.00484350779401559	5.00107948779496	0.822864431641223	9.42482727718575	198.461730866904	1.22343276372416e-09
SNP.43	3.43e-90	0.185567	727030	4.55052561379521e-06	20.1379863946722	0.99979779531217	198.475132089745	4.91771e-08	0.185567	584	0.00566501478937933	5.45426037577853	0.798863418615511	11.0807908976213	209.555922987367	8.04871456111464e-05
SNP.44	2.51e-90	0.185567	727090	4.5501501010845e-06	20.1534494170076	0.999797811994875	198.786544920368	4.91771e-08	0.185567	584	0.00566501478937933	5.45426037577853	0.798863418615511	11.0807908976213	209.867335817989	0.000109893346749661
SNP.45	6.7e-90	0.184755	727740	4.56151821597637e-06	20.1047925818092	0.999797306949869	197.808468945477	3.68877e-08	0.184755	584	0.00568424531934014	5.50513905076851	0.798318342217963	11.2966073713367	209.105076316813	5.1277436405564e-05
SNP.46	1.08e-92	0.185567	735502	4.49810964075901e-06	20.4213667872033	0.999800123974379	204.215526729501	4.91771e-08	0.185567	584	0.00566501478937933	5.45426037577853	0.798863418615511	11.0807908976213	215.296317627122	0.0250465689628277
SNP.47	1.34e-92	0.185567	735522	4.4979873300833e-06	20.4108263423595	0.999800129408236	204.000362540626	4.91771e-08	0.185567	584	0.00566501478937933	5.45426037577853	0.798863418615511	11.0807908976213	215.081153438247	0.0201977792798655
SNP.48	1.16e-92	0.185233	735698	4.50317306150374e-06	20.4178755959928	0.999799899023459	204.144767696235	2.60781e-08	0.185233	584	0.00567290310788045	5.56591456361611	0.798639739534204	11.5693621245883	215.714129820824	0.0380366072352268
SNP.49	1.18e-92	0.186856	734128	4.48253517515578e-06	20.4170403441887	0.999800815896649	204.125612200764	6.10401e-08	0.186856	584	0.00563485373812802	5.41572722111064	0.799719814057831	10.9239126107986	215.049524811563	0.019568948211826
SNP.5	1.11e-92	0.184755	735723	4.51202322952339e-06	20.4200282561827	0.999799505840212	204.18961348954	3.34094e-08	0.184755	584	0.00568424531934014	5.52256086901656	0.798318342217963	11.3732948625963	215.562908352136	0.0326984467119795
SNP.50	6.32e-93	0.185567	734618	4.50352242525712e-06	20.4475261854392	0.999799883502394	204.750523629015	4.91771e-08	0.185567	584	0.00566501478937933	5.45426037577853	0.798863418615511	11.0807908976213	215.831314526637	0.0427655875557849
SNP.51	1.84e-92	0.185567	729935	4.53241540273796e-06	20.3953218329104	0.999798599885611	203.687579711676	4.91771e-08	0.185567	584	0.00566501478937933	5.45426037577853	0.798863418615511	11.0807908976213	214.768370609297	0.0147728322156225
SNP.52	6.2e-90	0.185567	727677	4.54647960152311e-06	20.1086404401972	0.999797975062255	197.884305328231	4.91771e-08	0.185567	584	0.00566501478937933	5.45426037577853	0.798863418615511	11.0807908976213	208.965096225853	4.45793491524985e-05
SNP.53	1.08e-92	0.185567	735873	4.49584185993715e-06	20.4213667872033	0.99980022472436	204.215295642772	4.91771e-08	0.185567	584	0.00566501478937933	5.45426037577853	0.798863418615511	11.0807908976213	215.296086540394	0.0250407817018508
SNP.54	3.08e-90	0.184278	727541	4.57190151106425e-06	20.1433172683699	0.999796845657359	198.58462774207	5.06419e-08	0.184278	584	0.00569562636517328	5.44904184020316	0.797996104381337	11.047338750809	209.631966492879	8.68463960299532e-05
SNP.55	1.317e-83	0.229381	728755	3.88142592737629e-06	19.3725018134947	0.99982752193482	183.281928036415	5.70102e-07	0.229381	584	0.00484350779401559	5.00107948779496	0.822864431641223	9.42482727718575	192.7067553136	3.87459202744606e-12
SNP.56	1.301e-88	0.19201	719814	4.47733800661808e-06	19.9570781708312	0.999801046789962	194.841644078613	6.9993e-07	0.19201	584	0.00551857976009553	4.96138307085794	0.803038562006088	9.07115272356557	203.912796802179	2.85067667986827e-07
SNP.57	1.12e-92	0.185567	735470	4.49830535167652e-06	20.4195900878524	0.999800115279592	204.179272867714	4.91771e-08	0.185567	584	0.00566501478937933	5.45426037577853	0.798863418615511	11.0807908976213	215.260063765335	0.0241547968767385
SNP.58	1.934e-88	0.213178	732812	4.06779027750258e-06	19.9372523854991	0.999819242000361	194.401915508498	1.2787e-07	0.213178	584	0.00510432453568017	5.28187275560621	0.815089678101613	10.5258170400526	204.92773254855	7.86554748198138e-07
SNP.59	1.64e-92	0.182642	733809	4.56429807350582e-06	20.4009495406964	0.999797183450741	203.805560741806	1.18853e-07	0.182642	584	0.00573514213188567	5.29525106798963	0.796879289464988	10.375144259044	214.18070500085	0.00820812259476063
SNP.6	1.18e-92	0.184755	735450	4.51369809843584e-06	20.4170403441887	0.999799431431446	204.128786958057	6.15461e-08	0.184755	584	0.00568424531934014	5.41425007688794	0.798318342217963	10.9004610244266	215.029247982484	0.0191761478250537
SNP.60	7.24e-93	0.186856	734496	4.48028931820835e-06	20.4408945204742	0.999800915672763	204.612601645528	6.10401e-08	0.186856	584	0.00563485373812802	5.41572722111064	0.799719814057831	10.9239126107986	215.536514256327	0.0318466908863556
SNP.61	3.29e-90	0.183377	727088	4.59215518788414e-06	20.1400505816057	0.999795945860462	198.520871722997	6.68665e-08	0.183377	584	0.00571729611515121	5.39939367249847	0.797383275427254	10.8250179646636	209.345889687661	6.52394397451879e-05
SNP.62	1.21e-92	0.185567	735480	4.49824419018536e-06	20.4158135811012	0.999800117996794	204.102174460824	4.91771e-08	0.185567	584	0.00566501478937933	5.45426037577853	0.798863418615511	11.0807908976213	215.182965358446	0.022362480613661
SNP.63	8.848e-89	0.213918	734049	4.05069712444746e-06	19.9763385814025	0.999820001422012	195.179856170277	1.50382e-07	0.213918	584	0.00509145577654714	5.25209115565028	0.815469839004475	10.4021770148594	205.582033185136	1.5131713611719e-06
SNP.64	1.57e-92	0.185567	733519	4.51026985940041e-06	20.4030824952328	0.999799583736535	203.843615415311	6.38069e-08	0.185567	584	0.00566501478937933	5.40779077406993	0.798863418615511	10.8791756690293	214.722791084341	0.0141146082592967
SNP.65	6.9e-93	0.185233	733923	4.51406402988077e-06	20.4432419104781	0.99979941517435	204.664018419164	1.612e-07	0.185233	584	0.00567290310788045	5.23928491630876	0.798639739534204	10.1600431091105	214.824061528274	0.0156188848864377
SNP.66	1.08e-92	0.185567	735142	4.50031237093994e-06	20.4213667872033	0.999800026114401	204.215751065901	4.91771e-08	0.185567	584	0.00566501478937933	5.45426037577853	0.798863418615511	11.0807908976213	215.296541963522	0.0250521884502541
SNP.67	3.941e-86	0.229974	736174	3.8353535195735e-06	19.6694411554593	0.999829568895287	189.071899191428	7.82927e-07	0.229974	584	0.00483473894164126	4.93957581241893	0.823128402580933	9.17575773809947	198.247656929527	9.87663438033352e-10
SNP.68	9.4e-92	0.184896	731374	4.53617652566564e-06	20.3153902399323	0.999798432791945	202.06125154038	3.07646e-07	0.184896	584	0.00568089309979826	5.11870176397511	0.798413305082977	9.65888864596714	211.720140186347	0.000700864581122851
SNP.69	8.503e-89	0.213918	734109	4.05036605395593e-06	19.9783245065699	0.99982001613096	195.219484589833	1.50382e-07	0.213918	584	0.00509145577654714	5.25209115565028	0.815469839004475	10.4021770148594	205.621661604692	1.57433995326863e-06
SNP.7	5.56e-90	0.185567	725972	4.55715735179529e-06	20.1140445442318	0.99979750068753	197.994043872153	4.91771e-08	0.185567	584	0.00566501478937933	5.45426037577853	0.798863418615511	11.0807908976213	209.074834769775	4.97499407292945e-05
SNP.70	1.8e-91	0.184073	733094	4.54118238048377e-06	20.2834633869641	0.99979821039924	201.413790966792	2.08267e-07	0.184073	584	0.0057005369110246	5.19180327384338	0.797857149705683	9.95365809448884	211.367449061281	0.000492563587394587
SNP.71	7.33e-93	0.186856	734143	4.48244358805677e-06	20.4402915560378	0.999800819965565	204.600499465807	6.10401e-08	0.186856	584	0.00563485373812802	5.41572722111064	0.799719814057831	10.9239126107986	215.524412076605	0.0314635993069976
SNP.72	1.01e-92	0.189433	733075	4.44198450742214e-06	20.4246401154082	0.999802617433906	204.276607905442	3.12083e-07	0.189433	584	0.00557586950818234	5.11600003555895	0.80139993503826	9.67947201471737	213.956079920159	0.00655677681895297
SNP.73	1.83e-92	0.185567	734450	4.50455257267007e-06	20.3955883921655	0.99979983773639	203.690190078368	4.91771e-08	0.185567	584	0.00566501478937933	5.45426037577853	0.798863418615511	11.0807908976213	214.770980975989	0.0148114450997554
SNP.74	1.01e-92	0.185233	733891	4.51426085754176e-06	20.4246401154082	0.999799406429963	204.284006652689	1.02944e-07	0.185233	584	0.00567290310788045	5.32144895121504	0.798639739534204	10.5065379540525	214.790544606742	0.0151040637513188
SNP.75	2.36e-90	0.185567	727013	4.55063202033187e-06	20.1564993116306	0.999797790584903	198.848051633333	4.91771e-08	0.185567	584	0.00566501478937933	5.45426037577853	0.798863418615511	11.0807908976213	209.928842530954	0.000116864720805322
SNP.76	1.04e-92	0.188312	733371	4.46045487969436e-06	20.4232103847914	0.999801796853178	204.249316169376	7.50136e-07	0.188312	584	0.00560131550612386	4.94791253556705	0.800674260075005	8.99458149274315	213.243897662119	0.0032165742174972
SNP.77	1.16e-92	0.183938	733788	4.5394661682519e-06	20.4178755959928	0.999798286644564	204.148444371844	7.37632e-08	0.183938	584	0.00570377705594045	5.38175479512345	0.797765489188652	10.753790828392	214.902235200236	0.0168888632212079
SNP.78	9.231e-87	0.237726	734167	3.75826461445508e-06	19.7429076252689	0.999832993912827	190.509912585051	2.15815e-07	0.237726	584	0.00472464701575452	5.18517251500459	0.826456996374629	10.2344022663462	200.744314851397	1.19920584256096e-08
SNP.79	1.03e-92	0.186047	735349	4.49008433844118e-06	20.4236823380471	0.999800480512039	204.261988338732	5.5529e-08	0.186047	584	0.00565373121265134	5.4326315132828	0.799183590624367	10.9906644333969	215.252652772129	0.0239764475303715
SNP.8	6.17e-90	0.185567	726278	4.55523730169099e-06	20.1088810590393	0.999797585988541	197.890026241963	4.91771e-08	0.185567	584	0.00566501478937933	5.45426037577853	0.798863418615511	11.0807908976213	208.970817139584	4.48351146718575e-05
SNP.80	9.44e-93	0.185567	735205	4.49992673743722e-06	20.4279406963186	0.999800043246813	204.349954769077	4.91771e-08	0.185567	584	0.00566501478937933	5.45426037577853	0.798863418615511	11.0807908976213	215.430745666698	0.0286503279588033
SNP.81	5.56e-93	0.183938	731779	4.55192865697051e-06	20.4537762030245	0.999797732979914	204.883209647859	6.19281e-08	0.183938	584	0.00570377705594045	5.41314269457196	0.797765489188652	10.8889439324702	215.772153580329	0.0403089207817468
SNP.82	5.89e-93	0.185233	733947	4.51391642039845e-06	20.4509637647791	0.999799421732139	204.821861322336	9.04473e-08	0.185233	584	0.00567290310788045	5.34493941737406	0.798639739534204	10.6065909156902	215.428452238027	0.0285846957653679
SNP.83	1.349e-88	0.213918	735602	4.04214530888107e-06	19.9552671983118	0.999820381366033	194.758243940963	6.64603e-08	0.213918	584	0.00509145577654714	5.40048680458844	0.815469839004475	11.0467228340745	205.804966775037	1.89106710865676e-06
SNP.84	1.08e-92	0.185567	735466	4.49832981673868e-06	20.4213667872033	0.999800114192691	204.215549158649	4.91771e-08	0.185567	584	0.00566501478937933	5.45426037577853	0.798863418615511	11.0807908976213	215.296340056271	0.025047130742345
SNP.85	8.94e-93	0.184755	735869	4.51112802209991e-06	20.4305982031782	0.999799545611258	204.405373790172	6.99625e-08	0.184755	584	0.00568424531934014	5.39126733739153	0.798318342217963	10.8013336794604	215.206707469633	0.0228997660215525
SNP.86	1.79e-92	0.185567	733281	4.51173375145071e-06	20.396669361998	0.999799518700746	203.712963210117	4.91771e-08	0.185567	584	0.00566501478937933	5.45426037577853	0.798863418615511	11.0807908976213	214.793754107739	0.015152618134979
SNP.87	9.63e-93	0.185567	735920	4.49555473013036e-06	20.4269675045618	0.999800237480587	204.329633511825	4.91771e-08	0.185567	584	0.00566501478937933	5.45426037577853	0.798863418615511	11.0807908976213	215.410424409447	0.0280739930323295
SNP.88	1.79e-92	0.17228	732076	4.78955894812855e-06	20.396669361998	0.999787176017106	203.740268023484	1.42081e-06	0.17228	584	0.00600397458306534	4.82206307454638	0.789363600308836	8.39844565258061	212.138713676064	0.00106516839021469
SNP.89	6.04e-90	0.185567	727682	4.54644836205586e-06	20.1099374079498	0.999797976450115	197.910378004208	4.91771e-08	0.185567	584	0.00566501478937933	5.45426037577853	0.798863418615511	11.0807908976213	208.99116890183	4.57569368007511e-05
SNP.9	5.76e-90	0.185567	727128	4.54991230842098e-06	20.1122918293409	0.999797822559165	197.958068080866	4.91771e-08	0.185567	584	0.00566501478937933	5.45426037577853	0.798863418615511	11.0807908976213	209.038858978487	4.79919592353653e-05
SNP.90	6.25e-90	0.185567	727692	4.54638588440924e-06	20.1082419780405	0.999797979225777	197.876285031253	4.91771e-08	0.185567	584	0.00566501478937933	5.45426037577853	0.798863418615511	11.0807908976213	208.957075928874	4.42232394946968e-05
SNP.91	1.444e-88	0.212401	734077	4.07161470463887e-06	19.951865109265	0.999819072087294	194.693743116731	1.82008e-07	0.212401	584	0.0051179429923582	5.21683322070852	0.814687755935541	10.2431492064529	204.936892323184	7.93792509957036e-07
SNP.92	7.69e-90	0.185567	727760	4.5459610819467e-06	20.0979535120911	0.999797998098259	197.669453878707	4.91771e-08	0.185567	584	0.00566501478937933	5.45426037577853	0.798863418615511	11.0807908976213	208.750244776328	3.59604340104463e-05
SNP.93	3.3e-92	0.185567	735499	4.49812798793409e-06	20.3667285394273	0.999800123159274	203.101456290944	4.91771e-08	0.185567	584	0.00566501478937933	5.45426037577853	0.798863418615511	11.0807908976213	214.182247188566	0.00822079082648385
SNP.94	4.71e-90	0.184073	727169	4.57818410306046e-06	20.1222711067951	0.999796566544567	198.161625751787	9.68105e-08	0.184073	584	0.0057005369110246	5.33261110216088	0.797857149705683	10.5448383012465	208.706464053034	3.44200263212837e-05
SNP.95	9.134e-89	0.218833	733631	3.98690261203929e-06	19.9747499820617	0.999822835721097	195.140758415483	1.22868e-06	0.218833	584	0.00500841669550171	4.85095568346937	0.817931480719474	8.77200207497335	203.912760490457	2.85057316876883e-07
SNP.96	7.1e-93	0.187339	734160	4.47344054566374e-06	20.4418474909558	0.99980121994156	204.631376607605	4.78759e-08	0.187339	584	0.00562366628596659	5.45902401794032	0.80003793855381	11.1161287821253	215.747505389731	0.039327523340566
SNP.97	1.989e-88	0.212629	734770	4.06458936450376e-06	19.9358493555563	0.999819384211756	194.373583716939	9.82377e-08	0.212629	584	0.00511393549204868	5.32995389996559	0.814805988319875	10.7304950672661	205.104078784205	9.38242613778278e-07
SNP.98	8.39e-93	0.1875	732905	4.47814011645613e-06	20.4336984182844	0.999801011154821	204.465342123785	7.0143e-08	0.1875	584	0.00561995082543028	5.39080437532356	0.800143646753896	10.8213177658429	215.286659889628	0.0248058400938623
SNP.99	6.25e-90	0.185567	727689	4.54640462752293e-06	20.1082419780405	0.999797978393086	197.876286923807	4.91771e-08	0.185567	584	0.00566501478937933	5.45426037577853	0.798863418615511	11.0807908976213	208.957077821428	4.42233231896334e-05
