snp	pvalues.df1	MAF.df1	N.df1	V.df1	z.df1	r.df1	lABF.df1	pvalues.df2	MAF.df2	N.df2	V.df2	z.df2	r.df2	lABF.df2	internal.sum.lABF	SNP.PP.H4
SNP.1	1.333e-86	0.216066	730182	4.04271335293261e-06	19.7243345852544	0.9998203561287	190.177475167794	1.1355e-12	0.216066	532	0.005548715265923	7.11299669424802	0.80217577834432	19.4827420331535	209.660217200948	2.24771690068869e-07
SNP.10	3.31e-92	0.195291	732225	4.34514590162285e-06	20.3665803325307	0.999806919691577	203.082550422084	2.44796e-11	0.195291	532	0.0059804971011575	6.67645211479718	0.790014300666317	16.8270908739611	219.909641296045	0.00635345470734795
SNP.100	1.36e-92	0.184211	725478	4.58619326347288e-06	20.4101022149873	0.999796210726823	203.994477696488	7.9922e-11	0.184211	532	0.00625410209849206	6.50074727601671	0.782497047653592	15.7712797411938	219.765757437682	0.00550201756515997
SNP.11	1.27e-89	0.192201	726811	4.43087561599586e-06	20.0730376819795	0.99980311096777	197.157319815063	2.20258e-11	0.192201	532	0.00605340063409317	6.69192217808168	0.787997208750494	16.8683976226929	214.025717437756	1.76870040256573e-05
SNP.12	9.23e-93	0.193906	734819	4.35324080095849e-06	20.4290393290072	0.99980656005732	204.357186560248	1.78375e-11	0.193906	532	0.00601286475962316	6.7227103125074	0.789117480466644	17.0537897067318	221.41097626698	0.0285122461454904
SNP.13	1.22e-92	0.193906	735596	4.34864253220452e-06	20.4154113941676	0.999806764345804	204.078441893011	1.78375e-11	0.193906	532	0.00601286475962316	6.7227103125074	0.789117480466644	17.0537897067318	221.132231599743	0.0215761603367179
SNP.14	3.958e-87	0.240278	734804	3.72760410505355e-06	19.7856451931556	0.999834356148873	191.35062013532	4.66431e-14	0.240278	532	0.00514860602783791	7.54098605453782	0.813784245663089	22.2980943167999	213.64871445212	1.21317641391756e-05
SNP.15	1.35e-92	0.194986	731675	4.3535639147065e-06	20.4104629408806	0.999806545702264	203.977968827608	5.85104e-12	0.194986	532	0.00598758247611443	6.8832301024974	0.789817809877874	17.930442118323	221.908410945931	0.0468883087152123
SNP.16	1.08e-92	0.193277	734019	4.36875899828241e-06	20.4213667872033	0.999805870626941	204.202138752037	1.41098e-11	0.193277	532	0.00602772953225612	6.75677401652593	0.78870629976211	17.226543691887	221.428682443924	0.0290215849353959
SNP.17	1.08e-92	0.193906	733156	4.3631151516451e-06	20.4213667872033	0.999806121367251	204.201544810761	1.78375e-11	0.193906	532	0.00601286475962316	6.7227103125074	0.789117480466644	17.0537897067318	221.255334517493	0.0244026549257552
SNP.18	1.1e-92	0.19888	733591	4.27786745584374e-06	20.4204703804064	0.999809908699091	204.174168624425	4.02073e-11	0.19888	532	0.00589888170075163	6.60331166646817	0.792284718711459	16.4874889956626	220.661657620088	0.0134774111709473
SNP.19	8.537e-89	0.216066	734042	4.0214545236799e-06	19.978125255056	0.99982130062701	195.212179793798	1.1355e-12	0.216066	532	0.005548715265923	7.11299669424802	0.80217577834432	19.4827420331535	214.694921826952	3.45371143220281e-05
SNP.2	2.39e-90	0.193906	727050	4.39975799755109e-06	20.155874149638	0.999804493430402	198.819959903101	1.78375e-11	0.193906	532	0.00601286475962316	6.7227103125074	0.789117480466644	17.0537897067318	215.873749609833	0.00011226501775474
SNP.20	3.857e-87	0.239612	734854	3.73443687913422e-06	19.7869482991133	0.999834052570714	191.377255596006	4.90152e-14	0.239612	532	0.00515839450823177	7.53451531003494	0.813496242282013	22.2509999927838	213.62825558879	1.18860837745772e-05
SNP.21	5.82e-91	0.200831	728073	4.27883656625323e-06	20.2256653648458	0.999809865643893	200.215990078931	1.97325e-12	0.200831	532	0.00585583717161971	7.036361215477	0.79348741720521	18.8542344727412	219.070224551672	0.00274445350852
SNP.22	5.23e-90	0.193056	727328	4.41278732418954e-06	20.1170788479236	0.999803914575959	198.040273030581	1.19968e-11	0.193056	532	0.00603297702806039	6.78025012532683	0.788561248897115	17.3488768052732	215.389149835854	6.91489263885793e-05
SNP.23	1.65e-90	0.193906	726850	4.40096863468325e-06	20.1742035725026	0.999804439645347	199.189627754521	1.78375e-11	0.193906	532	0.00601286475962316	6.7227103125074	0.789117480466644	17.0537897067318	216.243417461253	0.000162475977090979
SNP.24	3e-90	0.193056	726389	4.4184917157723e-06	20.1446205331807	0.999803661146926	198.59519622187	3.77972e-11	0.193056	532	0.00603297702806039	6.6124651962709	0.788561248897115	16.4628904739566	215.058086695827	4.96599807343486e-05
SNP.25	4.485e-87	0.241667	732216	3.72609122534967e-06	19.7793425167408	0.999834423365702	191.225768342341	6.96578e-14	0.241667	532	0.00512839024936209	7.48851392101174	0.814379694109015	21.9923013672424	213.218069709584	7.88673635358919e-06
SNP.26	1.03e-89	0.193056	727988	4.40878665435162e-06	20.0834440889269	0.999804092313815	197.363920571208	2.14758e-11	0.193056	532	0.00603297702806039	6.69562076863256	0.788561248897115	16.899217777766	214.263138348974	2.24266738046171e-05
SNP.27	1.03e-92	0.195291	731036	4.35221310279629e-06	20.4236823380471	0.999806605715126	204.247675390015	2.44796e-11	0.195291	532	0.0059804971011575	6.67645211479718	0.790014300666317	16.8270908739611	221.074766263976	0.020371231425248
SNP.28	1e-92	0.194444	729915	4.37328149403172e-06	20.425126123022	0.999805669705202	204.279377005103	4.17654e-11	0.194444	532	0.00600023263480482	6.59767555562122	0.789467240085708	16.4034301376241	220.682807142727	0.0137654875849308
SNP.29	7.6e-93	0.195291	734237	4.33323907378107e-06	20.4385260078836	0.999807448679872	204.54888121306	2.44796e-11	0.195291	532	0.0059804971011575	6.67645211479718	0.790014300666317	16.8270908739611	221.375972087021	0.0275314642271277
SNP.3	2.38e-90	0.193906	727163	4.39907428199663e-06	20.1560816629117	0.99980452380588	198.824070198544	1.78375e-11	0.193906	532	0.00601286475962316	6.7227103125074	0.789117480466644	17.0537897067318	215.877859905276	0.000112727409778618
SNP.30	2.376e-88	0.216066	732917	4.02762730496228e-06	19.926951726496	0.999821026379292	194.192032761017	1.1355e-12	0.216066	532	0.005548715265923	7.11299669424802	0.80217577834432	19.4827420331535	213.67477479417	1.24520776744819e-05
SNP.31	2.255e-88	0.216066	733027	4.0270229083936e-06	19.9295680009347	0.999821053231749	194.244091535805	1.1355e-12	0.216066	532	0.005548715265923	7.11299669424802	0.80217577834432	19.4827420331535	213.726833568958	1.31174875210824e-05
SNP.32	2.456e-88	0.216066	733358	4.02520531782709e-06	19.9252939615925	0.999821133984649	194.158726498172	1.1355e-12	0.216066	532	0.005548715265923	7.11299669424802	0.80217577834432	19.4827420331535	213.641468531326	1.20441760485304e-05
SNP.33	1.29e-91	0.193056	732656	4.38069677847192e-06	20.2998416084734	0.999805340265191	201.729547888743	1.94362e-11	0.193056	532	0.00603297702806039	6.71019687611105	0.788561248897115	16.9762620407828	218.705809929526	0.00190630601687982
SNP.34	6.93e-90	0.193906	727729	4.39565284895822e-06	20.1031178173924	0.99980467581015	197.757779351563	1.78375e-11	0.193906	532	0.00601286475962316	6.7227103125074	0.789117480466644	17.0537897067318	214.811569058295	3.88101478359379e-05
SNP.35	9.697e-85	0.239612	727646	3.77142989637722e-06	19.5063463537401	0.999832408984951	185.869898060461	4.90152e-14	0.239612	532	0.00515839450823177	7.53451531003494	0.813496242282013	22.2509999927838	208.120898053245	4.82196217529997e-08
SNP.36	3.773e-87	0.239612	734825	3.73458425935331e-06	19.7880582636525	0.999834046022656	191.399233825116	4.90152e-14	0.239612	532	0.00515839450823177	7.53451531003494	0.813496242282013	22.2509999927838	213.6502338179	1.21502107364729e-05
SNP.37	1.42e-92	0.176218	732339	4.7032198007271e-06	20.4079919125309	0.999791011694098	203.962930455091	1.51824e-10	0.176218	532	0.00647434452188851	6.40353101103768	0.776549059910656	15.171996710897	219.134927165988	0.00292789748434166
SNP.38	9.45e-91	0.17378	720675	4.83209040576835e-06	20.2017441296244	0.999785286538182	199.788316456715	5.54875e-09	0.17378	532	0.00654580216762614	5.82981908462995	0.774638616284388	12.4187151977803	212.207031654496	2.8695188016897e-06
SNP.39	1.08e-92	0.193906	735480	4.34932840066286e-06	20.4213667872033	0.999806733874542	204.200090412696	1.78375e-11	0.193906	532	0.00601286475962316	6.7227103125074	0.789117480466644	17.0537897067318	221.253880119428	0.0243671895482833
SNP.4	1.08e-92	0.193906	735452	4.34949398753354e-06	20.4213667872033	0.99980672651797	204.200107910603	1.78375e-11	0.193906	532	0.00601286475962316	6.7227103125074	0.789117480466644	17.0537897067318	221.253897617335	0.0243676159268402
SNP.40	1.671e-71	0.203601	721417	4.27437892063063e-06	17.8805765727628	0.999810063686184	155.542735674949	2.85311e-10	0.203601	532	0.00579625868004622	6.30655696513997	0.795158125122259	15.0200187085875	170.562754383537	2.35466567558291e-24
SNP.41	1.014e-88	0.216066	733974	4.02182709669694e-06	19.9695314984463	0.999821284074127	195.040603260197	1.1355e-12	0.216066	532	0.005548715265923	7.11299669424802	0.80217577834432	19.4827420331535	214.523345293351	2.90918477724453e-05
SNP.42	4.085e-86	0.229917	736257	3.83558796411e-06	19.6676212344664	0.999829558479082	189.036138662115	1.51178e-13	0.229917	532	0.00530823024002206	7.38611768329923	0.809112978632406	21.2424350686481	210.278573730763	4.17148263282616e-07
SNP.43	3.43e-90	0.195291	727030	4.37619418430573e-06	20.1379863946722	0.999805540302626	198.457174755484	2.3197e-11	0.195291	532	0.0059804971011575	6.6843385370703	0.790014300666317	16.8687123179918	215.325887073476	6.49098750310252e-05
SNP.44	2.51e-90	0.195291	727090	4.37583305755242e-06	20.1534494170076	0.999805556346463	198.768589868716	2.3197e-11	0.195291	532	0.0059804971011575	6.6843385370703	0.790014300666317	16.8687123179918	215.637302186708	8.86250795992454e-05
SNP.45	6.7e-90	0.193593	727740	4.40098429730262e-06	20.1047925818092	0.999804438949503	197.792000253699	3.03155e-11	0.193593	532	0.0060202487077425	6.64503015654012	0.788913176409007	16.6400501890428	214.432050442742	2.65535417767098e-05
SNP.46	1.08e-92	0.193906	735502	4.3491983055376e-06	20.4213667872033	0.999806739654313	204.200076664766	1.78375e-11	0.193906	532	0.00601286475962316	6.7227103125074	0.789117480466644	17.0537897067318	221.253866371498	0.02436685455218
SNP.47	1.34e-92	0.193906	735522	4.34908004399531e-06	20.4108263423595	0.99980674490835	203.984911014685	1.78375e-11	0.193906	532	0.00601286475962316	6.7227103125074	0.789117480466644	17.0537897067318	221.038700721417	0.0196496227319047
SNP.48	1.16e-92	0.193593	735698	4.3533791209423e-06	20.4178755959928	0.999806553912143	204.129243241362	2.53469e-11	0.193593	532	0.0060202487077425	6.67134533034022	0.788913176409007	16.7782767456483	220.90751998701	0.0172338832833439
SNP.49	1.18e-92	0.195291	734128	4.33388245349012e-06	20.4170403441887	0.99980742009623	204.110129505649	2.44796e-11	0.195291	532	0.0059804971011575	6.67645211479718	0.790014300666317	16.8270908739611	220.93722037961	0.0177534133160538
SNP.5	1.11e-92	0.193593	735723	4.35323119233599e-06	20.4200282561827	0.999806560484204	204.173174186467	3.28851e-11	0.193593	532	0.0060202487077425	6.63303625251225	0.788913176409007	16.5772306681491	220.750404854616	0.0147281742038873
SNP.50	6.32e-93	0.195291	734618	4.33099169611389e-06	20.4475261854392	0.999807548524872	204.732598186899	2.3197e-11	0.195291	532	0.0059804971011575	6.6843385370703	0.790014300666317	16.8687123179918	221.601310504891	0.034489948101613
SNP.51	1.84e-92	0.195291	729935	4.35877777859096e-06	20.3953218329104	0.999806314064683	203.669656346378	2.3197e-11	0.195291	532	0.0059804971011575	6.6843385370703	0.790014300666317	16.8687123179918	220.53836866437	0.0119141418070308
SNP.52	6.2e-90	0.193906	727677	4.39596696352849e-06	20.1086404401972	0.999804661854956	197.868827750341	1.78375e-11	0.193906	532	0.00601286475962316	6.7227103125074	0.789117480466644	17.0537897067318	214.922617457073	4.33683604510254e-05
SNP.53	1.08e-92	0.193906	735873	4.34700560031353e-06	20.4213667872033	0.999806837070223	204.199844881163	1.78375e-11	0.193906	532	0.00601286475962316	6.7227103125074	0.789117480466644	17.0537897067318	221.253634587895	0.0243612073693159
SNP.54	3.08e-90	0.193906	727541	4.39678870623033e-06	20.1433172683699	0.999804625347326	198.566682565374	1.78375e-11	0.193906	532	0.00601286475962316	6.7227103125074	0.789117480466644	17.0537897067318	215.620472272106	8.71460083112935e-05
SNP.55	1.317e-83	0.229917	728755	3.87507253835889e-06	19.3725018134947	0.999827804210347	183.281162040223	1.51178e-13	0.229917	532	0.00530823024002206	7.38611768329923	0.809112978632406	21.2424350686481	204.523597108871	1.32110047725096e-09
SNP.56	1.301e-88	0.200831	719814	4.32793107011212e-06	19.9570781708312	0.999807684500361	194.825999718282	1.97325e-12	0.200831	532	0.00585583717161971	7.036361215477	0.79348741720521	18.8542344727412	213.680234191023	1.25202444134775e-05
SNP.57	1.12e-92	0.193906	735470	4.3493875373836e-06	20.4195900878524	0.999806731247259	204.163822623086	1.78375e-11	0.193906	532	0.00601286475962316	6.7227103125074	0.789117480466644	17.0537897067318	221.217612329818	0.0234992791717572
SNP.58	1.934e-88	0.216066	732812	4.02820439822361e-06	19.9372523854991	0.999821000739884	194.397376329888	1.1355e-12	0.216066	532	0.005548715265923	7.11299669424802	0.80217577834432	19.4827420331535	213.880118363042	1.52904898903138e-05
SNP.59	1.64e-92	0.192201	733809	4.38862038669132e-06	20.4009495406964	0.999804988242039	203.787563904843	2.96724e-11	0.192201	532	0.00605340063409317	6.64818758294894	0.787997208750494	16.6385292629609	220.426093167803	0.0106488359437279
SNP.6	1.18e-92	0.193056	735450	4.36405435981797e-06	20.4170403441887	0.999806079640852	204.113318318925	2.16255e-11	0.193056	532	0.00603297702806039	6.69460497538854	0.788561248897115	16.8938548906626	221.007173209588	0.0190397828984879
SNP.60	7.24e-93	0.195291	734496	4.33171107509883e-06	20.4408945204742	0.999807516564779	204.597121476091	2.44796e-11	0.195291	532	0.0059804971011575	6.67645211479718	0.790014300666317	16.8270908739611	221.424212350052	0.0288921452457425
SNP.61	3.29e-90	0.189802	727088	4.47188962867314e-06	20.1400505816057	0.999801288843808	198.508688810505	7.67573e-11	0.189802	532	0.00611176181641484	6.50682194445004	0.786389882048142	15.8755737575667	214.384262568072	2.53144470999005e-05
SNP.62	1.21e-92	0.193906	735480	4.34932840066286e-06	20.4158135811012	0.999806733874542	204.086723687271	1.78375e-11	0.193906	532	0.00601286475962316	6.7227103125074	0.789117480466644	17.0537897067318	221.140513394002	0.0217555916385227
SNP.63	8.848e-89	0.216066	734049	4.02141617449385e-06	19.9763385814025	0.999821302330809	195.176488950848	1.1355e-12	0.216066	532	0.005548715265923	7.11299669424802	0.80217577834432	19.4827420331535	214.659230984002	3.33261935308839e-05
SNP.64	1.57e-92	0.195291	733519	4.33748063487898e-06	20.4030824952328	0.999807260238671	203.825685410224	2.44796e-11	0.195291	532	0.0059804971011575	6.67645211479718	0.790014300666317	16.8270908739611	220.652776284185	0.0133582437216192
SNP.65	6.9e-93	0.193593	733923	4.36390781119955e-06	20.4432419104781	0.999806086151598	204.648500783136	3.50073e-11	0.193593	532	0.0060202487077425	6.62380310488218	0.788913176409007	16.528948252849	221.177449035985	0.0225741727317542
SNP.66	1.08e-92	0.195291	735142	4.32790461953717e-06	20.4213667872033	0.99980768567549	204.197820384906	2.3197e-11	0.195291	532	0.0059804971011575	6.6843385370703	0.790014300666317	16.8687123179918	221.066532702898	0.0202041922543434
SNP.67	3.941e-86	0.230556	736174	3.8285655132585e-06	19.6694411554593	0.999829870481722	189.071071972383	2.07978e-13	0.230556	532	0.00529791426345406	7.3435652061433	0.809413245423984	20.9961745969944	210.067246569378	3.3768534996996e-07
SNP.68	9.4e-92	0.188732	731374	4.46499111528955e-06	20.3153902399323	0.999801595322659	202.053997105125	8.1928e-11	0.188732	532	0.0061383052856274	6.49701738109347	0.785661015049378	15.811762571757	217.865759676882	0.000822931012864647
SNP.69	8.503e-89	0.216066	734109	4.02108749718507e-06	19.9783245065699	0.999821316933469	195.216117400751	1.1355e-12	0.216066	532	0.005548715265923	7.11299669424802	0.80217577834432	19.4827420331535	214.698859433905	3.46733759999327e-05
SNP.7	5.56e-90	0.193906	725972	4.4062912235176e-06	20.1140445442318	0.999804203178413	197.978570204406	1.78375e-11	0.193906	532	0.00601286475962316	6.7227103125074	0.789117480466644	17.0537897067318	215.032359911138	4.83986832338086e-05
SNP.70	1.8e-91	0.191011	733094	4.41376640332746e-06	20.2834633869641	0.999803871078396	201.400728738001	1.50357e-10	0.191011	532	0.00608215351067846	6.40501256263477	0.787204504782814	15.373500138176	216.774228876177	0.000276259757224701
SNP.71	7.33e-93	0.195291	734143	4.33379390366154e-06	20.4402915560378	0.999807424030262	204.585019879383	2.44796e-11	0.195291	532	0.0059804971011575	6.67645211479718	0.790014300666317	16.8270908739611	221.412110753344	0.0285446112553688
SNP.72	1.01e-92	0.200831	733075	4.24964072612173e-06	20.4246401154082	0.999811162745083	204.256261188546	2.76684e-11	0.200831	532	0.00585583717161971	6.658474649174	0.79348741720521	16.801048288055	221.057309476601	0.0200187011452174
SNP.73	1.83e-92	0.193906	734450	4.35542794216014e-06	20.3955883921655	0.999806462888657	203.674738508027	1.78375e-11	0.193906	532	0.00601286475962316	6.7227103125074	0.789117480466644	17.0537897067318	220.728528214759	0.0144094700397374
SNP.74	1.01e-92	0.192737	733891	4.37883217140549e-06	20.4246401154082	0.999805423104363	204.270034935399	7.39423e-11	0.192737	532	0.00604057428779125	6.51243482651001	0.788351340555358	15.9412887746432	220.211323710043	0.00859070777099186
SNP.75	2.36e-90	0.195291	727013	4.37629651438941e-06	20.1564993116306	0.999805535756391	198.830097224697	2.3197e-11	0.195291	532	0.0059804971011575	6.6843385370703	0.790014300666317	16.8687123179918	215.698809542689	9.42473056819813e-05
SNP.76	1.04e-92	0.19888	733371	4.27915075016583e-06	20.4232103847914	0.999809851685473	204.230251970772	5.45596e-11	0.19888	532	0.00589888170075163	6.55793056683497	0.792284718711459	16.2508843970019	220.481136367774	0.0112514137238044
SNP.77	1.16e-92	0.194444	733788	4.35019891537633e-06	20.4178755959928	0.999806695199953	204.12890737212	1.9171e-11	0.194444	532	0.00600023263480482	6.71220127384726	0.789467240085708	17.0051317538155	221.134039125936	0.0216151950791882
SNP.78	9.231e-87	0.241667	734167	3.71618938560386e-06	19.7429076252689	0.999834863301939	190.504648583595	6.96578e-14	0.241667	532	0.00512839024936209	7.48851392101174	0.814379694109015	21.9923013672424	212.496949950838	3.83459049111352e-06
SNP.79	1.03e-92	0.194444	735349	4.34096430635816e-06	20.4236823380471	0.99980710546853	204.246485889632	1.73535e-11	0.194444	532	0.00600023263480482	6.72671597511609	0.789467240085708	17.082129231595	221.328615121227	0.0262580481581369
SNP.8	6.17e-90	0.194444	726278	4.39518168210543e-06	20.1088810590393	0.99980469674272	197.873583096722	1.55222e-11	0.194444	532	0.00600023263480482	6.74293187630862	0.789467240085708	17.168347927294	215.041931024016	4.8864136393379e-05
SNP.80	9.44e-93	0.193906	735205	4.35095524665844e-06	20.4279406963186	0.999806661598226	204.334506151369	1.78375e-11	0.193906	532	0.00601286475962316	6.7227103125074	0.789117480466644	17.0537897067318	221.388295858101	0.0278728549797704
SNP.81	5.56e-93	0.195291	731779	4.34779415344768e-06	20.4537762030245	0.999806802036957	204.862170035616	2.44796e-11	0.195291	532	0.0059804971011575	6.67645211479718	0.790014300666317	16.8270908739611	221.689260909577	0.037660745813514
SNP.82	5.89e-93	0.193593	733947	4.3637651118119e-06	20.4509637647791	0.999806092491334	204.806344693877	4.69732e-11	0.193593	532	0.0060202487077425	6.58022654447842	0.788913176409007	16.3019833772372	221.108328071115	0.021066529227121
SNP.83	1.349e-88	0.217452	735602	3.99441064781738e-06	19.9552671983118	0.999822502148955	194.75272750178	1.32562e-12	0.217452	532	0.00552311364916496	7.09160858987797	0.802908637551433	19.3774600304635	214.130187532244	1.96347357248034e-05
SNP.84	1.08e-92	0.193906	735466	4.34941119252218e-06	20.4213667872033	0.999806730196326	204.200099161574	1.78375e-11	0.193906	532	0.00601286475962316	6.7227103125074	0.789117480466644	17.0537897067318	221.253888868305	0.0243674027347825
SNP.85	8.94e-93	0.193056	735869	4.36156948985231e-06	20.4305982031782	0.999806190036701	204.389906200327	1.45301e-11	0.193056	532	0.00603297702806039	6.75251802931692	0.788561248897115	17.2009064310121	221.590812631339	0.034129770843096
SNP.86	1.79e-92	0.193906	733281	4.36237138575733e-06	20.396669361998	0.999806154410698	203.697513987252	1.78375e-11	0.193906	532	0.00601286475962316	6.7227103125074	0.789117480466644	17.0537897067318	220.751303693984	0.0147414184180015
SNP.87	9.63e-93	0.193906	735920	4.34672797602935e-06	20.4269675045618	0.999806849404314	204.31418341832	1.78375e-11	0.193906	532	0.00601286475962316	6.7227103125074	0.789117480466644	17.0537897067318	221.367973125052	0.0273121195263095
SNP.88	1.79e-92	0.185596	732076	4.51861484612644e-06	20.396669361998	0.999799212997022	203.713661463893	9.9867e-11	0.185596	532	0.00621798774829485	6.46715227795928	0.783481078033956	15.6191405864916	219.332802050384	0.00356855041710605
SNP.89	6.04e-90	0.193906	727682	4.39593675825363e-06	20.1099374079498	0.999804663196888	197.894900591408	1.78375e-11	0.193906	532	0.00601286475962316	6.7227103125074	0.789117480466644	17.0537897067318	214.948690298139	4.4513966525746e-05
SNP.9	5.76e-90	0.193906	727128	4.39928602958422e-06	20.1122918293409	0.999804514398555	197.942592017223	1.78375e-11	0.193906	532	0.00601286475962316	6.7227103125074	0.789117480466644	17.0537897067318	214.996381723955	4.66883383919393e-05
SNP.90	6.25e-90	0.193906	727692	4.39587634894917e-06	20.1082419780405	0.999804665880697	197.860807371861	1.78375e-11	0.193906	532	0.00601286475962316	6.7227103125074	0.789117480466644	17.0537897067318	214.914597078593	4.3021920931282e-05
SNP.91	1.444e-88	0.216102	734077	4.02077753402195e-06	19.951865109265	0.999821330704687	194.687911621096	1.96136e-12	0.216102	532	0.00554804569519216	7.03720371705083	0.802194928107124	19.0530067268414	213.740918347938	1.33035516940021e-05
SNP.92	7.69e-90	0.193906	727760	4.39546560970584e-06	20.0979535120911	0.999804684128644	197.653974709868	1.78375e-11	0.193906	532	0.00601286475962316	6.7227103125074	0.789117480466644	17.0537897067318	214.707764416599	3.49835206801786e-05
SNP.93	3.3e-92	0.193906	735499	4.34921604532368e-06	20.3667285394273	0.999806738866182	203.085998859999	1.78375e-11	0.193906	532	0.00601286475962316	6.7227103125074	0.789117480466644	17.0537897067318	220.139788566731	0.0079976358883462
SNP.94	4.71e-90	0.190476	727169	4.45927912011853e-06	20.1222711067951	0.999801849088449	198.149540202529	3.56628e-12	0.190476	532	0.00609520589943133	6.95338329271514	0.786845182340424	18.2489327331007	216.398472935629	0.000189726892827686
SNP.95	9.134e-89	0.223647	733631	3.92527435968137e-06	19.9747499820617	0.999825573791602	195.133516820818	2.50151e-12	0.223647	532	0.00541297547700639	7.00321695572238	0.806076730104772	18.9468894934992	214.080406314317	1.86812250338092e-05
SNP.96	7.1e-93	0.195833	734160	4.3246121220621e-06	20.4418474909558	0.999807831952454	204.615843713885	2.55317e-11	0.195833	532	0.00596796472844569	6.67027933290669	0.790362086458453	16.8014557796244	221.41729949351	0.0286931067453925
SNP.97	1.989e-88	0.216066	734770	4.0174701219035e-06	19.9358493555563	0.99982147764828	194.368170600082	1.26806e-12	0.216066	532	0.005548715265923	7.09774813822766	0.80217577834432	19.395828959349	213.763999559431	1.36141848890002e-05
SNP.98	8.39e-93	0.195531	732905	4.33707952110821e-06	20.4336984182844	0.999807278059079	204.450650283289	3.11247e-11	0.195531	532	0.00597493847071017	6.64114909326843	0.790168520404141	16.6444112154678	221.095061498757	0.0207888942967578
SNP.99	6.25e-90	0.193906	727689	4.39589447156618e-06	20.1082419780405	0.999804665075562	197.86080927	1.78375e-11	0.193906	532	0.00601286475962316	6.7227103125074	0.789117480466644	17.0537897067318	214.914598976732	4.30220025929322e-05
