snp	pvalues.df1	MAF.df1	N.df1	V.df1	z.df1	r.df1	lABF.df1	pvalues.df2	MAF.df2	N.df2	V.df2	z.df2	r.df2	lABF.df2	internal.sum.lABF	SNP.PP.H4
SNP.1	1.333e-86	0.209738	730182	4.13133735553468e-06	19.7243345852544	0.999816418714697	190.187549814955	2.59095e-07	0.209738	387	0.00779490483963572	5.15100447926845	0.742699147566312	9.1742068553618	199.361756670317	4.83929564839157e-09
SNP.10	3.31e-92	0.189139	732225	4.45243871557122e-06	20.3665803325307	0.99980215298605	203.093755746615	3.88799e-08	0.189139	387	0.00842425565506237	5.49586539315079	0.727584206099289	10.3379589628169	213.431714709432	0.00624147582040335
SNP.100	1.36e-92	0.183521	725478	4.59954604855114e-06	20.4101022149873	0.999795617511916	203.995807485341	5.28044e-08	0.183521	387	0.00862240172664286	5.44159911423661	0.722951917323864	10.0618828424231	214.057690327764	0.0116719938279589
SNP.11	1.27e-89	0.189139	726811	4.48560483882211e-06	20.0730376819795	0.999800679521515	197.162966813652	3.88799e-08	0.189139	387	0.00842425565506237	5.49586539315079	0.727584206099289	10.3379589628169	207.500925776469	1.65797655672495e-05
SNP.12	9.23e-93	0.189139	734819	4.43672106805776e-06	20.4290393290072	0.99980285127226	204.365908295844	3.88799e-08	0.189139	387	0.00842425565506237	5.49586539315079	0.727584206099289	10.3379589628169	214.703867258661	0.0222728670474462
SNP.13	1.22e-92	0.189139	735596	4.43203462023874e-06	20.4154113941676	0.999803059476755	204.087165478843	3.88799e-08	0.189139	387	0.00842425565506237	5.49586539315079	0.727584206099289	10.3379589628169	214.425124441659	0.0168546468516553
SNP.14	3.958e-87	0.230337	734804	3.83825811869979e-06	19.7856451931556	0.999829439846009	191.364281856186	9.79351e-08	0.230337	387	0.0072877711076307	5.33051415361564	0.755343523981766	10.0273592962132	201.3916411524	3.68425587610429e-08
SNP.15	1.35e-92	0.18985	731675	4.44299424076468e-06	20.4104629408806	0.999802572574584	203.987306127642	8.61068e-08	0.18985	387	0.0084000718633372	5.35384043373738	0.728153646357572	9.78449599506478	213.771802122706	0.00876971297126069
SNP.16	1.08e-92	0.1875	734019	4.47134376910037e-06	20.4213667872033	0.999801313094594	204.212791152025	3.30951e-08	0.1875	387	0.00848075266679918	5.52422082868551	0.726257371536113	10.4338203648746	214.6466115169	0.0210334383043678
SNP.17	1.08e-92	0.189139	733156	4.4467847750126e-06	20.4213667872033	0.999802404172938	204.210265369901	3.88799e-08	0.189139	387	0.00842425565506237	5.49586539315079	0.727584206099289	10.3379589628169	214.548224332717	0.0190625616294563
SNP.18	1.1e-92	0.190114	733591	4.42667888053007e-06	20.4204703804064	0.99980329741594	204.189884373662	3.33639e-08	0.190114	387	0.00839114156756314	5.52280023490367	0.728364147721425	10.4563884157268	214.646272789389	0.0210263149066777
SNP.19	8.537e-89	0.209738	734042	4.10961249211765e-06	19.978125255056	0.999817383910633	195.222238744871	2.59095e-07	0.209738	387	0.00779490483963572	5.15100447926845	0.742699147566312	9.1742068553618	204.396445600233	7.43566432434161e-07
SNP.2	2.39e-90	0.189139	727050	4.48413030535608e-06	20.155874149638	0.999800745030217	198.828694130384	3.88799e-08	0.189139	387	0.00842425565506237	5.49586539315079	0.727584206099289	10.3379589628169	209.166653093201	8.76989850950667e-05
SNP.20	3.857e-87	0.230337	734854	3.83799696082907e-06	19.7869482991133	0.999829451449066	191.390029355411	9.79351e-08	0.230337	387	0.0072877711076307	5.33051415361564	0.755343523981766	10.0273592962132	201.417388651625	3.78034800897647e-08
SNP.21	5.82e-91	0.192884	728073	4.41126266184211e-06	20.2256653648458	0.999803982312163	200.230023679278	2.98527e-07	0.192884	387	0.00829902129197769	5.12437456900191	0.730542694415444	8.93606607763565	209.166089756913	8.76495949872858e-05
SNP.22	5.23e-90	0.18797	727328	4.5037998451238e-06	20.1170788479236	0.999799871177557	198.049660290353	2.10922e-08	0.18797	387	0.00846444375647081	5.60279551877293	0.726639889834871	10.7566091563812	208.806269446735	6.11620366204172e-05
SNP.23	1.65e-90	0.189139	726850	4.48536415836712e-06	20.1742035725026	0.99980069021416	199.198360386022	3.88799e-08	0.189139	387	0.00842425565506237	5.49586539315079	0.727584206099289	10.3379589628169	209.536319348839	0.000126922489658155
SNP.24	3e-90	0.191011	726389	4.45450807718859e-06	20.1446205331807	0.99980206105082	198.598929876257	3.89764e-08	0.191011	387	0.0083609965573151	5.49542797491091	0.729075613556839	10.3559850822231	208.954914958481	7.0963963519541e-05
SNP.25	4.485e-87	0.230337	732216	3.85182435053739e-06	19.7793425167408	0.999828837108394	191.241266383281	9.79351e-08	0.230337	387	0.0072877711076307	5.33051415361564	0.755343523981766	10.0273592962132	201.268625679494	3.25780318674417e-08
SNP.26	1.03e-89	0.189139	727988	4.47835258068696e-06	20.0834440889269	0.999801001715724	197.371123604753	3.88799e-08	0.189139	387	0.00842425565506237	5.49586539315079	0.727584206099289	10.3379589628169	207.709082567569	2.041642657748e-05
SNP.27	1.03e-92	0.189139	731036	4.45968042409558e-06	20.4236823380471	0.999801831259785	204.258873543022	3.88799e-08	0.189139	387	0.00842425565506237	5.49586539315079	0.727584206099289	10.3379589628169	214.596832505839	0.0200120473660266
SNP.28	1e-92	0.18797	729915	4.48783726016619e-06	20.425126123022	0.999800580342347	204.291241487612	7.85699e-08	0.18797	387	0.00846444375647081	5.37038230001323	0.726639889834871	9.83003009474444	214.121271582356	0.0124382143625729
SNP.29	7.6e-93	0.189139	734237	4.44023787756424e-06	20.4385260078836	0.999802695031264	204.560082274347	3.88799e-08	0.189139	387	0.00842425565506237	5.49586539315079	0.727584206099289	10.3379589628169	214.898041237164	0.0270461101255334
SNP.3	2.38e-90	0.189139	727163	4.48343347847613e-06	20.1560816629117	0.999800775987961	198.832804528719	3.88799e-08	0.189139	387	0.00842425565506237	5.49586539315079	0.727584206099289	10.3379589628169	209.170763491536	8.8060204727064e-05
SNP.30	2.376e-88	0.209738	732917	4.11592059256236e-06	19.926951726496	0.999817103653079	194.202094515011	2.59095e-07	0.209738	387	0.00779490483963572	5.15100447926845	0.742699147566312	9.1742068553618	203.376301370373	2.680876241894e-07
SNP.31	2.255e-88	0.209738	733027	4.11530294646585e-06	19.9295680009347	0.999817131093977	194.254153202432	2.59095e-07	0.209738	387	0.00779490483963572	5.15100447926845	0.742699147566312	9.1742068553618	203.428360057794	2.82413573827002e-07
SNP.32	2.456e-88	0.209738	733358	4.11344551084058e-06	19.9252939615925	0.999817213616488	194.168788851018	2.59095e-07	0.209738	387	0.00779490483963572	5.15100447926845	0.742699147566312	9.1742068553618	203.34299570638	2.59305841178321e-07
SNP.33	1.29e-91	0.189139	732656	4.44981947668365e-06	20.2998416084734	0.999802269350623	201.736741483636	3.88799e-08	0.189139	387	0.00842425565506237	5.49586539315079	0.727584206099289	10.3379589628169	212.074700446453	0.00160673215850474
SNP.34	6.93e-90	0.189139	727729	4.479946434056e-06	20.1031178173924	0.999800930905992	197.766518267674	3.88799e-08	0.189139	387	0.00842425565506237	5.49586539315079	0.727584206099289	10.3379589628169	208.104477230491	3.0317783791002e-05
SNP.35	9.697e-85	0.230337	727646	3.87601583552041e-06	19.5063463537401	0.999827762300468	185.882688494269	9.79351e-08	0.230337	387	0.0072877711076307	5.33051415361564	0.755343523981766	10.0273592962132	195.910047790483	1.53364214905586e-10
SNP.36	3.773e-87	0.229323	734825	3.85004732838666e-06	19.7880582636525	0.999828916060128	191.413451366209	1.14212e-07	0.229323	387	0.00731036441364788	5.30252471195754	0.754771048343809	9.90807984668476	201.321531212894	3.43479976888518e-08
SNP.37	1.42e-92	0.175097	732339	4.72689824448714e-06	20.4079919125309	0.999789959759749	203.965221814469	3.39742e-07	0.175097	387	0.00894494039656193	5.09995067814014	0.715536417504549	8.67679610397499	212.642017918444	0.00283352033463552
SNP.38	9.45e-91	0.172764	720675	4.85453761901621e-06	20.2017441296244	0.999784289313628	199.79042981353	5.59612e-07	0.172764	387	0.00904016511262147	5.00465832895936	0.713376100589789	8.30903251143661	208.099462324967	3.01661235682876e-05
SNP.39	1.08e-92	0.189139	735480	4.4327336413079e-06	20.4213667872033	0.999803028421388	204.20881342593	3.88799e-08	0.189139	387	0.00842425565506237	5.49586539315079	0.727584206099289	10.3379589628169	214.546772388746	0.0190349039415914
SNP.4	1.08e-92	0.189139	735452	4.43290240356833e-06	20.4213667872033	0.999803020923798	204.208830894362	3.88799e-08	0.189139	387	0.00842425565506237	5.49586539315079	0.727584206099289	10.3379589628169	214.546789857178	0.0190352364544211
SNP.40	1.671e-71	0.198502	721417	4.35628517690353e-06	17.8805765727628	0.999806424804082	155.551642582743	3.23085e-07	0.198502	387	0.00812066714073957	5.10945759028864	0.734797837571104	8.92788933275969	164.479531915503	3.43260971949966e-24
SNP.41	1.014e-88	0.208647	733974	4.12578821184184e-06	19.9695314984463	0.999816665252822	195.052440389609	3.06442e-07	0.208647	387	0.00782486118087443	5.1194413804145	0.741965473998295	9.04563691650571	204.098077306115	5.51747116345772e-07
SNP.42	4.085e-86	0.219101	736257	3.96918499628074e-06	19.6676212344664	0.999823622892315	189.052106728177	9.65296e-07	0.219101	387	0.00755126676435831	4.89858434720916	0.748720517388827	8.29260217149356	197.344708899671	6.43857025448335e-10
SNP.43	3.43e-90	0.189139	727030	4.48425366010913e-06	20.1379863946722	0.999800739549969	198.468395226972	3.88799e-08	0.189139	387	0.00842425565506237	5.49586539315079	0.727584206099289	10.3379589628169	208.806354189788	6.11672198977941e-05
SNP.44	2.51e-90	0.189139	727090	4.48388361620864e-06	20.1534494170076	0.999800755989811	198.779808925322	3.88799e-08	0.189139	387	0.00842425565506237	5.49586539315079	0.727584206099289	10.3379589628169	209.117767888139	8.35149052393396e-05
SNP.45	6.7e-90	0.188679	727740	4.48825449811066e-06	20.1047925818092	0.999800561805834	197.801032565367	1.85894e-08	0.188679	387	0.00844000601667971	5.62464115098656	0.727213821092028	10.8537485419682	208.654781107335	5.25643609162746e-05
SNP.46	1.08e-92	0.189139	735502	4.43260105140317e-06	20.4213667872033	0.999803034311952	204.208799701157	3.88799e-08	0.189139	387	0.00842425565506237	5.49586539315079	0.727584206099289	10.3379589628169	214.546758663974	0.0190346426936588
SNP.47	1.34e-92	0.189139	735522	4.43248052200905e-06	20.4108263423595	0.999803039666704	203.993634869476	3.88799e-08	0.189139	387	0.00842425565506237	5.49586539315079	0.727584206099289	10.3379589628169	214.331593832293	0.0153496978063739
SNP.48	1.16e-92	0.189139	735698	4.43142014591468e-06	20.4178755959928	0.99980308677597	204.137402678088	3.88799e-08	0.189139	387	0.00842425565506237	5.49586539315079	0.727584206099289	10.3379589628169	214.475361640905	0.0177230064599939
SNP.49	1.18e-92	0.189139	734128	4.44089714397099e-06	20.4170403441887	0.999802665742097	204.12133250593	3.88799e-08	0.189139	387	0.00842425565506237	5.49586539315079	0.727584206099289	10.3379589628169	214.459291468746	0.0174404709723605
SNP.5	1.11e-92	0.18985	735723	4.4185485721005e-06	20.4200282561827	0.99980365862097	204.180014175643	1.8231e-08	0.18985	387	0.0084000718633372	5.62800103108127	0.728153646357572	10.8806542039849	215.060668379628	0.031822396498479
SNP.50	6.32e-93	0.189139	734618	4.43793500636948e-06	20.4475261854392	0.999802797340721	204.743798889987	3.88799e-08	0.189139	387	0.00842425565506237	5.49586539315079	0.727584206099289	10.3379589628169	215.081757852803	0.0325006408456535
SNP.51	1.84e-92	0.189139	729935	4.46640719859869e-06	20.3953218329104	0.999801532410599	203.680855762126	3.88799e-08	0.189139	387	0.00842425565506237	5.49586539315079	0.727584206099289	10.3379589628169	214.018814724943	0.0112269448545917
SNP.52	6.2e-90	0.18985	727677	4.46740492156753e-06	20.1086404401972	0.999801488084957	197.876244576512	4.06457e-08	0.18985	387	0.0084000718633372	5.48802306598189	0.728153646357572	10.3141512375897	208.190395814102	3.30378227059118e-05
SNP.53	1.08e-92	0.189139	735873	4.43036629759366e-06	20.4213667872033	0.999803133595231	204.208568307864	3.88799e-08	0.189139	387	0.00842425565506237	5.49586539315079	0.727584206099289	10.3379589628169	214.546527270681	0.0190302387145484
SNP.54	3.08e-90	0.18797	727541	4.50248128112945e-06	20.1433172683699	0.999799929756951	198.577604694458	2.85438e-08	0.18797	387	0.00846444375647081	5.55014178923999	0.726639889834871	10.5432517914713	209.120856485929	8.37732479440958e-05
SNP.55	1.317e-83	0.219101	728755	4.01004485431546e-06	19.3725018134947	0.999821807542464	183.297152807478	9.65296e-07	0.219101	387	0.00755126676435831	4.89858434720916	0.748720517388827	8.29260217149356	191.589754978971	2.03912902994505e-12
SNP.56	1.301e-88	0.192884	719814	4.46187659589195e-06	19.9570781708312	0.999801733690841	194.840051595317	2.98527e-07	0.192884	387	0.00829902129197769	5.12437456900191	0.730542694415444	8.93606607763565	203.776117672953	3.99866277746935e-07
SNP.57	1.12e-92	0.189139	735470	4.43279391206866e-06	20.4195900878524	0.999803025743743	204.172545760232	3.88799e-08	0.189139	387	0.00842425565506237	5.49586539315079	0.727584206099289	10.3379589628169	214.510504723049	0.018356921148892
SNP.58	1.934e-88	0.209738	732812	4.11651033681084e-06	19.9372523854991	0.999817077451811	194.407437166544	2.59095e-07	0.209738	387	0.00779490483963572	5.15100447926845	0.742699147566312	9.1742068553618	203.581644021905	3.29197058852236e-07
SNP.59	1.64e-92	0.18609	733809	4.49870535811183e-06	20.4009495406964	0.999800097508636	203.798931071548	2.17849e-08	0.18609	387	0.00853020795899401	5.59719391335734	0.725099877826582	10.7125009381342	214.511432009683	0.0183739511711423
SNP.6	1.18e-92	0.18797	735450	4.45406177680903e-06	20.4170403441887	0.999802080878541	204.122690323242	4.82472e-08	0.18797	387	0.00846444375647081	5.45765203017616	0.726639889834871	10.1733527769877	214.29604310023	0.0148135907734121
SNP.60	7.24e-93	0.189139	734496	4.43867214866948e-06	20.4408945204742	0.999802764591762	204.60832265814	3.88799e-08	0.189139	387	0.00842425565506237	5.49586539315079	0.727584206099289	10.3379589628169	214.946281620957	0.0283828070312215
SNP.61	3.29e-90	0.186312	727088	4.53611742243634e-06	20.1400505816057	0.999798435417697	198.515238876747	3.6782e-08	0.186312	387	0.00852236833189765	5.50564455419908	0.725283116984501	10.3464280337903	208.861666910537	6.46458650514377e-05
SNP.62	1.21e-92	0.189139	735480	4.4327336413079e-06	20.4158135811012	0.999803028421388	204.095447120661	3.88799e-08	0.189139	387	0.00842425565506237	5.49586539315079	0.727584206099289	10.3379589628169	214.433406083478	0.0169948105916983
SNP.63	8.848e-89	0.209738	734049	4.10957330224416e-06	19.9763385814025	0.999817385651769	195.186548049188	2.59095e-07	0.209738	387	0.00779490483963572	5.15100447926845	0.742699147566312	9.1742068553618	204.360754904549	7.17496031909841e-07
SNP.64	1.57e-92	0.189139	733519	4.44458417370121e-06	20.4030824952328	0.999802501938802	203.836888941677	3.88799e-08	0.189139	387	0.00842425565506237	5.49586539315079	0.727584206099289	10.3379589628169	214.174847904494	0.0131227827275033
SNP.65	6.9e-93	0.186792	733923	4.48497050981776e-06	20.4432419104781	0.999800707702678	204.66105618483	1.70981e-08	0.186792	387	0.00850548581776997	5.63905995614461	0.725678034275622	10.8911904834998	215.55224666833	0.0520262616587992
SNP.66	1.08e-92	0.189139	735142	4.43477170194213e-06	20.4213667872033	0.999802937876604	204.209024335329	3.88799e-08	0.189139	387	0.00842425565506237	5.49586539315079	0.727584206099289	10.3379589628169	214.546983298146	0.0190389190051404
SNP.67	3.941e-86	0.219101	736174	3.96963250237942e-06	19.6694411554593	0.999823603010171	189.087948100901	9.65296e-07	0.219101	387	0.00755126676435831	4.89858434720916	0.748720517388827	8.29260217149356	197.380550272395	6.67352281063908e-10
SNP.68	9.4e-92	0.188679	731374	4.46595357293949e-06	20.3153902399323	0.999801552563738	202.054096026728	3.3835e-07	0.188679	387	0.00844000601667971	5.10072772993203	0.727213821092028	8.81058142465249	210.86467745138	0.000479112141093448
SNP.69	8.503e-89	0.209738	734109	4.10923741970065e-06	19.9783245065699	0.999817400574431	195.226176407724	2.59095e-07	0.209738	387	0.00779490483963572	5.15100447926845	0.742699147566312	9.1742068553618	204.400383263086	7.46500118496634e-07
SNP.7	5.56e-90	0.189139	725972	4.49078881624792e-06	20.1140445442318	0.999800449214408	197.987306460459	3.88799e-08	0.189139	387	0.00842425565506237	5.49586539315079	0.727584206099289	10.3379589628169	208.325265423276	3.78080732144648e-05
SNP.70	1.8e-91	0.183206	733094	4.55782984350908e-06	20.2834633869641	0.999797470811114	201.41546804884	1.07031e-08	0.183206	387	0.00863389589482544	5.71919326619773	0.722685014301072	11.1779134354099	212.59338148425	0.00269900568107748
SNP.71	7.33e-93	0.189139	734143	4.44080640761969e-06	20.4402915560378	0.999802669773232	204.596220641721	3.88799e-08	0.189139	387	0.00842425565506237	5.49586539315079	0.727584206099289	10.3379589628169	214.934179604538	0.0280413879312611
SNP.72	1.01e-92	0.192884	733075	4.3811632370431e-06	20.4246401154082	0.99980531954177	204.270279385745	1.28732e-07	0.192884	387	0.00829902129197769	5.28064201160558	0.730542694415444	9.52998462471277	213.800264010458	0.00902290157865381
SNP.73	1.83e-92	0.189139	734450	4.43895015114594e-06	20.3955883921655	0.99980275224097	203.683462387682	3.88799e-08	0.189139	387	0.00842425565506237	5.49586539315079	0.727584206099289	10.3379589628169	214.021421350499	0.0112562474698469
SNP.74	1.01e-92	0.186792	733891	4.48516606890802e-06	20.4246401154082	0.999800699014627	204.281043938834	2.1597e-08	0.186792	387	0.00850548581776997	5.59869610740723	0.725678034275622	10.7266070369984	215.007650975832	0.0301791995512551
SNP.75	2.36e-90	0.189139	727013	4.48435851698544e-06	20.1564993116306	0.99980073489152	198.841315882728	3.88799e-08	0.189139	387	0.00842425565506237	5.49586539315079	0.727584206099289	10.3379589628169	209.179274845545	8.88129150515456e-05
SNP.76	1.04e-92	0.188213	733371	4.46225682531106e-06	20.4232103847914	0.999801716798456	204.249501384077	6.19228e-08	0.188213	387	0.00845604586624082	5.41315801345101	0.726837015852125	10.0001474344215	214.249648818499	0.0141420237583271
SNP.77	1.16e-92	0.189139	733788	4.44295482960901e-06	20.4178755959928	0.9998025743255	204.138595379104	3.88799e-08	0.189139	387	0.00842425565506237	5.49586539315079	0.727584206099289	10.3379589628169	214.476554341921	0.0177441573186244
SNP.78	9.231e-87	0.230337	734167	3.84158838336929e-06	19.7429076252689	0.999829291884753	190.52015354624	9.79351e-08	0.230337	387	0.0072877711076307	5.33051415361564	0.755343523981766	10.0273592962132	200.547512842453	1.58397935855014e-08
SNP.79	1.03e-92	0.18985	735349	4.42079585490902e-06	20.4236823380471	0.999803558780961	204.254856018583	4.41521e-08	0.18985	387	0.0084000718633372	5.47338437569423	0.728153646357572	10.255731234382	214.510587252965	0.018358436206561
SNP.8	6.17e-90	0.18985	726278	4.47601030337074e-06	20.1088810590393	0.999801105775521	197.881966878251	3.47621e-08	0.18985	387	0.0084000718633372	5.51558534369817	0.728153646357572	10.4245700988262	208.306536977077	3.71065762280111e-05
SNP.80	9.44e-93	0.189139	735205	4.43439168464461e-06	20.4279406963186	0.999802954759606	204.343228377301	3.88799e-08	0.189139	387	0.00842425565506237	5.49586539315079	0.727584206099289	10.3379589628169	214.681187340118	0.0217734055196631
SNP.81	5.56e-93	0.18797	731779	4.47640576424604e-06	20.4537762030245	0.999801088206474	204.875547874929	1.73988e-08	0.18797	387	0.00846444375647081	5.63605681343801	0.726639889834871	10.8924249746198	215.767972849549	0.0645522390796197
SNP.82	5.89e-93	0.18609	733947	4.49785949139472e-06	20.4509637647791	0.999800135087684	204.820229082905	2.17849e-08	0.18609	387	0.00853020795899401	5.59719391335734	0.725099877826582	10.7125009381342	215.532730021039	0.0510207277030152
SNP.83	1.349e-88	0.207865	735602	4.12806503407482e-06	19.9552671983118	0.999816564097834	194.76799859684	2.80754e-07	0.207865	387	0.0078465449488256	5.13592876286212	0.741435311266653	9.10239824138096	203.870396838221	4.39399644481867e-07
SNP.84	1.08e-92	0.189139	735466	4.43281802083188e-06	20.4213667872033	0.999803024672664	204.20882216007	3.88799e-08	0.189139	387	0.00842425565506237	5.49586539315079	0.727584206099289	10.3379589628169	214.546781122887	0.0190350701958357
SNP.85	8.94e-93	0.18797	735869	4.45152565708598e-06	20.4305982031782	0.999802193550373	204.39927757352	2.88303e-08	0.18797	387	0.00846444375647081	5.54839557227799	0.726639889834871	10.536210485921	214.935488059441	0.0280781028374739
SNP.86	1.79e-92	0.189139	733281	4.44602674623935e-06	20.396669361998	0.999802437849794	203.706236552118	3.88799e-08	0.189139	387	0.00842425565506237	5.49586539315079	0.727584206099289	10.3379589628169	214.044195514935	0.0115155404845005
SNP.87	9.63e-93	0.189139	735920	4.4300833494254e-06	20.4269675045618	0.999803146165754	204.322906470826	3.88799e-08	0.189139	387	0.00842425565506237	5.49586539315079	0.727584206099289	10.3379589628169	214.660865433643	0.0213353940966982
SNP.88	1.79e-92	0.182331	732076	4.58116346189012e-06	20.396669361998	0.999796434182506	203.719955797241	2.33007e-08	0.182331	387	0.0086660460530405	5.58551624863265	0.721939509481182	10.6215731367726	214.341528934014	0.0155029586860325
SNP.89	6.04e-90	0.189139	727682	4.4802357877605e-06	20.1099374079498	0.999800918050947	197.903638945013	3.88799e-08	0.189139	387	0.00842425565506237	5.49586539315079	0.727584206099289	10.3379589628169	208.24159790783	3.47734839706223e-05
SNP.9	5.76e-90	0.189139	727128	4.48364928665811e-06	20.1122918293409	0.999800766400308	197.951329615185	3.88799e-08	0.189139	387	0.00842425565506237	5.49586539315079	0.727584206099289	10.3379589628169	208.289288578001	3.64720353318309e-05
SNP.90	6.25e-90	0.189139	727692	4.48017422001223e-06	20.1082419780405	0.999800920786202	197.869545863579	3.88799e-08	0.189139	387	0.00842425565506237	5.49586539315079	0.727584206099289	10.3379589628169	208.207504826396	3.36079303030149e-05
SNP.91	1.444e-88	0.209125	734077	4.1182678156824e-06	19.951865109265	0.999816999370219	194.69902602365	2.09126e-07	0.209125	387	0.00781169427217748	5.19103705276832	0.742287771774352	9.32320858662263	204.022234610273	5.11448616018019e-07
SNP.92	7.69e-90	0.189139	727760	4.47975560419525e-06	20.0979535120911	0.999800939383943	197.662714047005	3.88799e-08	0.189139	387	0.00842425565506237	5.49586539315079	0.727584206099289	10.3379589628169	208.000673009821	2.73285035466243e-05
SNP.93	3.3e-92	0.189139	735499	4.43261913137766e-06	20.3667285394273	0.999803033508714	203.094726022093	3.88799e-08	0.189139	387	0.00842425565506237	5.49586539315079	0.727584206099289	10.3379589628169	213.43268498491	0.00624753471026051
SNP.94	4.71e-90	0.1875	727169	4.51346424565855e-06	20.1222711067951	0.999799441820734	198.155090572018	6.23826e-08	0.1875	387	0.00848075266679918	5.41183373089769	0.726257371536113	9.98750927062127	208.142599842639	3.14958904774271e-05
SNP.95	9.134e-89	0.213462	733631	4.05930838850928e-06	19.9747499820617	0.999819618837078	195.149114038312	2.77527e-06	0.213462	387	0.00769517951516912	4.68678739691027	0.745152052786992	7.50045199406618	202.649566032378	1.29616299662187e-07
SNP.96	7.1e-93	0.189139	734160	4.44070357757047e-06	20.4418474909558	0.999802674341653	204.628008718264	3.88799e-08	0.189139	387	0.00842425565506237	5.49586539315079	0.727584206099289	10.3379589628169	214.965967681081	0.0289470886949045
SNP.97	1.989e-88	0.207865	734770	4.13273935407748e-06	19.9358493555563	0.999816356426531	194.381294398385	2.80754e-07	0.207865	387	0.0078465449488256	5.13592876286212	0.741435311266653	9.10239824138096	203.483692639766	2.98480663665846e-07
SNP.98	8.39e-93	0.189139	732905	4.44830767767874e-06	20.4336984182844	0.999802336515125	204.46227743896	3.88799e-08	0.189139	387	0.00842425565506237	5.49586539315079	0.727584206099289	10.3379589628169	214.800236401777	0.024526112258275
SNP.99	6.25e-90	0.189139	727689	4.48019269015904e-06	20.1082419780405	0.999800919965634	197.86954775859	3.88799e-08	0.189139	387	0.00842425565506237	5.49586539315079	0.727584206099289	10.3379589628169	208.207506721407	3.36079939904603e-05
