snp	pvalues.df1	MAF.df1	N.df1	V.df1	z.df1	r.df1	lABF.df1	pvalues.df2	MAF.df2	N.df2	V.df2	z.df2	r.df2	lABF.df2	internal.sum.lABF	SNP.PP.H4
SNP.1	1.843e-22	0.458937	750896	2.68157102844159e-06	9.75009264535437	0.999880833267805	43.0089955778081	1.10654e-10	0.458937	605	0.00332823299003749	6.45162927495459	0.871139733356081	17.1054378553633	60.1144334331715	0.0706623254728303
SNP.10	1.358e-22	0.466184	749323	2.68134063905641e-06	9.78104580863989	0.999880843504893	43.3111923505598	2.81252e-10	0.466184	605	0.00332097555649532	6.30877535220588	0.871384582304834	16.3153705459953	59.6265628965552	0.0433818875097916
SNP.11	9.222e-23	0.464976	750427	2.67829093821024e-06	9.82013496025199	0.999880979014872	43.6936810540253	3.50606e-10	0.464976	605	0.00332208567584843	6.27456816790017	0.871347120540476	16.1272390039204	59.8209200579457	0.0526886033479092
SNP.12	7.01e-23	0.464976	750603	2.67766293751597e-06	9.84774363301851	0.999881006919371	43.965034865831	2.11361e-10	0.464976	605	0.00332208567584843	6.35285058218841	0.871347120540476	16.5579044208019	60.5229392866328	0.106316277927944
SNP.13	3.167e-22	0.480676	749476	2.67252294212285e-06	9.69497991067082	0.9998812353093	42.4715530252461	1.87576e-09	0.480676	605	0.00331073025548837	6.00821585753134	0.871730469354528	14.7073391890784	57.1788922143245	0.0037523088103282
SNP.14	3.31e-23	0.466184	741437	2.70985965318654e-06	9.92289899953881	0.999879576296807	44.7137864952669	2.81252e-10	0.466184	605	0.00332097555649532	6.30877535220588	0.871384582304834	16.3153705459953	61.0291570412623	0.17637918896419
SNP.2	6.631e-23	0.463768	750458	2.67910729228922e-06	9.8533297368294	0.999880942741106	44.0203209227044	8.81276e-11	0.463768	605	0.0033232355377798	6.48603004419113	0.871308321030575	17.3021864916053	61.3225074143097	0.236509064115382
SNP.3	4.691e-23	0.463768	751137	2.67668547862345e-06	9.88804480689799	0.999881050351652	44.3624948552857	2.35095e-10	0.463768	605	0.0033232355377798	6.33646601983874	0.871308321030575	16.4666958635545	60.8291907188402	0.144411929570055
SNP.4	1.202e-22	0.461353	751022	2.67904341009217e-06	9.79338744294152	0.999880945579639	43.4315445952907	2.91955e-10	0.461353	605	0.00332565378501528	6.30299145161154	0.871226733979338	16.2810666751152	59.7126112704059	0.0472801426092329
SNP.5	3.275e-22	0.480676	749495	2.67245519259029e-06	9.69155618998456	0.999881238319675	42.438357391874	1.87576e-09	0.480676	605	0.00331073025548837	6.00821585753134	0.871730469354528	14.7073391890784	57.1456965809524	0.00362979328331312
SNP.6	3.475e-22	0.481884	749432	2.67219569866885e-06	9.68550116339145	0.999881249849999	42.3796520546674	9.1843e-10	0.481884	605	0.0033101305237104	6.12297692481661	0.8717507251399	15.3144465526426	57.69409860731	0.00628130477906915
SNP.7	1.623e-22	0.463768	749626	2.68208079810036e-06	9.76298891683803	0.999880810616776	43.1348975332454	4.32008e-10	0.463768	605	0.0033232355377798	6.24200106877359	0.871308321030575	15.9490410132184	59.0839385464638	0.0252144606542012
SNP.8	1.162e-22	0.463768	749540	2.68238853210873e-06	9.79680771735358	0.999880796942969	43.4656592444713	4.32008e-10	0.463768	605	0.0033232355377798	6.24200106877359	0.871308321030575	15.9490410132184	59.4147002576896	0.0350992364490471
SNP.9	1.216e-22	0.466184	749310	2.68138715842531e-06	9.79221691081267	0.999880841437858	43.4205153567667	2.81252e-10	0.466184	605	0.00332097555649532	6.30877535220588	0.871384582304834	16.3153705459953	59.7358859027621	0.0483934765067066
