snp	pvalues.df1	MAF.df1	N.df1	V.df1	z.df1	r.df1	lABF.df1	pvalues.df2	MAF.df2	N.df2	V.df2	z.df2	r.df2	lABF.df2	internal.sum.lABF	SNP.PP.H4
SNP.1	1.843e-22	0.478093	750896	2.66860752701745e-06	9.75009264535437	0.999881409286447	43.0066002370059	2.957e-06	0.478093	584	0.00343124437946455	4.67378422618224	0.867679146852597	8.46564120323753	51.4722414402435	0.0224248622700285
SNP.10	1.358e-22	0.481959	749323	2.67255538107094e-06	9.78104580863989	0.999881233867911	43.3095703077431	1.50085e-06	0.481959	584	0.00342912194488052	4.81112248597087	0.867750170940225	9.03133178107842	52.3409020888216	0.0534545048076762
SNP.11	9.222e-23	0.48067	750427	2.66913859112121e-06	9.82013496025199	0.999881385689196	43.6919893231326	1.11167e-06	0.48067	584	0.00342978367383444	4.87076499016468	0.867728025926595	9.28169485229454	52.9736841754272	0.100646361489676
SNP.12	7.01e-23	0.48067	750603	2.66851273645231e-06	9.84774363301851	0.999881413498362	43.9633432406806	2.26628e-06	0.48067	584	0.00342978367383444	4.72810230121697	0.867728025926595	8.68756137808226	52.6509046187628	0.0728813987037113
SNP.13	3.167e-22	0.497423	749476	2.6686019683663e-06	9.69497991067082	0.999881409533439	42.4708271900271	9.89321e-07	0.497423	584	0.00342474850829332	4.89375079411869	0.867896558101702	9.38045416558699	51.8512813556141	0.0327600629813911
SNP.14	3.31e-23	0.481959	741437	2.70098095429581e-06	9.92289899953881	0.999879970810767	44.712165204431	1.50085e-06	0.481959	584	0.00342912194488052	4.81112248597087	0.867750170940225	9.03133178107842	53.7434969855094	0.217331928957831
SNP.2	6.631e-23	0.479328	750458	2.66960243780566e-06	9.8533297368294	0.999881365078679	44.0185645971193	1.40281e-06	0.479328	584	0.00343052141484719	4.82460500084278	0.867703338472671	9.08733013309031	53.1058947302096	0.114872584825796
SNP.3	4.691e-23	0.48067	751137	2.66661563139522e-06	9.88804480689799	0.999881497794153	44.3606323766314	1.73977e-06	0.48067	584	0.00342978367383444	4.78151733205379	0.867728025926595	8.90794547823151	53.2685778548629	0.135166409289759
SNP.4	1.202e-22	0.48067	751022	2.66702395604831e-06	9.79338744294152	0.999881479650692	43.4293221904927	1.73977e-06	0.48067	584	0.00342978367383444	4.78151733205379	0.867728025926595	8.90794547823151	52.3372676687243	0.0532605812943305
SNP.5	3.275e-22	0.497423	749495	2.66853431823201e-06	9.69155618998456	0.999881412539399	42.4376315506634	9.89321e-07	0.497423	584	0.00342474850829332	4.89375079411869	0.867896558101702	9.38045416558699	51.8180857162503	0.0316904236482298
SNP.6	3.475e-22	0.497423	749432	2.66875864500488e-06	9.68550116339145	0.999881402571685	42.3790157662785	9.89321e-07	0.497423	584	0.00342474850829332	4.89375079411869	0.867896558101702	9.38045416558699	51.7594699318655	0.0298862574517887
SNP.7	1.623e-22	0.48067	749626	2.67199065336489e-06	9.76298891683803	0.999881258960959	43.1330345482241	2.26628e-06	0.48067	584	0.00342978367383444	4.72810230121697	0.867728025926595	8.68756137808226	51.8205959263064	0.0317700731950754
SNP.8	1.162e-22	0.48067	749540	2.67229722965994e-06	9.79680771735358	0.999881245338582	43.4637964102312	2.26628e-06	0.48067	584	0.00342978367383444	4.72810230121697	0.867728025926595	8.68756137808226	52.1513577883135	0.0442248396468722
SNP.9	1.216e-22	0.481959	749310	2.67260174802181e-06	9.79221691081267	0.999881231807647	43.4188933569559	1.50085e-06	0.481959	584	0.00342912194488052	4.81112248597087	0.867750170940225	9.03133178107842	52.4502251380343	0.0596297114378366
