snp	pvalues.df1	MAF.df1	N.df1	V.df1	z.df1	r.df1	lABF.df1	pvalues.df2	MAF.df2	N.df2	V.df2	z.df2	r.df2	lABF.df2	internal.sum.lABF	SNP.PP.H4
SNP.1	1.843e-22	0.465672	750896	2.67609887394193e-06	9.75009264535437	0.99988107641677	43.0079858880801	0.00262076	0.465672	517	0.0038867929207882	3.0090383875387	0.852699305578508	2.90266316438906	45.9106490524692	0.0463524577795013
SNP.10	1.358e-22	0.473134	749323	2.67680422852743e-06	9.78104580863989	0.999881045075134	43.3103554548765	0.00384804	0.473134	517	0.00387967306563415	2.89035745527054	0.85292944851965	2.6043357604603	45.9146912153368	0.0465402011521755
SNP.11	9.222e-23	0.473134	750427	2.67286621474555e-06	9.82013496025199	0.999881220056362	43.6926790488983	0.00384804	0.473134	517	0.00387967306563415	2.89035745527054	0.85292944851965	2.6043357604603	46.2970148093586	0.0682133350290819
SNP.12	7.01e-23	0.471642	750603	2.67312303637503e-06	9.84774363301851	0.999881208644779	43.9641962929656	0.00281132	0.471642	517	0.00388095584230601	2.98764923954033	0.852887974738114	2.84817903849767	46.8123753314632	0.114205630073686
SNP.13	3.167e-22	0.485075	749476	2.67091092210859e-06	9.69497991067082	0.999881306937622	42.4712547449115	0.00939932	0.485075	517	0.00387192192313009	2.59717800569404	0.853180138542192	1.91821788684617	44.3894726317576	0.0101259141609782
SNP.14	3.31e-23	0.473134	741437	2.70527499292975e-06	9.92289899953881	0.999879780010453	44.712949987881	0.00384804	0.473134	517	0.00387967306563415	2.89035745527054	0.85292944851965	2.6043357604603	47.3172857483413	0.189220123698518
SNP.2	6.631e-23	0.470149	750458	2.6745722710361e-06	9.8533297368294	0.999881144249656	44.0194837203846	0.0030175	0.470149	517	0.00388230978216094	2.96594953355598	0.852844204536402	2.79304238973277	46.8125261101174	0.114222851143135
SNP.3	4.691e-23	0.470149	751137	2.67215455686141e-06	9.88804480689799	0.999881251678089	44.3616577130218	0.0030175	0.470149	517	0.00388230978216094	2.96594953355598	0.852844204536402	2.79304238973277	47.1547001027545	0.160826375079054
SNP.4	1.202e-22	0.468657	751022	2.67354361591114e-06	9.79338744294152	0.999881189956797	43.4305289342348	0.00321999	0.468657	517	0.0038837332176186	2.94591679940341	0.852798192523221	2.74249751655187	46.1730264507867	0.0602589865406481
SNP.5	3.275e-22	0.485075	749495	2.67084321344139e-06	9.69155618998456	0.999881309946182	42.4380591090754	0.00939932	0.485075	517	0.00387192192313009	2.59717800569404	0.853180138542192	1.91821788684617	44.3562769959216	0.00979529590346968
SNP.6	3.475e-22	0.485075	749432	2.67106773430846e-06	9.68550116339145	0.999881299969845	42.3794433303005	0.00939932	0.485075	517	0.00387192192313009	2.59717800569404	0.853180138542192	1.91821788684617	44.2976612171466	0.00923764036982675
SNP.7	1.623e-22	0.471642	749626	2.67660696196798e-06	9.76298891683803	0.999881053840451	43.1338877578982	0.00281132	0.471642	517	0.00388095584230601	2.98764923954033	0.852887974738114	2.84817903849767	45.9820667963959	0.0497839210322963
SNP.8	1.162e-22	0.471642	749540	2.67691406792461e-06	9.79680771735358	0.999881040194544	43.4646495509222	0.00281132	0.471642	517	0.00388095584230601	2.98764923954033	0.852887974738114	2.84817903849767	46.3128285894199	0.0693006200913664
SNP.9	1.216e-22	0.473134	749310	2.6768506691928e-06	9.79221691081267	0.999881043011596	43.4196784832902	0.00384804	0.473134	517	0.00387967306563415	2.89035745527054	0.85292944851965	2.6043357604603	46.0240142437505	0.0519166479462651
