snp	pvalues.df1	MAF.df1	N.df1	V.df1	z.df1	r.df1	lABF.df1	pvalues.df2	MAF.df2	N.df2	V.df2	z.df2	r.df2	lABF.df2	internal.sum.lABF	SNP.PP.H4
SNP.1	1.843e-22	0.462687	750896	2.67840081121155e-06	9.75009264535437	0.99988097413279	43.0084108822507	3.00303e-05	0.462687	465	0.00432516226996883	4.17323644726039	0.838764730425847	6.39147702011506	49.3998879023657	0.0442190689464947
SNP.10	1.358e-22	0.467164	749323	2.68063703501696e-06	9.78104580863989	0.999880874768733	43.3110626406868	2.40458e-05	0.467164	465	0.00431970534406455	4.22357434461387	0.838935391397932	6.56973330027822	49.880795940965	0.0715262245069623
SNP.11	9.222e-23	0.465672	750427	2.67777137556018e-06	9.82013496025199	0.999881002101049	43.6935851741338	4.07225e-05	0.465672	465	0.00432144503236021	4.10334176682262	0.838880976504198	6.14948704912476	49.8430722232586	0.0688782491580346
SNP.12	7.01e-23	0.465672	750603	2.67714349669199e-06	9.84774363301851	0.999881030000136	43.9649389919422	4.21641e-05	0.465672	465	0.00432144503236021	4.09528959765563	0.838880976504198	6.12179694427375	50.086735936216	0.0878828039888016
SNP.13	3.167e-22	0.491045	749476	2.669387334685e-06	9.69497991067082	0.999881374636549	42.4709726602954	0.000129215	0.491045	465	0.00430245535924812	3.82794999364238	0.839475327854111	5.23584660751508	47.7068192678105	0.00813428207684569
SNP.14	3.31e-23	0.467164	741437	2.70914856554234e-06	9.92289899953881	0.999879607893092	44.7136568456195	2.40458e-05	0.467164	465	0.00431970534406455	4.22357434461387	0.838935391397932	6.56973330027822	51.2833901458977	0.290806577402878
SNP.2	6.631e-23	0.465569	750458	2.67773697797602e-06	9.8533297368294	0.999881003629467	44.0200681026515	4.61332e-05	0.465569	465	0.0043215680365977	4.07439965041475	0.838877129379573	6.05019340058389	50.0702615032354	0.0864468454033607
SNP.3	4.691e-23	0.467164	751137	2.67416328178484e-06	9.88804480689799	0.999881162422636	44.3620290261945	5.73467e-05	0.467164	465	0.00431970534406455	4.02347078805729	0.838935391397932	5.87750125630938	50.2395302825039	0.102390967459758
SNP.4	1.202e-22	0.465672	751022	2.67564990113139e-06	9.79338744294152	0.999881096366372	43.4309181568338	4.06916e-05	0.465672	465	0.00432144503236021	4.1035173054673	0.838880976504198	6.15009130386626	49.5810094607001	0.0529992455481465
SNP.5	3.275e-22	0.491045	749495	2.66931966464136e-06	9.69155618998456	0.999881377643393	42.4377770221314	0.000129215	0.491045	465	0.00430245535924812	3.82794999364238	0.839475327854111	5.23584660751508	47.6736236296465	0.00786869199687289
SNP.6	3.475e-22	0.491045	749432	2.66954405743333e-06	9.68550116339145	0.999881367672746	42.3791612396556	0.000129215	0.491045	465	0.00430245535924812	3.82794999364238	0.839475327854111	5.23584660751508	47.6150078471707	0.00742071983280109
SNP.7	1.623e-22	0.465672	749626	2.68063266221756e-06	9.76298891683803	0.999880874963033	43.1346305941283	4.21641e-05	0.465672	465	0.00432144503236021	4.09528959765563	0.838880976504198	6.12179694427375	49.256427538402	0.0383094175966353
SNP.8	1.162e-22	0.465672	749540	2.68094023007111e-06	9.79680771735358	0.999880861296608	43.4653923269939	4.21641e-05	0.465672	465	0.00432144503236021	4.09528959765563	0.838880976504198	6.12179694427375	49.5871892712677	0.0533277849559347
SNP.9	1.216e-22	0.467164	749310	2.68068354217883e-06	9.79221691081267	0.99988087270224	43.4203856503381	2.40458e-05	0.467164	465	0.00431970534406455	4.22357434461387	0.838935391397932	6.56973330027822	49.9901189506164	0.0797891211264715
