snp	pvalues.df1	MAF.df1	N.df1	V.df1	z.df1	r.df1	lABF.df1	pvalues.df2	MAF.df2	N.df2	V.df2	z.df2	r.df2	lABF.df2	internal.sum.lABF	SNP.PP.H4
SNP.1	1.843e-22	0.481013	750896	2.66733104747953e-06	9.75009264535437	0.999881466005419	43.0063637382815	1.92004e-07	0.481013	324	0.00618175374761786	5.20691692437061	0.784470858999294	9.86695105609485	52.8733147943763	0.024988066477216
SNP.10	1.358e-22	0.485232	749323	2.67140642152756e-06	9.78104580863989	0.999881284920653	43.3093577738971	1.05856e-07	0.485232	324	0.00617822924073548	5.31637307676587	0.784567269168777	10.3198818065738	53.629239580471	0.0532140870829558
SNP.11	9.222e-23	0.485232	750427	2.66747634879648e-06	9.82013496025199	0.999881459549114	43.6916814426163	1.05856e-07	0.485232	324	0.00617822924073548	5.31637307676587	0.784567269168777	10.3198818065738	54.0115632491901	0.0779951640030977
SNP.12	7.01e-23	0.485232	750603	2.66685088388708e-06	9.84774363301851	0.999881487340965	43.9630353793694	1.05856e-07	0.485232	324	0.00617822924073548	5.31637307676587	0.784567269168777	10.3198818065738	54.2829171859432	0.10230931878847
SNP.13	3.167e-22	0.489451	749476	2.66971944086012e-06	9.69497991067082	0.999881359879777	42.4710341619747	2.44976e-07	0.489451	324	0.00617558841869777	5.16150220871534	0.784639522351667	9.68411096359032	52.155145125565	0.012185280430095
SNP.14	3.31e-23	0.485232	741437	2.69981977430085e-06	9.92289899953881	0.999880022406381	44.7119527689311	1.05856e-07	0.485232	324	0.00617822924073548	5.31637307676587	0.784567269168777	10.3198818065738	55.031834575505	0.216354475127293
SNP.2	6.631e-23	0.487288	750458	2.6667629576953e-06	9.8533297368294	0.999881491247869	44.0180386849097	1.19917e-07	0.487288	324	0.00617683208551266	5.2936222688559	0.784605493832314	10.2256368927091	54.2436755776187	0.0983722894616068
SNP.3	4.691e-23	0.487342	751137	2.66433769304946e-06	9.88804480689799	0.999881599011874	44.3602100712976	1.19309e-07	0.487342	324	0.00617679821525954	5.29455129057754	0.784606420532236	10.2295066724476	54.5897167437451	0.139045375090682
SNP.4	1.202e-22	0.485232	751022	2.66536303064131e-06	9.79338744294152	0.999881553452107	43.4290142877689	6.52822e-08	0.485232	324	0.00617822924073548	5.40369421091527	0.784567269168777	10.6870939796452	54.1161082674141	0.0865906500830564
SNP.5	3.275e-22	0.489451	749495	2.66965176239745e-06	9.69155618998456	0.999881362886995	42.437838524318	2.44976e-07	0.489451	324	0.00617558841869777	5.16150220871534	0.784639522351667	9.68411096359032	52.1219494879084	0.0117874223862382
SNP.6	3.475e-22	0.489451	749432	2.66987618310678e-06	9.68550116339145	0.999881352915108	42.3792227426483	2.44976e-07	0.489451	324	0.00617558841869777	5.16150220871534	0.784639522351667	9.68411096359032	52.0633337062386	0.0111163531606572
SNP.7	1.623e-22	0.485232	749626	2.67032663487965e-06	9.76298891683803	0.99988133289978	43.1327266301799	1.05856e-07	0.485232	324	0.00617822924073548	5.31637307676587	0.784567269168777	10.3198818065738	53.4526084367538	0.0445981336782292
SNP.8	1.162e-22	0.485232	749540	2.67063302025015e-06	9.79680771735358	0.999881319285884	43.4634885170529	1.05856e-07	0.485232	324	0.00617822924073548	5.31637307676587	0.784567269168777	10.3198818065738	53.7833703236268	0.0620818638787213
SNP.9	1.216e-22	0.485232	749310	2.67145276854479e-06	9.79221691081267	0.999881282861275	43.4186808287338	1.05856e-07	0.485232	324	0.00617822924073548	5.31637307676587	0.784567269168777	10.3198818065738	53.7385626353076	0.0593615203516837
