snp	pvalues.df1	MAF.df1	N.df1	V.df1	z.df1	r.df1	lABF.df1	pvalues.df2	MAF.df2	N.df2	V.df2	z.df2	r.df2	lABF.df2	internal.sum.lABF	SNP.PP.H4
SNP.1	1.843e-22	0.474265	750896	2.67055943191816e-06	9.75009264535437	0.9998813225557	43.0069616534453	6.50116e-05	0.474265	205	0.00978201168385181	3.9938405189676	0.696982586474157	4.96171920682033	47.9686808602656	0.0440999478868932
SNP.10	1.358e-22	0.477941	749323	2.67428116787318e-06	9.78104580863989	0.999881157184499	43.3098893691261	0.000100669	0.477941	205	0.00977512384172799	3.88897376068673	0.697131329699504	4.67451986706472	47.9844092361908	0.0447990519189784
SNP.11	9.222e-23	0.477941	750427	2.67034686592332e-06	9.82013496025199	0.999881332000835	43.6922129980638	0.000100669	0.477941	205	0.00977512384172799	3.88897376068673	0.697131329699504	4.67451986706472	48.3667328651285	0.0656613587517938
SNP.12	7.01e-23	0.474265	750603	2.67160189233139e-06	9.84774363301851	0.999881276235125	43.9639149975368	6.50116e-05	0.474265	205	0.00978201168385181	3.9938405189676	0.696982586474157	4.96171920682033	48.9256342043571	0.114825311707658
SNP.13	3.167e-22	0.485294	749476	2.67084153390012e-06	9.69497991067082	0.99988131002081	42.4712419015681	0.000511046	0.485294	205	0.0097645445339577	3.47489885628594	0.697359913955062	3.61267779771057	46.0839196992786	0.00669725298284226
SNP.14	3.31e-23	0.477941	741437	2.70272509674354e-06	9.92289899953881	0.999879893311938	44.7124841180937	0.000100669	0.477941	205	0.00977512384172799	3.88897376068673	0.697131329699504	4.67451986706472	49.3870039851584	0.182141111695277
SNP.2	6.631e-23	0.474265	750458	2.67211808680782e-06	9.8533297368294	0.999881253298596	44.0190300585816	6.50116e-05	0.474265	205	0.00978201168385181	3.9938405189676	0.696982586474157	4.96171920682033	48.9807492654019	0.121331565145443
SNP.3	4.691e-23	0.474265	751137	2.66970259112468e-06	9.88804480689799	0.999881360628476	44.3612040837186	6.50116e-05	0.474265	205	0.00978201168385181	3.9938405189676	0.696982586474157	4.96171920682033	49.3229232905389	0.170835487329384
SNP.4	1.202e-22	0.474265	751022	2.67011138846748e-06	9.79338744294152	0.999881342464016	43.4298940243316	6.50116e-05	0.474265	205	0.00978201168385181	3.9938405189676	0.696982586474157	4.96171920682033	48.3916132311519	0.0673155302560832
SNP.5	3.275e-22	0.485294	749495	2.67077382699195e-06	9.69155618998456	0.999881313029292	42.438046265626	0.000511046	0.485294	205	0.0097645445339577	3.47489885628594	0.697359913955062	3.61267779771057	46.0507240633366	0.00647858293655998
SNP.6	3.475e-22	0.485294	749432	2.67099834202613e-06	9.68550116339145	0.999881303053214	42.3794304866829	0.000511046	0.485294	205	0.0097645445339577	3.47489885628594	0.697359913955062	3.61267779771057	45.9921082843935	0.00610975103291915
SNP.7	1.623e-22	0.474265	749626	2.67508383539208e-06	9.76298891683803	0.999881121518867	43.1336064105402	6.50116e-05	0.474265	205	0.00978201168385181	3.9938405189676	0.696982586474157	4.96171920682033	48.0953256173605	0.0500540468103328
SNP.8	1.162e-22	0.474265	749540	2.67539076658967e-06	9.79680771735358	0.999881107880724	43.4643682263245	6.50116e-05	0.474265	205	0.00978201168385181	3.9938405189676	0.696982586474157	4.96171920682033	48.4260874331449	0.0696766443675383
SNP.9	1.216e-22	0.477941	749310	2.67432756476523e-06	9.79221691081267	0.999881155122905	43.4192124098902	0.000100669	0.477941	205	0.00977512384172799	3.88897376068673	0.697131329699504	4.67451986706472	48.0937322769549	0.0499743571782996
