snp	pvalues.df1	MAF.df1	N.df1	V.df1	z.df1	r.df1	lABF.df1	pvalues.df2	MAF.df2	N.df2	V.df2	z.df2	r.df2	lABF.df2	internal.sum.lABF	SNP.PP.H4
SNP.1	2.988e-09	0.31891	747792	3.07833973516749e-06	5.9322561356688	0.99986320361647	13.1449158888303	0.00066735	0.31891	469	0.00490822564443575	3.40265291128614	0.820921437669491	3.89236808960339	17.0372839784337	1.07487801799951e-05
SNP.10	3.035e-14	0.322115	750101	3.05269409504097e-06	7.59681838695878	0.999864343112175	24.399219438978	0.0245064	0.322115	469	0.00488236437821817	2.24909582696049	0.821696756686872	1.21611381808452	25.6153332570626	0.057116113580168
SNP.11	1.901e-14	0.320968	749173	3.06221662397258e-06	7.65715307557044	0.999863920003665	24.8608734722445	0.0301584	0.320968	469	0.00489153521286015	2.16800376603779	0.821421648153419	1.06907566503382	25.9299491372783	0.0782338295048316
SNP.12	8.115e-12	0.396166	752613	2.7771767770568e-06	6.8365023990939	0.999876585154124	18.8660188859776	0.000772418	0.396166	469	0.00445658709106833	3.36249401673143	0.834675395812812	3.81865054357978	22.6846694295574	0.00304780740547673
SNP.13	4.372e-09	0.346645	754151	2.92736943319506e-06	5.86946637809434	0.999869911617047	12.7494287332308	0.00148912	0.346645	469	0.00470720380685178	3.17679549785953	0.826986858323664	3.29579407910899	16.0452228123397	3.9857723605492e-06
SNP.14	2.724e-14	0.315068	748333	3.09615970440345e-06	7.61080212784835	0.999862411835135	24.5125468412819	0.0160558	0.315068	469	0.00494020997883869	2.40764465746562	0.819964570874331	1.51926515018158	26.0318119914635	0.0866229689312913
SNP.15	7.678e-15	0.344551	745267	2.97074717676275e-06	7.77278335143216	0.99986798422261	25.7377980124968	0.0245177	0.344551	469	0.00472068195348495	2.24891821336809	0.826577381068126	1.21425068393463	26.9520486964314	0.217413640285518
SNP.16	2.116e-09	0.324281	755599	3.01988910704629e-06	5.9886422677277	0.999865800718218	13.4714193122323	0.00168181	0.324281	469	0.00486529891129012	3.14133246241761	0.822209180792729	3.19319382029512	16.6646131325274	7.40474810751746e-06
SNP.17	1.698e-09	0.322006	752670	3.04281524526008e-06	6.02434103265843	0.999864782053243	13.6895773972801	0.000634661	0.322006	469	0.00488323187771835	3.41635222174354	0.8216707253722	3.93298774044733	17.6225651377274	1.92993889695463e-05
SNP.18	3.357e-14	0.321086	749538	3.06013238148874e-06	7.5837529887581	0.999864012611463	24.3012699509359	0.0247688	0.321086	469	0.00489058743061046	2.24498960338557	0.821450071379449	1.20860177271642	25.5098717236523	0.0513993097171445
SNP.19	1.754e-13	0.372204	745866	2.8688617060298e-06	7.36632190154907	0.999872511290731	22.6441488619134	0.000413304	0.372204	469	0.00456244436083076	3.53143975391596	0.831410485320599	4.29414361059865	26.9382924725121	0.21444332655714
SNP.2	1.044e-14	0.319489	745520	3.08474767760645e-06	7.73377925190995	0.999862918897023	25.4541023489245	0.0237726	0.319489	469	0.00490349912283403	2.2607845787214	0.821063029182716	1.23792605608521	26.6920284050097	0.167633730556234
SNP.20	2.121e-14	0.324759	752389	3.03045309901372e-06	7.6430715782652	0.999865331333692	24.7479915762856	0.033647	0.324759	469	0.00486157692263078	2.12427685405924	0.822321025707778	0.991494821283738	25.7394863975694	0.0646662493264995
SNP.3	3.174e-09	0.319489	755873	3.04249667418887e-06	5.922336144735	0.999864796208129	13.0802979581155	0.00069102	0.319489	469	0.00490349912283403	3.39311746145171	0.821063029182716	3.86618953551096	16.9464874936265	9.8158241409769e-06
SNP.4	3.543e-09	0.319489	755714	3.04313680652887e-06	5.90422888022355	0.999864767765496	12.9733437417418	0.00069102	0.319489	469	0.00490349912283403	3.39311746145171	0.821063029182716	3.86618953551096	16.8395332772527	8.82017380252231e-06
SNP.5	2.917e-14	0.325243	750277	3.03663794234704e-06	7.60195064069051	0.999865056525872	24.4356003147511	0.0348279	0.325243	469	0.00485782431870002	2.11035371568667	0.822433821413952	0.967186723723109	25.4027870384742	0.046179688454099
SNP.6	4.088e-09	0.364217	752498	2.86942931074651e-06	5.88059269171741	0.999872486070287	12.8048379263804	0.00109503	0.364217	469	0.00460392285176574	3.2648992979274	0.830138136204671	3.53807184864448	16.3429097750248	5.36779963470471e-06
SNP.7	4.378e-09	0.346645	754419	2.92632951372312e-06	5.86923898263007	0.999869957823668	12.7479174099601	0.00148912	0.346645	469	0.00470720380685178	3.17679549785953	0.826986858323664	3.29579407910899	16.0437114890691	3.97975311968425e-06
SNP.8	1.258e-12	0.384984	745603	2.83226093798838e-06	7.09884918004024	0.999874137579432	20.7034979325708	0.00124794	0.384984	469	0.00450264872526002	3.22769030755663	0.833251590572744	3.44476660342463	24.1482645359954	0.0131710014760687
SNP.9	6.069e-09	0.346645	746372	2.95787969727359e-06	5.81484526063305	0.999868555959928	12.435525807802	0.00148912	0.346645	469	0.00470720380685178	3.17679549785953	0.826986858323664	3.29579407910899	15.731319886911	2.91196521534795e-06
