snp	pvalues.df1	MAF.df1	N.df1	V.df1	z.df1	r.df1	lABF.df1	pvalues.df2	MAF.df2	N.df2	V.df2	z.df2	r.df2	lABF.df2	internal.sum.lABF	SNP.PP.H4
SNP.1	2.988e-09	0.311111	747792	3.1197843326353e-06	5.9322561356688	0.99986136214167	13.1515693010127	8.29024e-14	0.311111	532	0.00438524392043237	7.46562935937667	0.836890305573919	22.4156345848599	35.5672038858727	0.000165141800980297
SNP.10	3.035e-14	0.319444	750101	3.06613771579079e-06	7.59681838695878	0.999863745780374	24.4013989967438	8.23297e-10	0.319444	532	0.0043231446743466	6.14036959150896	0.83882782101678	14.900999237665	39.3023982344088	0.00691880851064716
SNP.11	1.901e-14	0.316527	749173	3.0850042225152e-06	7.65715307557044	0.999862907498153	24.8645502760335	4.52438e-10	0.316527	532	0.00434436441427515	6.23477150228636	0.838164750439577	15.380139313186	40.2446895892195	0.0177526522815826
SNP.12	8.115e-12	0.386427	752613	2.80197712136709e-06	6.8365023990939	0.999875483189862	18.8704377927085	1.40002e-12	0.386427	532	0.00396391805872829	7.08404936424132	0.850214240766177	20.3841971071747	39.2546348998832	0.00659611104485551
SNP.13	4.372e-09	0.34072	754151	2.95150936042625e-06	5.86946637809434	0.999868839011665	12.7535159567473	2.8774e-13	0.34072	532	0.00418399198435116	7.3000129649168	0.843202172043641	21.5408026663691	34.2943186231163	4.62434226999413e-05
SNP.14	2.724e-14	0.315942	748333	3.09153962867786e-06	7.61080212784835	0.999862617115376	24.5118062343042	3.45562e-09	0.315942	532	0.00434868632508908	5.90834487421747	0.838029828631675	13.7170269979266	38.2288332322308	0.00236476481277736
SNP.15	7.678e-15	0.34072	745267	2.98669300488928e-06	7.77278335143216	0.999867275706748	25.7404528858072	1.81229e-11	0.34072	532	0.00418399198435116	6.72039788727645	0.843202172043641	18.1146860940865	43.8551389798937	0.656540458718628
SNP.16	2.116e-09	0.319945	755599	3.04130001626771e-06	5.9886422677277	0.999864849378548	13.4749342520264	9.28663e-13	0.319945	532	0.00431955498306741	7.14068596138014	0.838940094800433	20.4755349060214	33.9504691580479	3.27882354873101e-05
SNP.17	1.698e-09	0.314085	752670	3.08352803824415e-06	6.02434103265843	0.999862973088359	13.6961892935779	3.49594e-13	0.314085	532	0.00436255460252862	7.2737688464405	0.837597180644987	21.2488379730949	34.9450272666728	8.86439589732673e-05
SNP.18	3.357e-14	0.31856	749538	3.07296407691041e-06	7.5837529887581	0.99986344246931	24.303345478554	6.905e-10	0.31856	532	0.00432951757195353	6.16824980092701	0.838628571671396	15.0417554970175	39.3451009755715	0.00722065966753228
SNP.19	1.754e-13	0.364266	745866	2.89477703311385e-06	7.36632190154907	0.999871359793404	22.6486134229885	6.36033e-12	0.364266	532	0.00405848828304605	6.87133619019873	0.847186773592199	19.0608029089919	41.7094163319804	0.0768043801579689
SNP.2	1.044e-14	0.315789	745520	3.10401388720533e-06	7.73377925190995	0.999862062856516	25.4571894265534	1.64224e-09	0.315789	532	0.00434982036313781	6.0297396727701	0.837994433321807	14.3237381714164	39.7809275979699	0.0111648777721831
SNP.20	2.121e-14	0.325	752389	3.02928708314752e-06	7.6430715782652	0.999865383142665	24.7478006953326	3.18259e-11	0.325	532	0.0042842148105306	6.63786506383983	0.840047026174305	17.5903244002162	42.3381250955488	0.144022629336915
SNP.3	3.174e-09	0.315278	755873	3.06417258799514e-06	5.922336144735	0.999863833095596	13.0838301489605	2.72282e-14	0.315278	532	0.00435361903497303	7.61085812144585	0.837875891912257	23.3573515440852	36.4411816930457	0.000395749846892467
SNP.4	3.543e-09	0.314404	755714	3.069419152567e-06	5.90422888022355	0.999863599978501	12.9776225607363	2.67794e-14	0.314404	532	0.00436015606290042	7.61300568727428	0.837671975818386	23.3657676298338	36.3433901905701	0.000358880982842333
SNP.5	2.917e-14	0.323446	750277	3.04539843619282e-06	7.60195064069051	0.999864667275817	24.4370292620513	1.37779e-09	0.323446	532	0.00429491053103654	6.0580530049689	0.839711704726099	14.4933217696227	38.930351031674	0.00476928487142529
SNP.6	4.088e-09	0.354571	752498	2.90344074526651e-06	5.88059269171741	0.99987097483874	12.8107027074469	5.37781e-14	0.354571	532	0.0041068296126533	7.52240400746274	0.845647539656501	22.9918851941659	35.8025879016129	0.00020896954433237
SNP.7	4.378e-09	0.339335	754419	2.95629269746365e-06	5.86923898263007	0.999868626474717	12.7529873651924	3.22851e-13	0.339335	532	0.00419226199347336	7.28450604555409	0.842940924433515	21.4393539129073	34.1923412780997	4.17601233325443e-05
SNP.8	1.258e-12	0.379501	745603	2.847792533463e-06	7.09884918004024	0.99987344746053	20.7062146155557	8.03517e-13	0.379501	532	0.00399120800061582	7.1605539492822	0.849338391796892	20.827930489648	41.5341451052037	0.0644564914519674
SNP.9	6.069e-09	0.34072	746372	2.98227122088559e-06	5.81484526063305	0.999867472178357	12.4396131790554	1.76256e-13	0.34072	532	0.00418399198435116	7.36567253510422	0.843202172043641	21.9467803150189	34.3863934940743	5.07034579751903e-05
