snp	pvalues.df1	MAF.df1	N.df1	V.df1	z.df1	r.df1	lABF.df1	pvalues.df2	MAF.df2	N.df2	V.df2	z.df2	r.df2	lABF.df2	internal.sum.lABF	SNP.PP.H4
SNP.1	2.084e-29	0.477807	747720	2.68007812020224e-06	11.2593031866376	0.999880899603474	58.8606329559163	0.0111982	0.477807	581	0.00344913599318006	2.53645229110587	0.867080892632165	1.78021430204678	60.640847257963	0.0394518624452291
SNP.10	8.124e-28	0.484416	745309	2.68606011424933e-06	10.9317788910396	0.999880633800468	55.2281052631442	0.121394	0.484416	581	0.00344568808552677	1.5489489187215	0.867196118516168	0.0308660941437808	55.258971357288	0.000181446461958641
SNP.11	8.471e-28	0.483117	747459	2.67878624557413e-06	10.9279834016435	0.999880957006452	55.1852895873825	0.0928785	0.483117	581	0.00344627003155007	1.68040522574792	0.867176668270257	0.2149824580313	55.4002720454138	0.00020898475837755
SNP.12	8.249e-28	0.496104	748305	2.6728692684148e-06	10.9303934267426	0.999881219920676	55.2105362719809	0.0997138	0.496104	581	0.00344254980705875	1.64624270629904	0.867301023505328	0.165406752192316	55.3759430241732	0.000203961714383769
SNP.13	5.937e-28	0.497396	748098	2.67351904162206e-06	10.9601969845123	0.999881191048728	55.5368260492582	0.125216	0.497396	581	0.00344243416178895	1.53324297184246	0.8673048897293	0.00959432305258434	55.5464203723107	0.000241872239253366
SNP.14	8.303e-28	0.496094	748234	2.67312373152935e-06	10.9298013355146	0.999881208613891	55.2041123437368	0.0997146	0.496094	581	0.00344255088147526	1.64623881904843	0.867300987585863	0.165401288698321	55.3695136324351	0.000202654571193025
SNP.15	2.252e-29	0.483073	746839	2.68102605341458e-06	11.2524683984609	0.999880857483146	58.7838846524952	0.0355183	0.483073	581	0.00344629056231685	2.10239944244044	0.867175982091171	0.907129988139888	59.6910146406351	0.0152602077398411
SNP.16	4.004e-29	0.498701	749053	2.67005605651284e-06	11.2016077765573	0.999881344922631	58.2109193150899	0.0309666	0.498701	581	0.00344236402633238	2.15750163338686	0.867307234497278	1.00871719591445	59.2196365110043	0.00952452936688062
SNP.17	2.086e-27	0.498698	746943	2.6775986410261e-06	10.845888095862	0.999881009776313	54.2914110772618	0.0567411	0.498698	581	0.00344236413377618	1.90529988826006	0.867307230905208	0.564375917407044	54.8557869946689	0.000121240511627559
SNP.18	7.882e-28	0.490909	750123	2.66711111230202e-06	10.9345222971664	0.999881475777999	55.2546067251383	0.0666777	0.490909	581	0.00344347915472174	1.83384032432081	0.867269955036273	0.448582590365824	55.7031893155041	0.000282924079963551
SNP.19	3.69e-25	0.490838	722256	2.77003135108514e-06	10.362041719175	0.99987690265033	49.1780781688223	0.182737	0.490838	581	0.00344349701120369	1.33237497859173	0.867269358108638	-0.239918434546779	48.9381597342755	3.26328417766928e-07
SNP.2	1.755e-28	0.492147	751535	2.66187666389793e-06	11.0699492342783	0.99988170836506	56.7434613229172	0.0666057	0.492147	581	0.00344319015250005	1.83432544003956	0.867279616259211	0.449334095464671	57.1927954183819	0.00125486678164824
SNP.20	5.089e-29	0.489501	741612	2.69801759005161e-06	11.1803480652428	0.999880102484247	57.9781612165585	0.0391485	0.489501	581	0.00344385924439476	2.06262258755558	0.867257249125771	0.835163683449226	58.8133249000077	0.00634431349118669
SNP.21	3.706e-28	0.480418	743858	2.69281549734065e-06	11.0027628722726	0.999880333632982	56.0077504781275	0.0583854	0.480418	581	0.00344762882998421	1.89279302135214	0.867131256864587	0.544123819123405	56.5518742972509	0.00066107253872757
SNP.22	7.803e-30	0.492208	748048	2.67427469908835e-06	11.3455545357346	0.999881157471932	59.8342994436601	0.0347663	0.492208	581	0.00344317700534189	2.11106994856882	0.867280055768308	0.922810201987019	60.7571096456471	0.0443159050962838
SNP.3	3.094e-30	0.474026	750824	2.67094791009034e-06	11.4261866649737	0.999881305294102	60.751644666019	0.042111	0.474026	581	0.00345165541074987	2.03242153310787	0.866996715387948	0.781977103150471	61.5336217691695	0.0963373185534836
SNP.4	3.978e-31	0.458442	750329	2.68403946969359e-06	11.6030174970818	0.999880723585463	62.7899449524664	0.048774	0.458442	581	0.00346628683520778	1.97056197158541	0.866508182043655	0.675517690169557	63.4654626426359	0.664939887027362
SNP.5	3.992e-29	0.492084	749694	2.66842395715129e-06	11.2018736399633	0.999881417443173	58.2135959573163	0.0224746	0.492084	581	0.00344320383843817	2.2822497400404	0.867279158739191	1.24892916497598	59.4625251222922	0.0121430758782863
SNP.6	1.068e-27	0.481771	745663	2.68574665727075e-06	10.9069320614886	0.999880647728564	54.9567687673966	0.0849792	0.481771	581	0.00344692239191132	1.72249879993309	0.867154865619598	0.27713954431754	55.2339083117141	0.0001769553762458
SNP.7	9.04e-28	0.481771	745346	2.68688892098499e-06	10.9220814438331	0.999880596973408	55.1223066236188	0.0849792	0.481771	581	0.00344692239191132	1.72249879993309	0.867154865619598	0.27713954431754	55.3994461679363	0.000208812233824357
SNP.8	4.354e-30	0.480519	749296	2.67323019310185e-06	11.3964736581978	0.99988120388339	60.4130404042245	0.0257737	0.480519	581	0.00344757433867546	2.22960466328583	0.8671330778871	1.14611502534804	61.5591554295725	0.0988288363499027
SNP.9	3.388e-29	0.477922	748418	2.67752395398481e-06	11.2163954475125	0.999881013094947	58.3780301371255	0.0412501	0.477922	581	0.00344906561547918	2.04100731511733	0.867083244283689	0.796992921982721	59.1750230591082	0.0091089464559251
