snp	pvalues.df1	MAF.df1	N.df1	V.df1	z.df1	r.df1	lABF.df1	pvalues.df2	MAF.df2	N.df2	V.df2	z.df2	r.df2	lABF.df2	internal.sum.lABF	SNP.PP.H4
SNP.1	5.226e-21	0.400277	741481	2.80904461109793e-06	9.40453655379809	0.999875169157525	39.7228580460483	0.00057054	0.400277	532	0.003915137607672	3.4452459505446	0.851784319058975	4.10067715769853	43.8235352037468	0.000732520252414832
SNP.2	3.695e-23	0.405556	736651	2.81544107784546e-06	9.91191365359462	0.999874884941166	44.6237317224225	0.000281719	0.405556	532	0.00389849151397733	3.63155463368366	0.85232142859704	4.6639294780815	49.287661200504	0.172925645382434
SNP.3	9.35e-23	0.372881	728469	2.93520687310847e-06	9.81874530035889	0.999869563377127	43.7252805365648	0.000157108	0.372881	532	0.00401918649557605	3.77955640806663	0.848442315670334	5.1166245401707	48.8419050767355	0.11073119336063
SNP.4	1.706e-23	0.411357	737075	2.80147949028758e-06	9.98882024751746	0.999875505301291	45.3864304322809	0.000317399	0.411357	532	0.00388139190846564	3.6006693609843	0.852873877089854	4.5704455438589	49.9568759761398	0.337672497101726
SNP.5	3.741e-22	0.365922	733544	2.93773507864095e-06	9.67796165107253	0.999869451041761	42.3534759387653	0.000291676	0.365922	532	0.00405067282053871	3.62258284602784	0.84743615169687	4.62041137872784	46.9738873174931	0.0171001600586729
SNP.6	4.46e-23	0.401662	743338	2.79882882248458e-06	9.89309970978211	0.999875623079432	44.4345273760098	0.000276751	0.401662	532	0.00391066883317302	3.63614275610523	0.851928443846866	4.67687068649229	49.1113980625021	0.144980401125039
SNP.7	4.924e-23	0.415714	738898	2.78589909614018e-06	9.88318988587065	0.999876197591328	44.3342629378981	0.000476184	0.415714	532	0.00386935201191689	3.49380763494323	0.85326328799554	4.24820329968885	48.5824662375869	0.0854273872959359
SNP.8	1.13e-22	0.4125	739817	2.78877755162215e-06	9.7996289244305	0.999876069691664	43.512517255578	0.000442804	0.4125	532	0.00387816737200836	3.51316404250257	0.852978134632517	4.30527824360316	47.8177954991812	0.0397653529914987
SNP.9	2.353e-23	0.401662	734097	2.83406119252366e-06	9.95689362226913	0.999874057588266	45.0737794515967	0.00111945	0.401662	532	0.00391066883317302	3.25864665455029	0.851928443846866	3.56818969946156	48.6419691510583	0.090664842431646
