snp	pvalues.df1	MAF.df1	N.df1	V.df1	z.df1	r.df1	lABF.df1	pvalues.df2	MAF.df2	N.df2	V.df2	z.df2	r.df2	lABF.df2	internal.sum.lABF	SNP.PP.H4
SNP.1	5.226e-21	0.405195	741481	2.79789420732159e-06	9.40453655379809	0.999875664607554	39.7208915218881	1.34023e-05	0.405195	581	0.00357071496512739	4.35343147644286	0.863037320997769	7.18427602250949	46.9051675443976	0.00070198009651392
SNP.2	3.695e-23	0.41039	736651	2.80508878047414e-06	9.91191365359462	0.999875344928359	44.621912674178	1.83027e-05	0.41039	581	0.00355657737560251	4.2846501093734	0.863505581552985	6.93047977303509	51.5523924472131	0.0732131225649224
SNP.3	9.35e-23	0.377309	728469	2.92138756200301e-06	9.81874530035889	0.999870177408893	43.7229508224376	9.08958e-07	0.377309	581	0.00366289204114418	4.91038920919424	0.859996668740449	9.38504184737368	53.1079926698113	0.346878612031796
SNP.4	1.706e-23	0.418182	737075	2.78808387561547e-06	9.98882024751746	0.999876100514069	45.3840638790246	1.94354e-05	0.418182	581	0.00353705150192645	4.27128022986902	0.864153147230793	6.88462007571731	52.2686839547419	0.149854703667375
SNP.5	3.741e-22	0.374674	733544	2.90926841541189e-06	9.67796165107253	0.999870715898078	42.3486671778058	2.53323e-07	0.374674	581	0.00367310910587762	5.15522763646121	0.859660956173802	10.4414876543597	52.7901548321654	0.252430776805889
SNP.6	4.46e-23	0.409091	743338	2.7825510426599e-06	9.89309970978211	0.999876346356885	44.4316466806016	1.64079e-05	0.409091	581	0.00356002741299264	4.30888587950444	0.863391263693847	7.01975868994934	51.4514053705509	0.0661806151960781
SNP.7	4.924e-23	0.423593	738898	2.77145283634763e-06	9.88318988587065	0.999876839488764	44.3316951162568	2.85484e-05	0.423593	581	0.00352464880872907	4.1847469045225	0.864564980890468	6.57054541899876	50.9022405352555	0.0382147957131121
SNP.8	1.13e-22	0.421875	739817	2.77102317201423e-06	9.7996289244305	0.999876858580254	43.5093621705819	2.85348e-05	0.421875	581	0.0035284854561963	4.18485514827739	0.864437542394296	6.57029138958441	50.0796535601663	0.0167875205817693
SNP.9	2.353e-23	0.406494	734097	2.82317176330254e-06	9.95689362226913	0.999874541441234	45.0718788072544	4.40547e-05	0.406494	581	0.00356709452999157	4.08511653762842	0.86315718746915	6.207798833206	51.2796776404604	0.0557378733425459
