snp	pvalues.df1	MAF.df1	N.df1	V.df1	z.df1	r.df1	lABF.df1	pvalues.df2	MAF.df2	N.df2	V.df2	z.df2	r.df2	lABF.df2	internal.sum.lABF	SNP.PP.H4
SNP.1	5.226e-21	0.400783	741481	2.80786717363691e-06	9.40453655379809	0.999875221475017	39.722650762191	3.75185e-09	0.400783	515	0.00404267992189412	5.8947781972532	0.847691343383926	13.7870400837499	53.5096908459409	0.00121003371886879
SNP.2	3.695e-23	0.400524	736651	2.8268832725101e-06	9.91191365359462	0.999874376526684	44.625734418285	1.11562e-09	0.400524	515	0.00404354638752978	6.09192349647887	0.847663672046873	14.7882164379821	59.4139508562671	0.443593337579072
SNP.3	9.35e-23	0.369393	728469	2.94653416199636e-06	9.81874530035889	0.999869060073643	43.7271818655252	7.40807e-08	0.369393	515	0.00416788115428219	5.3809817633165	0.843711574602809	11.2867933964438	55.013975261969	0.00544627910283735
SNP.4	1.706e-23	0.408616	737075	2.80720019048847e-06	9.98882024751746	0.999875251111316	45.3874375971351	4.47671e-09	0.408616	515	0.00401770306874619	5.86554086118005	0.848489778381995	13.6524117217023	59.0398493188374	0.305150988675435
SNP.5	3.741e-22	0.364116	733544	2.94392115606634e-06	9.67796165107253	0.999869176176842	42.3545146871064	9.4232e-09	0.364116	515	0.00419319553496219	5.74079699409163	0.842911444249152	12.9643381321699	55.3188528192763	0.00738765378465638
SNP.6	4.46e-23	0.403394	743338	2.79490221900321e-06	9.89309970978211	0.999875797551764	44.4338340362312	3.2674e-09	0.403394	515	0.00403409131197943	5.91756638432603	0.847965725882682	13.905034224575	58.3388682608062	0.151384906159723
SNP.7	4.924e-23	0.420054	738898	2.7777479212454e-06	9.88318988587065	0.999876559776204	44.3328157289612	1.39245e-07	0.420054	515	0.00398538326895608	5.26624161110061	0.849525180418008	10.8330888828634	55.1659046118246	0.00633989363781002
SNP.8	1.13e-22	0.414698	739817	2.7844136155725e-06	9.7996289244305	0.999876263596345	43.5117436401259	4.11607e-09	0.414698	515	0.0039999155880233	5.87946001899486	0.849059308331115	13.729728215618	57.2414718557439	0.0505230281774459
SNP.9	2.353e-23	0.403394	734097	2.83008515995762e-06	9.95689362226913	0.999874234256347	45.0730863322266	5.28511e-08	0.403394	515	0.00403409131197943	5.44144166595908	0.847965725882682	11.6120057952457	56.6850921274723	0.0289638791641508
