snp	pvalues.df1	MAF.df1	N.df1	V.df1	z.df1	r.df1	lABF.df1	pvalues.df2	MAF.df2	N.df2	V.df2	z.df2	r.df2	lABF.df2	internal.sum.lABF	SNP.PP.H4
SNP.1	5.226e-21	0.402174	741481	2.80466624559564e-06	9.40453655379809	0.999875363703005	39.7220868050926	1.00132e-06	0.402174	605	0.00343736649991818	4.89137888754847	0.867474344400808	9.36692711889107	49.0890139239837	0.000296192108581535
SNP.2	3.695e-23	0.405797	736651	2.81491023041893e-06	9.91191365359462	0.999874908528482	44.6236386097175	4.86841e-07	0.405797	605	0.00342744865479063	5.03142758362792	0.867806173278938	9.97262795986771	54.5962665695852	0.0730033715648848
SNP.3	9.35e-23	0.376226	728469	2.92471030547447e-06	9.81874530035889	0.999870029769769	43.7235120013488	1.93559e-08	0.376226	605	0.00352158808515485	5.61766170323538	0.864666673162662	12.6436213899967	56.3671333913454	0.428963763357546
SNP.4	1.706e-23	0.414251	737075	2.79565259234988e-06	9.98882024751746	0.999875764210122	45.385402427248	4.86337e-07	0.414251	605	0.00340595972645667	5.0316261231653	0.868526016313601	9.97987696785473	55.3652793951027	0.157514647102777
SNP.5	3.741e-22	0.373786	733544	2.91204466182628e-06	9.67796165107253	0.999870592541265	42.3491382498613	9.45018e-09	0.373786	605	0.00353076510647057	5.74031286007182	0.864361839076604	13.2419940822407	55.591132332102	0.197427492118477
SNP.6	4.46e-23	0.405797	743338	2.78958755794583e-06	9.89309970978211	0.999876033700307	44.4328940278895	5.28693e-07	0.405797	605	0.00342744865479063	5.01559606469893	0.867806173278938	9.90361148891269	54.3365055168022	0.0563028172083915
SNP.7	4.924e-23	0.422693	738898	2.77302403662316e-06	9.88318988587065	0.999876769674846	44.3319750528887	6.58463e-07	0.422693	605	0.00338674696630211	4.97323047230108	0.869170623457988	9.73167714803106	54.0636522009198	0.0428579542206457
SNP.8	1.13e-22	0.416465	739817	2.78099545463875e-06	9.7996289244305	0.999876415477038	43.5111368291185	6.3663e-07	0.416465	605	0.00340070696572641	4.97976052411964	0.868702156654393	9.75590104084912	53.2670378699676	0.019322629582639
SNP.9	2.353e-23	0.404589	734097	2.82738943136714e-06	9.95689362226913	0.999874354036387	45.0726158398297	3.10887e-06	0.404589	605	0.00343070760231127	4.66349284463761	0.867697108195941	8.42407948657318	53.4966953264029	0.0243111327360552
