snp	pvalues.df1	MAF.df1	N.df1	V.df1	z.df1	r.df1	lABF.df1	pvalues.df2	MAF.df2	N.df2	V.df2	z.df2	r.df2	lABF.df2	internal.sum.lABF	SNP.PP.H4
SNP.1	5.226e-21	0.400783	741481	2.80786717363691e-06	9.40453655379809	0.999875221475017	39.722650762191	2.14376e-06	0.400783	515	0.00404267992189412	4.7393773017934	0.847691343383926	8.57937005005729	48.3020208122482	0.0005051161743165
SNP.2	3.695e-23	0.400524	736651	2.8268832725101e-06	9.91191365359462	0.999874376526684	44.625734418285	8.57263e-07	0.400524	515	0.00404354638752978	4.92185824816509	0.847663672046873	9.3263619934977	53.9520964117827	0.143611074127776
SNP.3	9.35e-23	0.369393	728469	2.94653416199636e-06	9.81874530035889	0.999869060073643	43.7271818655252	9.52172e-07	0.369393	515	0.00416788115428219	4.90127388443772	0.843711574602809	9.2059985647773	52.9331804303025	0.0518415934823036
SNP.4	1.706e-23	0.408616	737075	2.80720019048847e-06	9.98882024751746	0.999875251111316	45.3874375971351	5.25465e-07	0.408616	515	0.00401770306874619	5.01677333283543	0.848489778381995	9.73385050268349	55.1212880998186	0.462339957651787
SNP.5	3.741e-22	0.364116	733544	2.94392115606634e-06	9.67796165107253	0.999869176176842	42.3545146871064	1.5882e-06	0.364116	515	0.00419319553496219	4.79980524386202	0.842911444249152	8.78407908364312	51.1385937707496	0.00861587240345531
SNP.6	4.46e-23	0.403394	743338	2.79490221900321e-06	9.89309970978211	0.999875797551764	44.4338340362312	1.39008e-06	0.403394	515	0.00403409131197943	4.82642171365894	0.847965725882682	8.93457909607167	53.3684131323029	0.0801119868980626
SNP.7	4.924e-23	0.420054	738898	2.7777479212454e-06	9.88318988587065	0.999876559776204	44.3328157289612	2.84662e-06	0.420054	515	0.00398538326895608	4.68158738815839	0.849525180418008	8.362652568512	52.6954682974732	0.040873447923773
SNP.8	1.13e-22	0.414698	739817	2.7844136155725e-06	9.7996289244305	0.999876263596345	43.5117436401259	1.8398e-07	0.414698	515	0.0039999155880233	5.214835933502	0.849059308331115	10.5994433995161	54.1111870396419	0.168375970625886
SNP.9	2.353e-23	0.403394	734097	2.83008515995762e-06	9.95689362226913	0.999874234256347	45.0730863322266	6.4208e-06	0.403394	515	0.00403409131197943	4.5120369464566	0.847965725882682	7.68982088783257	52.7629072200591	0.0437249807126415
