snp	pvalues.df1	MAF.df1	N.df1	V.df1	z.df1	r.df1	lABF.df1	pvalues.df2	MAF.df2	N.df2	V.df2	z.df2	r.df2	lABF.df2	internal.sum.lABF	SNP.PP.H4
SNP.1	5.226e-21	0.400277	741481	2.80904461109793e-06	9.40453655379809	0.999875169157525	39.7228580460483	3.94166e-05	0.400277	532	0.003915137607672	4.11087298288889	0.851784319058975	6.24272605914782	45.9655841051961	0.000851510938626474
SNP.2	3.695e-23	0.405556	736651	2.81544107784546e-06	9.91191365359462	0.999874884941166	44.6237317224225	6.63594e-05	0.405556	532	0.00389849151397733	3.9889750503696	0.85232142859704	5.82467743419091	50.4484091566134	0.0753453430381021
SNP.3	9.35e-23	0.372881	728469	2.93520687310847e-06	9.81874530035889	0.999869563377127	43.7252805365648	1.48846e-05	0.372881	532	0.00401918649557605	4.33038924014932	0.848442315670334	7.01171561751661	50.7369961540814	0.100551407710569
SNP.4	1.706e-23	0.411357	737075	2.80147949028758e-06	9.98882024751746	0.999875505301291	45.3864304322809	2.05781e-05	0.411357	532	0.00388139190846564	4.25852414065575	0.852873877089854	6.77521321903502	52.161643651316	0.417931111308314
SNP.5	3.741e-22	0.365922	733544	2.93773507864095e-06	9.67796165107253	0.999869451041761	42.3534759387653	3.3046e-06	0.365922	532	0.00405067282053871	4.65091844635716	0.84743615169687	8.22537761548448	50.5788535542498	0.0858435554009045
SNP.6	4.46e-23	0.401662	743338	2.79882882248458e-06	9.89309970978211	0.999875623079432	44.4345273760098	3.7952e-05	0.401662	532	0.00391066883317302	4.1196064866442	0.851928443846866	6.27407612699935	50.7086035030092	0.0977366351933918
SNP.7	4.924e-23	0.415714	738898	2.78589909614018e-06	9.88318988587065	0.999876197591328	44.3342629378981	6.77486e-05	0.415714	532	0.00386935201191689	3.98405703929703	0.85326328799554	5.81224288561378	50.1465058235118	0.0557110652758303
SNP.8	1.13e-22	0.4125	739817	2.78877755162215e-06	9.7996289244305	0.999876069691664	43.512517255578	2.1238e-05	0.4125	532	0.00387816737200836	4.25146152441176	0.852978134632517	6.75017096532679	50.2626882209048	0.0625747087598193
SNP.9	2.353e-23	0.401662	734097	2.83406119252366e-06	9.95689362226913	0.999874057588266	45.0737794515967	7.80926e-05	0.401662	532	0.00391066883317302	3.95017951507249	0.851928443846866	5.69168105830331	50.7654605099	0.10345466237444
