snp	pvalues.df1	MAF.df1	N.df1	V.df1	z.df1	r.df1	lABF.df1	pvalues.df2	MAF.df2	N.df2	V.df2	z.df2	r.df2	lABF.df2	internal.sum.lABF	SNP.PP.H4
SNP.1	5.226e-21	0.411985	741481	2.78355731712482e-06	9.40453655379809	0.999876301644637	39.7183513392939	0.00678992	0.411985	387	0.00533321670041093	2.70697583287523	0.808386620999786	2.13567686734988	41.8540282066438	0.00101204404269668
SNP.2	3.695e-23	0.41573	736651	2.79436587328918e-06	9.91191365359462	0.999875821383431	44.6200213236622	0.00568621	0.41573	387	0.00531905016776316	2.76534799023216	0.808798282626957	2.26528754599507	46.8853088696573	0.154973285954215
SNP.3	9.35e-23	0.382576	728469	2.90574634445755e-06	9.81874530035889	0.999870872394116	43.7203004602716	0.00511327	0.382576	387	0.00546962825271484	2.79980995786911	0.804444013224096	2.33703820566037	46.057338665932	0.0677132955367415
SNP.4	1.706e-23	0.419476	737075	2.7856787170912e-06	9.98882024751746	0.999876207383527	45.3836377496244	0.00501067	0.419476	387	0.00530556625426357	2.80634700980889	0.809190497839617	2.35818382277348	47.7418215723979	0.364951860602318
SNP.5	3.741e-22	0.387218	733544	2.87264723934222e-06	9.67796165107253	0.99987234308773	42.3424103660632	0.00260151	0.387218	387	0.00544499521068747	3.01127748047408	0.805153117056	2.83270990047107	45.1751202665343	0.0280240802710759
SNP.6	4.46e-23	0.411985	743338	2.77660346041643e-06	9.89309970978211	0.999876610628575	44.4305898732035	0.00631964	0.411985	387	0.00533321670041093	2.73071863325127	0.808386620999786	2.1878606869764	46.6184505601799	0.118675685880372
SNP.7	4.924e-23	0.41954	738898	2.77868836080179e-06	9.88318988587065	0.99987651798921	44.3329829195317	0.0126333	0.41954	387	0.00530534178919826	2.49394252175515	0.809197030217436	1.68824435426875	46.0212272738005	0.0653116976648408
SNP.8	1.13e-22	0.417293	739817	2.77942118167843e-06	9.7996289244305	0.999876485427437	43.5108571014506	0.00622652	0.417293	387	0.00531334118957569	2.73560773752952	0.808964296904857	2.19931478752827	45.7101718889788	0.047852136780157
SNP.9	2.353e-23	0.411985	734097	2.81155605193732e-06	9.95689362226913	0.99987505756581	45.0698431963511	0.0109145	0.411985	387	0.00533321670041093	2.54542438365195	0.808386620999786	1.79270555881742	46.8625487551685	0.151485913267585
