snp	pvalues.df1	MAF.df1	N.df1	V.df1	z.df1	r.df1	lABF.df1	pvalues.df2	MAF.df2	N.df2	V.df2	z.df2	r.df2	lABF.df2	internal.sum.lABF	SNP.PP.H4
SNP.1	5.226e-21	0.405195	741481	2.79789420732159e-06	9.40453655379809	0.999875664607554	39.7208915218881	2.63377e-06	0.405195	581	0.00357071496512739	4.69749083422202	0.863037320997769	8.52804865662868	48.2489401785168	0.00104116696832002
SNP.2	3.695e-23	0.41039	736651	2.80508878047414e-06	9.91191365359462	0.999875344928359	44.621912674178	6.07539e-06	0.41039	581	0.00355657737560251	4.5237485417492	0.863505581552985	7.83978323362546	52.4616959078035	0.0703229285317073
SNP.3	9.35e-23	0.377309	728469	2.92138756200301e-06	9.81874530035889	0.999870177408893	43.7229508224376	2.45333e-06	0.377309	581	0.00366289204114418	4.71197041770472	0.859996668740449	8.56406453105678	52.2870153534944	0.0590519369511201
SNP.4	1.706e-23	0.418182	737075	2.78808387561547e-06	9.98882024751746	0.999876100514069	45.3840638790246	9.18939e-07	0.418182	581	0.00353705150192645	4.90824737468209	0.864153147230793	9.41099664129826	54.7950605203228	0.725210901241152
SNP.5	3.741e-22	0.374674	733544	2.90926841541189e-06	9.67796165107253	0.999870715898078	42.3486671778058	6.8994e-07	0.374674	581	0.00367310910587762	4.96417419265065	0.859660956173802	9.61047637440418	51.9591435522099	0.0425442853947072
SNP.6	4.46e-23	0.409091	743338	2.7825510426599e-06	9.89309970978211	0.999876346356885	44.4316466806016	1.42519e-05	0.409091	581	0.00356002741299264	4.33994404736048	0.863391263693847	7.13571939416931	51.5673660747709	0.0287537463121489
SNP.7	4.924e-23	0.423593	738898	2.77145283634763e-06	9.88318988587065	0.999876839488764	44.3316951162568	1.13835e-05	0.423593	581	0.00352464880872907	4.38907272472252	0.864564980890468	7.32784067914863	51.6595357954054	0.0315299467881645
SNP.8	1.13e-22	0.421875	739817	2.77102317201423e-06	9.7996289244305	0.999876858580254	43.5093621705819	4.6422e-06	0.421875	581	0.0035284854561963	4.58034028851401	0.864437542394296	8.06857972503099	51.5779418956129	0.0290594544897412
SNP.9	2.353e-23	0.406494	734097	2.82317176330254e-06	9.95689362226913	0.999874541441234	45.0718788072544	8.59863e-05	0.406494	581	0.00356709452999157	3.9270718513555	0.86315718746915	5.66129785140515	50.7331766586596	0.0124856333229399
