snp	pvalues.df1	MAF.df1	N.df1	V.df1	z.df1	r.df1	lABF.df1	pvalues.df2	MAF.df2	N.df2	V.df2	z.df2	r.df2	lABF.df2	internal.sum.lABF	SNP.PP.H4
SNP.1	5.226e-21	0.395522	741481	2.82045277830095e-06	9.40453655379809	0.999874662254706	39.724861877107	0.00135075	0.395522	517	0.00404509119247074	3.20497332114268	0.847614341832885	3.41261500590858	43.1374768830156	0.00242812714340281
SNP.2	3.695e-23	0.396707	736651	2.83602510891606e-06	9.91191365359462	0.999873970325085	44.6273285986326	0.00240362	0.396707	517	0.00404092985011243	3.03521785258241	0.84774723896513	2.96384919760804	47.5911777962406	0.208684000931497
SNP.3	9.35e-23	0.364458	728469	2.96324244152815e-06	9.81874530035889	0.99986831767845	43.7299729424075	0.00162817	0.364458	517	0.00417530030587537	3.15081245728847	0.843476914673919	3.25958289665115	46.9895558390587	0.114342598694244
SNP.4	1.706e-23	0.410448	737075	2.80335477228167e-06	9.98882024751746	0.999875421976183	45.3867608166326	0.00717276	0.410448	517	0.00399667837288107	2.68871513450935	0.849163041622168	2.12360220582147	47.5103630224541	0.192482718707878
SNP.5	3.741e-22	0.361446	733544	2.95326747569251e-06	9.67796165107253	0.999868760893711	42.3560799096141	0.00168409	0.361446	517	0.00419023527502783	3.1409357036724	0.843004933008278	3.2325524813345	45.5886323909486	0.028170511666446
SNP.6	4.46e-23	0.395522	743338	2.81340674969848e-06	9.89309970978211	0.999874975333135	44.4370928852573	0.00248406	0.395522	517	0.00404509119247074	3.02527640370334	0.847614341832885	2.93813886073211	47.3752317459894	0.168153138061557
SNP.7	4.924e-23	0.412308	738898	2.79263368953035e-06	9.88318988587065	0.999875898350263	44.3354554081048	0.00840838	0.412308	517	0.00399124071165686	2.63521582541754	0.849337343044842	2.00269717408772	46.3381525821925	0.059608366187309
SNP.8	1.13e-22	0.414414	739817	2.78497046599309e-06	9.7996289244305	0.999876238853562	43.511842423897	0.00581535	0.414414	517	0.00398523886893541	2.75801516495514	0.849529812109427	2.28404182373516	45.7958842476322	0.0346579661291676
SNP.9	2.353e-23	0.392537	734097	2.85638093335477e-06	9.95689362226913	0.999873065850619	45.0776521365096	0.00481444	0.392537	517	0.00405582335402889	2.81919407042751	0.847271790448419	2.42744908290033	47.5051012194099	0.191472572478499
