snp	pvalues.df1	MAF.df1	N.df1	V.df1	z.df1	r.df1	lABF.df1	pvalues.df2	MAF.df2	N.df2	V.df2	z.df2	r.df2	lABF.df2	internal.sum.lABF	SNP.PP.H4
SNP.1	5.226e-21	0.400783	741481	2.80786717363691e-06	9.40453655379809	0.999875221475017	39.722650762191	8.44753e-06	0.400783	515	0.00404267992189412	4.4535162791432	0.847691343383926	7.46555026476028	47.1882010269512	0.00117293427909
SNP.2	3.695e-23	0.400524	736651	2.8268832725101e-06	9.91191365359462	0.999874376526684	44.625734418285	1.69716e-05	0.400524	515	0.00404354638752978	4.30140830936147	0.847663672046873	6.90095245191146	51.5266868701965	0.0898367723637657
SNP.3	9.35e-23	0.369393	728469	2.94653416199636e-06	9.81874530035889	0.999869060073643	43.7271818655252	1.92943e-05	0.369393	515	0.00416788115428219	4.27290462351958	0.843711574602809	6.77409623173167	50.5012780972569	0.0322199430544952
SNP.4	1.706e-23	0.408616	737075	2.80720019048847e-06	9.98882024751746	0.999875251111316	45.3874375971351	3.33887e-06	0.408616	515	0.00401770306874619	4.64879057794688	0.848489778381995	8.22491289617296	53.6123504933081	0.723179893384444
SNP.5	3.741e-22	0.364116	733544	2.94392115606634e-06	9.67796165107253	0.999869176176842	42.3545146871064	6.54608e-06	0.364116	515	0.00419319553496219	4.50793766690603	0.842911444249152	7.63914051209626	49.9936551992027	0.0193939800710181
SNP.6	4.46e-23	0.403394	743338	2.79490221900321e-06	9.89309970978211	0.999875797551764	44.4338340362312	2.42719e-05	0.403394	515	0.00403409131197943	4.22146560060194	0.847965725882682	6.61387720685358	51.0477112430848	0.0556464762677214
SNP.7	4.924e-23	0.420054	738898	2.7777479212454e-06	9.88318988587065	0.999876559776204	44.3328157289612	7.3372e-05	0.420054	515	0.00398538326895608	3.96507783955933	0.849525180418008	5.73107068679214	50.0638864157533	0.0208050122003188
SNP.8	1.13e-22	0.414698	739817	2.7844136155725e-06	9.7996289244305	0.999876263596345	43.5117436401259	2.52455e-05	0.414698	515	0.0039999155880233	4.21259364092676	0.849059308331115	6.58824582676149	50.0999894668874	0.0215698602178048
SNP.9	2.353e-23	0.403394	734097	2.83008515995762e-06	9.95689362226913	0.999874234256347	45.0730863322266	9.18466e-05	0.403394	515	0.00403409131197943	3.91117917879109	0.847965725882682	5.54397797000578	50.6170643022324	0.0361751281613433
