snp	pvalues.df1	MAF.df1	N.df1	V.df1	z.df1	r.df1	lABF.df1	pvalues.df2	MAF.df2	N.df2	V.df2	z.df2	r.df2	lABF.df2	internal.sum.lABF	SNP.PP.H4
SNP.1	5.226e-21	0.402174	741481	2.80466624559564e-06	9.40453655379809	0.999875363703005	39.7220868050926	7.77031e-05	0.402174	605	0.00343736649991818	3.95137609379293	0.867474344400808	5.76161075596897	45.4836975610616	0.00189901184188748
SNP.2	3.695e-23	0.405797	736651	2.81491023041893e-06	9.91191365359462	0.999874908528482	44.6236386097175	0.000145033	0.405797	605	0.00342744865479063	3.79942362238651	0.867806173278938	5.25191699124345	49.875555600961	0.153421909942587
SNP.3	9.35e-23	0.376226	728469	2.92471030547447e-06	9.81874530035889	0.999870029769769	43.7235120013488	8.66338e-05	0.376226	605	0.00352158808515485	3.92526641976591	0.864666673162662	5.661262240882	49.3847742422308	0.0939169000106648
SNP.4	1.706e-23	0.414251	737075	2.79565259234988e-06	9.98882024751746	0.999875764210122	45.385402427248	0.000188291	0.414251	605	0.00340595972645667	3.73422915188898	0.868526016313601	5.04109319757102	50.426495624819	0.266169076134167
SNP.5	3.741e-22	0.373786	733544	2.91204466182628e-06	9.67796165107253	0.999870592541265	42.3491382498613	6.29977e-05	0.373786	605	0.00353076510647057	4.00129146865581	0.864361839076604	5.92047835816898	48.2696166080303	0.0307919322161784
SNP.6	4.46e-23	0.405797	743338	2.78958755794583e-06	9.89309970978211	0.999876033700307	44.4328940278895	9.11133e-05	0.405797	605	0.00342744865479063	3.91311451280551	0.867806173278938	5.6323828855596	50.0652769134491	0.185473686466443
SNP.7	4.924e-23	0.422693	738898	2.77302403662316e-06	9.88318988587065	0.999876769674846	44.3319750528887	0.000253883	0.422693	605	0.00338674696630211	3.6583108587315	0.869170623457988	4.79922816860871	49.1312032214974	0.0728818274997909
SNP.8	1.13e-22	0.416465	739817	2.78099545463875e-06	9.7996289244305	0.999876415477038	43.5111368291185	0.000186617	0.416465	605	0.00340070696572641	3.73647633928331	0.868702156654393	5.04894289096802	48.5600797200865	0.0411702466464293
SNP.9	2.353e-23	0.404589	734097	2.82738943136714e-06	9.95689362226913	0.999874354036387	45.0726158398297	0.0002497	0.404589	605	0.00343070760231127	3.66256742485649	0.867697108195941	4.80848743044803	49.8811032702778	0.154275409241851
