snp	pvalues.df1	MAF.df1	N.df1	V.df1	z.df1	r.df1	lABF.df1	pvalues.df2	MAF.df2	N.df2	V.df2	z.df2	r.df2	lABF.df2	internal.sum.lABF	SNP.PP.H4
SNP.1	5.226e-21	0.392971	741481	2.82683224089619e-06	9.40453655379809	0.999874378794186	39.7259788517153	0.00137071	0.392971	469	0.00446917355397003	3.20074874531935	0.834285854365302	3.37479724999726	43.1007761017125	0.00202494545215137
SNP.2	3.695e-23	0.397436	736651	2.83424792303311e-06	9.91191365359462	0.999874049291222	44.6270190955937	0.00655061	0.397436	469	0.00445170909754854	2.71886620030177	0.834826463826984	2.18523672918152	46.8122558247752	0.0828492329928839
SNP.3	9.35e-23	0.36246	728469	2.9702390604436e-06	9.81874530035889	0.999868006799596	43.7311369779158	0.000899114	0.36246	469	0.00461349057168931	3.32032906665338	0.829845199772747	3.68882618352052	47.4199631614363	0.152129148718691
SNP.4	1.706e-23	0.404153	737075	2.8169410541424e-06	9.98882024751746	0.999874818292238	45.3891477633476	0.00331659	0.404153	469	0.00442707212682731	2.93676156135414	0.835590289728654	2.70060596598692	48.0897537293346	0.297234203079703
SNP.5	3.741e-22	0.359677	733544	2.95959351002332e-06	9.67796165107253	0.999868479810501	42.3571364829827	0.000407359	0.359677	469	0.00462898094182633	3.53526980284825	0.829371366666797	4.29866373938074	46.6558002223634	0.0708501358550558
SNP.6	4.46e-23	0.397764	743338	2.80796365566768e-06	9.89309970978211	0.999875217187997	44.4361365555201	0.00297269	0.397764	469	0.00445046074174137	2.9705479445578	0.834865133312975	2.78299332563177	47.2191298811519	0.124449068322534
SNP.7	4.924e-23	0.405229	738898	2.80759984986568e-06	9.88318988587065	0.999875233353109	44.3380950214982	0.00352981	0.405229	469	0.00442330472039669	2.91738392575635	0.835707214759351	2.65335335959189	46.9914483810901	0.0991084834249782
SNP.8	1.13e-22	0.40836	739817	2.79733818821779e-06	9.7996289244305	0.999875689313369	43.514031286827	0.00411527	0.40836	469	0.00441261907546423	2.8691880875481	0.836039031983805	2.53717365840413	46.0512049452311	0.0387051089875647
SNP.9	2.353e-23	0.391374	734097	2.85939453627341e-06	9.95689362226913	0.99987293194673	45.0781726750552	0.00637801	0.391374	469	0.00447563528975416	2.72768697533535	0.834086009775863	2.20477228037245	47.2829449554276	0.132649673166436
