snp	pvalues.df1	MAF.df1	N.df1	V.df1	z.df1	r.df1	lABF.df1	pvalues.df2	MAF.df2	N.df2	V.df2	z.df2	r.df2	lABF.df2	internal.sum.lABF	SNP.PP.H4
SNP.1	5.226e-21	0.410569	741481	2.7864474014052e-06	9.40453655379809	0.999876173228239	39.718864461889	0.0880253	0.410569	368	0.00561439621098188	1.70590751692519	0.800301732647959	0.359013364270232	40.0778778261593	0.000517144941068998
SNP.2	3.695e-23	0.406504	736651	2.81336190122553e-06	9.91191365359462	0.999874977325902	44.6233669251551	0.0676795	0.406504	368	0.00563170070081436	1.82713482681786	0.799809447686491	0.530807795933552	45.1541747210887	0.0828361699701804
SNP.3	9.35e-23	0.36875	728469	2.94866550438059e-06	9.81874530035889	0.999868965372129	43.7275387918288	0.0376878	0.36875	368	0.00583698753073539	2.07823413005511	0.794015241584718	0.924722032467157	44.652260824296	0.0501466094828682
SNP.4	1.706e-23	0.408537	737075	2.80736800493231e-06	9.98882024751746	0.999875243654757	45.3874671105207	0.0199322	0.408537	368	0.00562293688107468	2.3276217027193	0.800058688576774	1.36242239935198	46.7498895098727	0.408535817166697
SNP.5	3.741e-22	0.366255	733544	2.93660630560926e-06	9.67796165107253	0.999869501196356	42.3532861595352	0.0173151	0.366255	368	0.00585361395609195	2.379947601273	0.793549634795875	1.45854468516031	43.8118308446955	0.0216395124784436
SNP.6	4.46e-23	0.412602	743338	2.77536353087145e-06	9.89309970978211	0.999876665722959	44.4303692653111	0.0449691	0.412602	368	0.00560606841388838	2.00494338380293	0.800538861169278	0.802934318192223	45.2333035835033	0.0896572138661763
SNP.7	4.924e-23	0.425532	738898	2.76813614912233e-06	9.88318988587065	0.9998769868608	44.3311036629182	0.0165335	0.425532	368	0.00555807137041901	2.39692073268251	0.80190828881137	1.49406079376155	45.8251644566798	0.162041834084697
SNP.8	1.13e-22	0.418699	739817	2.7767878732905e-06	9.7996289244305	0.99987660243447	43.5103888384178	0.0153706	0.418699	368	0.00558237737514717	2.42352725115184	0.801214216995476	1.54519582639328	45.0555846648111	0.0750590205792721
SNP.9	2.353e-23	0.416667	734097	2.80227597570869e-06	9.95689362226913	0.999875469910754	45.0682107675564	0.0870299	0.416667	368	0.00559006083407561	1.7112774884407	0.800995061310284	0.36563244238019	45.4338432099365	0.109566677430593
