snp	pvalues.df1	MAF.df1	N.df1	V.df1	z.df1	r.df1	lABF.df1	pvalues.df2	MAF.df2	N.df2	V.df2	z.df2	r.df2	lABF.df2	internal.sum.lABF	SNP.PP.H4
SNP.1	5.226e-21	0.400277	741481	2.80904461109793e-06	9.40453655379809	0.999875169157525	39.7228580460483	0.0100469	0.400277	532	0.003915137607672	2.57421093682699	0.851784319058975	1.86765739678342	41.5905154428317	0.000505515258168097
SNP.2	3.695e-23	0.405556	736651	2.81544107784546e-06	9.91191365359462	0.999874884941166	44.6237317224225	0.00571457	0.405556	532	0.00389849151397733	2.76372487726032	0.85232142859704	2.2987316070342	46.9224633294567	0.104561020577571
SNP.3	9.35e-23	0.372881	728469	2.93520687310847e-06	9.81874530035889	0.999869563377127	43.7252805365648	0.0021722	0.372881	532	0.00401918649557605	3.06561888732627	0.848442315670334	3.04344408447632	46.7687246210411	0.0896606619455261
SNP.4	1.706e-23	0.411357	737075	2.80147949028758e-06	9.98882024751746	0.999875505301291	45.3864304322809	0.00192025	0.411357	532	0.00388139190846564	3.10229730507812	0.852873877089854	3.14590255506206	48.532332987343	0.52303087034695
SNP.5	3.741e-22	0.365922	733544	2.93773507864095e-06	9.67796165107253	0.999869451041761	42.3534759387653	0.00100967	0.365922	532	0.00405067282053871	3.28781824709825	0.84743615169687	3.64019992635832	45.9936758651236	0.0413049920532958
SNP.6	4.46e-23	0.401662	743338	2.79882882248458e-06	9.89309970978211	0.999875623079432	44.4345273760098	0.00683087	0.401662	532	0.00391066883317302	2.70497903712086	0.851928443846866	2.16171273558537	46.5962401115952	0.0754558420843603
SNP.7	4.924e-23	0.415714	738898	2.78589909614018e-06	9.88318988587065	0.999876197591328	44.3342629378981	0.0079888	0.415714	532	0.00386935201191689	2.65254279562582	0.85326328799554	2.04221542856012	46.3764783664582	0.0605691608669309
SNP.8	1.13e-22	0.4125	739817	2.78877755162215e-06	9.7996289244305	0.999876069691664	43.512517255578	0.00408703	0.4125	532	0.00387816737200836	2.87136524068087	0.852978134632517	2.55770378755801	46.0702210431361	0.0445908438735854
SNP.9	2.353e-23	0.401662	734097	2.83406119252366e-06	9.95689362226913	0.999874057588266	45.0737794515967	0.0214403	0.401662	532	0.00391066883317302	2.30013981901314	0.851928443846866	1.2985948913595	46.3723743429562	0.0603210929936146
