snp	pvalues.df1	MAF.df1	N.df1	V.df1	z.df1	r.df1	lABF.df1	pvalues.df2	MAF.df2	N.df2	V.df2	z.df2	r.df2	lABF.df2	internal.sum.lABF	SNP.PP.H4
SNP.1	5.226e-21	0.405195	741481	2.79789420732159e-06	9.40453655379809	0.999875664607554	39.7208915218881	0.000435622	0.405195	581	0.00357071496512739	3.5175063059339	0.863037320997769	4.34509251961188	44.0659840415	0.000934846738660903
SNP.2	3.695e-23	0.41039	736651	2.80508878047414e-06	9.91191365359462	0.999875344928359	44.621912674178	0.000572495	0.41039	581	0.00355657737560251	3.44432127009318	0.863505581552985	4.12629826587527	48.7482109400533	0.100973107554781
SNP.3	9.35e-23	0.377309	728469	2.92138756200301e-06	9.81874530035889	0.999870177408893	43.7229508224376	0.000158624	0.377309	581	0.00366289204114418	3.77716445081784	0.859996668740449	5.15172935959987	48.8746801820375	0.114585751207538
SNP.4	1.706e-23	0.418182	737075	2.78808387561547e-06	9.98882024751746	0.999876100514069	45.3840638790246	0.000448154	0.418182	581	0.00353705150192645	3.50997193075969	0.864153147230793	4.32502790078361	49.7090917798082	0.263943498473893
SNP.5	3.741e-22	0.374674	733544	2.90926841541189e-06	9.67796165107253	0.999870715898078	42.3486671778058	0.000188628	0.374674	581	0.00367310910587762	3.73377903280646	0.859660956173802	5.01046517814392	47.3591323559497	0.0251730917279061
SNP.6	4.46e-23	0.409091	743338	2.7825510426599e-06	9.89309970978211	0.999876346356885	44.4316466806016	0.000448334	0.409091	581	0.00356002741299264	3.50986515221616	0.863391263693847	4.32280751585778	48.7544541964594	0.101605480534632
SNP.7	4.924e-23	0.423593	738898	2.77145283634763e-06	9.88318988587065	0.999876839488764	44.3316951162568	0.000413359	0.423593	581	0.00352464880872907	3.53140456115223	0.864564980890468	4.39128467964554	48.7229797959023	0.098457312184279
SNP.8	1.13e-22	0.421875	739817	2.77102317201423e-06	9.7996289244305	0.999876858580254	43.5093621705819	0.000557882	0.421875	581	0.0035284854561963	3.4513053538201	0.864437542394296	4.14921622821697	47.6585783987989	0.0339613012653562
SNP.9	2.353e-23	0.406494	734097	2.82317176330254e-06	9.95689362226913	0.999874541441234	45.0718788072544	0.000308612	0.406494	581	0.00356709452999157	3.60796172760193	0.86315718746915	4.62356475000805	49.6954435572625	0.260365610312955
