snp	pvalues.df1	MAF.df1	N.df1	V.df1	z.df1	r.df1	lABF.df1	pvalues.df2	MAF.df2	N.df2	V.df2	z.df2	r.df2	lABF.df2	internal.sum.lABF	SNP.PP.H4
SNP.1	8.835e-32	0.126615	724327	6.2422972006414e-06	11.7310555252801	0.99972264151793	64.6946472907514	0.000381781	0.126615	584	0.00774223356926196	3.5523676662058	0.743992666694727	4.01306470011347	68.7077119908649	0.302503953986577
SNP.10	8.271e-31	0.168814	721632	4.93795969701948e-06	11.5402235383122	0.99978058327884	62.3615001532256	0.000128305	0.168814	584	0.00610169474671158	3.82968959185533	0.786666671302297	4.99638245966753	67.3578826128931	0.0784345854043148
SNP.11	7.135e-28	0.16273	720670	5.09214082647679e-06	10.9435502751778	0.999773733837897	55.670198077033	7.12643e-05	0.16273	584	0.00628382385174148	3.97202479501554	0.781689052708635	5.4054292210069	61.0756272980399	0.000146608377713974
SNP.2	1.598e-30	0.130155	718206	6.14919474602788e-06	11.4834366180985	0.999726777126872	61.81403206879	0.000609076	0.130155	584	0.00756230918110565	3.42754025205353	0.748445499128237	3.70633309933464	65.5203651681247	0.0124877420313317
SNP.3	6.083e-32	0.128866	723213	6.15857830241779e-06	11.7626023482657	0.999726360307958	65.0586276153427	0.000500682	0.128866	584	0.00762665049627822	3.48039127093776	0.746847048356059	3.83644451790554	68.8950721332482	0.36483839087194
SNP.4	1.681e-31	0.124352	705575	6.50795416008938e-06	11.6764871242252	0.999710841229864	64.0761964553743	0.000389642	0.124352	584	0.00786275643237169	3.5470017520786	0.741039439225989	3.98605088441348	68.0622473397878	0.158638764695257
SNP.5	4.685e-30	0.130155	715913	6.16889002122562e-06	11.3900910322163	0.999725902260337	60.7482940386573	0.000347771	0.130155	584	0.00756230918110565	3.57684142124009	0.748445499128237	4.09768117004355	64.8459752087008	0.00636209398603967
SNP.6	1.71e-30	0.125	715897	6.38559537395543e-06	11.4775799224017	0.999716276283151	61.7649774775614	0.000128028	0.125	584	0.00782778864970646	3.83022142671145	0.741893853847395	4.76482038849688	66.5297978660583	0.0342669119913814
SNP.7	1.445e-30	0.127577	721353	6.22762810763955e-06	11.4921326036632	0.999723293116441	61.9200077768494	0.000639923	0.127577	584	0.00769232571631868	3.41410333480941	0.745222485058147	3.65951219050631	65.5795199673557	0.0132487382953571
SNP.8	5.418e-29	0.127907	700447	6.39937575144081e-06	11.1747873234802	0.999715664169795	58.3375052613353	0.000634961	0.127907	584	0.00767538278590661	3.41622354157835	0.745640913974043	3.66652805109452	62.0040333124298	0.000370988457017319
SNP.9	1.024e-30	0.130155	719372	6.13922777334356e-06	11.521840526119	0.999727219861603	62.2548761692852	0.000347771	0.130155	584	0.00756230918110565	3.57684142124009	0.748445499128237	4.09768117004355	66.3525573393288	0.0287012219030771
