snp	pvalues.df1	MAF.df1	N.df1	V.df1	z.df1	r.df1	lABF.df1	pvalues.df2	MAF.df2	N.df2	V.df2	z.df2	r.df2	lABF.df2	internal.sum.lABF	SNP.PP.H4
SNP.1	8.835e-32	0.133673	724327	5.96087185040571e-06	11.7310555252801	0.999735142530268	64.6724479721294	0.000272607	0.133673	706	0.00611560966683969	3.64002931780032	0.786284138690689	4.437505123511	69.1099530956404	0.402835509351877
SNP.10	8.271e-31	0.169043	721632	4.93262930594251e-06	11.5402235383122	0.999780820081215	62.360976012227	0.00245401	0.169043	706	0.00504184582337947	3.02895528717591	0.816938710073687	2.89856361214874	65.2595396243758	0.00856868982746234
SNP.11	7.135e-28	0.170455	720670	4.90663627933436e-06	10.9435502751778	0.999781974821818	55.6521408212906	0.000577146	0.170455	706	0.0050085914552803	3.44213319316596	0.817926284469251	3.99383837315555	59.6459791944461	3.12590736561085e-05
SNP.2	1.598e-30	0.137475	718206	5.87118216200174e-06	11.4834366180985	0.999739126643244	61.7917199395313	0.000230435	0.137475	706	0.00597268874765244	3.68307757108833	0.790230954280885	4.57889124239313	66.3706111819244	0.0260283518461713
SNP.3	6.083e-32	0.135438	723213	5.9042821776246e-06	11.7626023482657	0.999737656301049	65.0383306772682	0.000557633	0.135438	706	0.00604823459847934	3.45142582989538	0.7881398032647	3.91838041857908	68.9567110958473	0.345601477969024
SNP.4	1.681e-31	0.128834	705575	6.31386674321947e-06	11.6764871242252	0.999719462423718	64.0616500451178	0.000444576	0.128834	706	0.0063100659027579	3.51210279917811	0.780977040314446	4.05733424083374	68.1189842859516	0.149539340228583
SNP.5	4.685e-30	0.136456	715913	5.92696889721035e-06	11.3900910322163	0.999736648532389	60.7289934989646	0.000614872	0.136456	706	0.00601018992083365	3.42496792827978	0.789191515822147	3.85036556600204	64.5793590649666	0.00434026012334503
SNP.6	1.71e-30	0.133401	715897	6.04146401670212e-06	11.4775799224017	0.999731562566151	61.7382928101349	0.000276863	0.133401	706	0.00612615575802408	3.63603847268183	0.785994465697446	4.42485159408475	66.1631444042197	0.0211516860676152
SNP.7	1.445e-30	0.133401	721353	5.99576901345804e-06	11.4921326036632	0.999733592369118	61.9017222928699	0.00043547	0.133401	706	0.00612615575802408	3.5175989259054	0.785994465697446	4.0918754251013	65.9935977179712	0.0178530245344047
SNP.8	5.418e-29	0.133673	700447	6.16409296461948e-06	11.1747873234802	0.999726115346038	58.3194333144735	0.000433523	0.133673	706	0.00611560966683969	3.51878799144298	0.786284138690689	4.09627962445432	62.4157129389278	0.000498719311515075
SNP.9	1.024e-30	0.135438	719372	5.93580737994586e-06	11.521840526119	0.999736255917961	62.2386325151745	0.000477732	0.135438	706	0.00604823459847934	3.49294102681816	0.7881398032647	4.03198949347187	66.2706220086464	0.0235516816663507
