snp	pvalues.df1	MAF.df1	N.df1	V.df1	z.df1	r.df1	lABF.df1	pvalues.df2	MAF.df2	N.df2	V.df2	z.df2	r.df2	lABF.df2	internal.sum.lABF	SNP.PP.H4
SNP.1	4.35e-169	0.441253	709406	2.85872428851542e-06	27.7170549703906	0.99987296172795	379.583259402619	0.00692138	0.441253	584	0.00347259616886742	2.70060348945719	0.866297687520745	2.15299704337623	381.736256445995	7.16507180034163e-12
SNP.10	4.8e-180	0.448052	729734	2.77063195328933e-06	28.6117414517965	0.999876875963471	404.764318687722	0.0125663	0.448052	584	0.00346202797568774	2.49582946081801	0.866650325662935	1.69186357158072	406.456182259302	0.389895228661158
SNP.11	6.57e-180	0.449612	725132	2.78641681987162e-06	28.6007817630558	0.999876174587082	404.453394870616	0.0166167	0.449612	584	0.00345979452299169	2.39508086681841	0.866724887982936	1.47827579157661	405.931670662192	0.230757289064721
SNP.2	3.83e-178	0.457474	731426	2.7543088500504e-06	28.4584544259166	0.999877601256617	400.388136559579	0.00203625	0.457474	584	0.0034496114810907	3.08489357626234	0.86706500466859	3.11679418848371	403.504930748063	0.0203814780018028
SNP.3	1.35e-140	0.411917	720643	2.86418780183303e-06	25.2430546009986	0.999872718966887	314.080793777479	0.00081836	0.411917	584	0.00353434398985678	3.3465090777082	0.86424301717632	3.84093748740717	317.921731264886	1.38332554016545e-39
SNP.4	5.26e-121	0.395619	729857	2.86512967570307e-06	23.3911392282003	0.999872677116483	269.05347297786	0.00138681	0.395619	584	0.0035807105303418	3.19738228758369	0.862706557546579	3.41701654988277	272.470489527743	2.52174351842478e-59
SNP.5	2.93e-122	0.395349	725085	2.88466684753951e-06	23.5140464021846	0.999871809019588	271.938755354538	0.00142534	0.395349	584	0.0035815559266236	3.18946986275243	0.86267859414907	3.39517749745306	275.333932851991	4.4185375307181e-58
SNP.6	8.04e-180	0.449742	736789	2.74218694409177e-06	28.5937297139657	0.999878139876407	404.244554625657	0.0124226	0.449742	584	0.00345961160333978	2.49990675173009	0.866730995201227	1.70063951037027	405.945194136027	0.233899125615194
SNP.7	1.5e-177	0.457364	730416	2.75822154294523e-06	28.4105019678251	0.999877427401753	399.025439857333	0.00205183	0.457364	584	0.00344974168923268	3.08262577860692	0.867060653992403	3.11072619785973	402.136166055193	0.00518547710822974
SNP.8	1.03e-178	0.449612	715874	2.82245199773584e-06	28.5045086654733	0.999874573422789	401.710657136771	0.0125298	0.449612	584	0.00345979452299169	2.49686117128319	0.866724887982936	1.69404840423104	403.404705541002	0.0184377711470667
SNP.9	1.86e-179	0.449742	733163	2.75574896216862e-06	28.5644177300699	0.999877537267306	403.409167968998	0.0124226	0.449742	584	0.00345961160333978	2.49990675173009	0.866730995201227	1.70063951037027	405.109807479368	0.101443630394691
