snp	pvalues.df1	MAF.df1	N.df1	V.df1	z.df1	r.df1	lABF.df1	pvalues.df2	MAF.df2	N.df2	V.df2	z.df2	r.df2	lABF.df2	internal.sum.lABF	SNP.PP.H4
SNP.1	4.35e-169	0.44226	709406	2.85736481813809e-06	27.7170549703906	0.999873022133509	379.5830448034	2.32151e-08	0.44226	605	0.00335046569615879	5.58615578761315	0.870390509186972	12.5587126834726	392.141757486872	2.43342353331421e-11
SNP.10	4.8e-180	0.441748	729734	2.77843693263241e-06	28.6117414517965	0.999876529161036	404.765583102041	1.03822e-07	0.441748	605	0.00335127255635964	5.31990403671328	0.870363342885602	11.294731556402	416.060314658443	0.594175989976688
SNP.11	6.57e-180	0.440678	725132	2.79749720803223e-06	28.6007817630558	0.999875682247579	404.455177599754	3.06267e-07	0.440678	605	0.00335298305033856	5.11954911628147	0.870305757606001	10.3839748020912	414.839152401845	0.175214913624126
SNP.2	3.83e-178	0.454106	731426	2.75761764359562e-06	28.4584544259166	0.999877454235145	400.388677248099	2.50192e-07	0.454106	605	0.00333387312823896	5.15755752322726	0.870949543195104	10.5600270360281	410.948704284127	0.0035807245943442
SNP.3	1.35e-140	0.403893	720643	2.88176978705375e-06	25.2430546009986	0.999871937744839	314.083604382159	2.85575e-09	0.403893	605	0.0034326069828955	5.93968227504315	0.867633555501783	14.2938896763977	328.377494058557	4.94026168664831e-39
SNP.4	5.26e-121	0.387409	729857	2.88663523860422e-06	23.3911392282003	0.999871721557976	269.056950052982	4.29245e-08	0.387409	605	0.0034823651823834	5.47837692257956	0.865971971452987	11.9901879633357	281.047138016318	1.37542685156405e-59
SNP.5	2.93e-122	0.387409	725085	2.90563304349415e-06	23.5140464021846	0.999870877428414	271.942118278404	4.15765e-08	0.387409	605	0.0034823651823834	5.48402116356203	0.865971971452987	12.0169787185742	283.959096996979	2.52979433294962e-58
SNP.6	8.04e-180	0.440821	736789	2.75304773990398e-06	28.5937297139657	0.999877657292241	404.246333508713	5.10299e-07	0.440821	605	0.00335275254749771	5.02239950248842	0.870313517242007	9.95529254286642	414.20162605158	0.0926183186831709
SNP.7	1.5e-177	0.455314	730416	2.76021244302663e-06	28.4105019678251	0.999877338939003	399.02576488412	1.18364e-07	0.455314	605	0.00333240220129874	5.2960043797297	0.870999136072169	11.1907767665536	410.216541650674	0.00172185560107685
SNP.8	1.03e-178	0.441889	715874	2.83204168759325e-06	28.5045086654733	0.999874147321442	401.712179761538	2.98054e-07	0.441889	605	0.00335104960506468	5.1246733614038	0.870370849297811	10.4074213990246	412.119601160563	0.011547420249778
SNP.9	1.86e-179	0.444444	733163	2.76200572724169e-06	28.5644177300699	0.99987725925704	403.410188345736	1.3744e-07	0.444444	605	0.00334710810744083	5.26863759744581	0.870503574576791	11.0599040754375	414.470092421173	0.121140777246471
