snp	pvalues.df1	MAF.df1	N.df1	V.df1	z.df1	r.df1	lABF.df1	pvalues.df2	MAF.df2	N.df2	V.df2	z.df2	r.df2	lABF.df2	internal.sum.lABF	SNP.PP.H4
SNP.1	2.979e-16	0.488263	718418	2.78542946439539e-06	8.17417385540891	0.999876218458682	28.9059275914565	0.00017295	0.488263	330	0.00606394746955154	3.75556625335536	0.787706251875181	4.78012175394067	33.6860493453972	0.000365051618980254
SNP.10	2.011e-17	0.495283	745119	2.68437392759484e-06	8.49315604562834	0.999880708724213	31.5455761672233	0.00412833	0.495283	330	0.00606114550471375	2.8681858126607	0.78778352907052	2.46527238730222	34.0108485545256	0.000505141190110142
SNP.11	6.4e-19	0.490521	744257	2.6882099462496e-06	8.88486228188384	0.999880538275198	34.9494164170665	0.00479416	0.490521	330	0.0060627850605027	2.82054867285141	0.787738308863779	2.35845632953833	37.3078727466048	0.0136550154676679
SNP.12	6.243e-17	0.488263	742671	2.69446722027925e-06	8.36054344949984	0.999880260240648	30.4300636384099	0.00017295	0.488263	330	0.00606394746955154	3.75556625335536	0.787706251875181	4.78012175394067	35.2101853923505	0.00167601597463281
SNP.13	1.012e-19	0.485782	748030	2.67585326917088e-06	9.0876529272565	0.999881087329942	36.7692470361422	0.0139792	0.485782	330	0.00606551066950878	2.45779743095117	0.787663145963528	1.60425458119077	38.3735016173329	0.0396359192300015
SNP.14	4.02e-19	0.471429	740508	2.7096963292083e-06	8.93641502513757	0.999879583553902	35.4126713318917	0.00642341	0.471429	330	0.00608046002833144	2.7253461746906	0.787251149131121	2.14983713237456	37.5625084642663	0.0176148554438152
SNP.15	6.924e-15	0.483568	740164	2.70502540044913e-06	7.78586107487413	0.999879791100786	25.793033078023	0.0124663	0.483568	330	0.00606715884999404	2.49866242380791	0.787617701786424	1.68398860851827	27.4770216865412	7.34188924317162e-07
SNP.16	3.359e-17	0.488263	737731	2.71250993241711e-06	8.43335283962372	0.999879458535	31.0446751393311	0.00017295	0.488263	330	0.00606394746955154	3.75556625335536	0.787706251875181	4.78012175394067	35.8247968932718	0.00309884987423607
SNP.17	2.554e-19	0.492754	752139	2.65964153482495e-06	8.98642623135644	0.999881807680639	35.8515571272552	0.0127468	0.492754	330	0.00606187916473244	2.49076611140266	0.787763293522455	1.66858203662949	37.5201391638847	0.0168841161122117
SNP.18	5.553e-19	0.487864	744352	2.68848468805815e-06	8.90063116523348	0.999880526067368	35.0896789598284	0.0065477	0.487864	330	0.00606417865007715	2.71901317507196	0.787699876675405	2.1368682871527	37.226547246981	0.0125884709113696
SNP.19	1.546e-19	0.488263	749855	2.66865282614907e-06	9.04145507279125	0.99988140727363	36.3491998617165	0.0117335	0.488263	330	0.00606394746955154	2.52005949512168	0.787706251875181	1.7263508118342	38.0755506735507	0.0294232393039954
SNP.2	2.498e-16	0.488263	729110	2.74458266235823e-06	8.19538131239254	0.999878033425999	29.0721597623205	0.00017295	0.488263	330	0.00606394746955154	3.75556625335536	0.787706251875181	4.78012175394067	33.8522815162612	0.000431070192430475
SNP.20	4.94e-17	0.488263	732851	2.73057233319189e-06	8.38811472907553	0.9998786559558	30.6675250888957	0.00017295	0.488263	330	0.00606394746955154	3.75556625335536	0.787706251875181	4.78012175394067	35.4476468428363	0.00212523202341249
SNP.21	9.691e-20	0.490521	748075	2.67448995082831e-06	9.09236247064876	0.999881147907462	36.8117994559895	0.0112081	0.490521	330	0.0060627850605027	2.53614286206779	0.787738308863779	1.75840683493748	38.5702062909269	0.0482521522011163
SNP.22	3.206e-19	0.483568	747611	2.67808047299736e-06	8.9613937591333	0.999880988366655	35.6303656893887	0.00246599	0.483568	330	0.00606715884999404	3.02748371607795	0.787617701786424	2.83483343985129	38.46519912924	0.043442284773074
SNP.23	2.541e-19	0.492958	751208	2.66290667407728e-06	8.98698729109302	0.999881662597661	35.8572061334373	0.00712066	0.492958	330	0.00606180847521286	2.69114798932365	0.787765243210228	2.07757611145804	37.9347822448954	0.0255596870568744
SNP.24	3.281e-19	0.492958	748394	2.67291934037451e-06	8.95884398111036	0.999881217695784	35.6065668942094	0.00712066	0.492958	330	0.00606180847521286	2.69114798932365	0.787765243210228	2.07757611145804	37.6841430056674	0.0198931837262378
SNP.25	1.911e-19	0.483491	749795	2.67030689223507e-06	9.01826019069711	0.999881333777022	36.140085002562	0.0306879	0.483491	330	0.00606722047352543	2.1610963173194	0.787616002783743	1.06453652751363	37.2046215300756	0.0123154635400392
SNP.26	5.771e-20	0.490385	749966	2.66777408495152e-06	9.14853656461239	0.999881446319533	37.3228270690076	0.00673979	0.490385	330	0.00606284805877197	2.70943504853911	0.787736571426742	2.11643856955014	39.4392656385577	0.115065298426772
SNP.27	3.162e-17	0.495283	745371	2.68346637655012e-06	8.44041978104005	0.999880749050194	31.098955048648	0.00169253	0.495283	330	0.00606114550471375	3.13947128758555	0.78778352907052	3.10723328940489	34.2061883380529	0.000614112267855409
SNP.28	1.834e-20	0.497619	747526	2.67555289624238e-06	9.27158499316963	0.999881100676675	38.4574169911249	0.00642647	0.497619	330	0.00606074349792874	2.72518893868614	0.787794617518684	2.15023897572007	40.607655966845	0.370143255567031
SNP.29	7.134e-17	0.495305	744390	2.68700057731835e-06	8.34479089191089	0.99988059201209	30.2971277658864	0.00413433	0.495305	330	0.00606114048409094	2.86772631366855	0.787783667551123	2.46423447126117	32.7613622371476	0.000144799736065443
SNP.3	5.087e-17	0.488263	734626	2.72397473673952e-06	8.38466596976639	0.999878949111237	30.6374068485106	0.00017295	0.488263	330	0.00606394746955154	3.75556625335536	0.787706251875181	4.78012175394067	35.4175286024513	0.00206217807772893
SNP.30	7.88e-19	0.495305	744697	2.685892866159e-06	8.86170483925048	0.999880641231942	34.7435313467526	0.00441844	0.495305	330	0.00606114048409094	2.84663204890709	0.787783667551123	2.41675467547088	37.1602860222235	0.0117813781647092
SNP.31	1.942e-19	0.497561	739524	2.70450667037232e-06	9.01649685185172	0.999879814149914	36.1304867209789	0.0138578	0.497561	330	0.00606075027545582	2.46092844811529	0.787794430573337	1.6104081326467	37.7408948536256	0.0210548090968531
SNP.32	3.504e-19	0.488263	747934	2.67550701659773e-06	8.95158945241309	0.999881102715285	35.5420878902457	0.00979825	0.488263	330	0.00606394746955154	2.58286906876626	0.787706251875181	1.85258576719198	37.3946736574377	0.0148932456561299
SNP.33	4.065e-17	0.497642	745351	2.68335922578935e-06	8.4110085764551	0.999880753811314	30.8511544021925	0.00254629	0.497642	330	0.00606074085545853	3.01778557802065	0.787794690406282	2.81213434316712	33.6632887453596	0.000356836668330341
SNP.34	1.088e-19	0.497409	750236	2.66589940724015e-06	9.07977452858742	0.999881529618795	36.69584547118	0.0114286	0.497409	330	0.00606076881118248	2.52931317501575	0.787793919300607	1.74482761232515	38.4406730835052	0.0423897769956297
SNP.35	3.725e-19	0.492958	750214	2.66643490633372e-06	8.94483672947985	0.999881505824474	35.4799883177262	0.00712066	0.492958	330	0.00606180847521286	2.69114798932365	0.787765243210228	2.07757611145804	37.5575644291843	0.0175279819103921
SNP.36	9.099e-20	0.488263	751623	2.66237550600768e-06	9.09921149915713	0.999881686199545	36.8718419505176	0.0117335	0.488263	330	0.00606394746955154	2.52005949512168	0.787706251875181	1.7263508118342	38.5981927623518	0.0496216337731335
SNP.37	3.491e-17	0.488208	736239	2.71802095404408e-06	8.42884285937726	0.999879213659812	31.0076616392133	0.00017276	0.488208	330	0.00606397887631654	3.75584151330816	0.787705385773674	4.78093201172391	35.7885936509372	0.00298866796655713
SNP.38	4.373e-17	0.495283	745492	2.68303082602568e-06	8.40243887193878	0.999880768403379	30.779059181543	0.00414767	0.495283	330	0.00606114550471375	2.86670685855995	0.78778352907052	2.46193153796161	33.2409907195047	0.000233920225263461
SNP.39	1.531e-16	0.488208	720969	2.77558817256284e-06	8.25406189545526	0.999876655741347	29.5603015627174	0.000172298	0.488208	330	0.00606397887631654	3.75651201932013	0.787705385773674	4.78291587854028	34.3432174412577	0.000704301732267586
SNP.4	3.606e-17	0.488263	731795	2.73451262300509e-06	8.4250487761247	0.999878480874337	30.9786911910055	0.00017295	0.488263	330	0.00606394746955154	3.75556625335536	0.787706251875181	4.78012175394067	35.7588129449462	0.00290097557622014
SNP.40	1.034e-16	0.497653	673067	2.97153785320478e-06	8.30081453808376	0.999867949090714	29.9810500948025	0.00255121	0.497653	330	0.00606073960073631	3.01720050778584	0.787794725015452	2.81074361066966	32.7917937054722	0.000149273937626894
SNP.5	1.95e-15	0.43662	752294	2.70195029504362e-06	7.94448450468501	0.999879927739299	27.0399194402314	0.0048214	0.43662	330	0.00615957877351377	2.81873036719602	0.785077833062702	2.35007658245368	29.389996022685	4.97281184017033e-06
SNP.6	4.457e-17	0.488208	739370	2.70651098798228e-06	8.40020496489331	0.99987972509055	30.7646129586037	0.023424	0.488208	330	0.00606397887631654	2.26644746920715	0.787705385773674	1.24824612300069	32.0128590816044	6.85010108199099e-05
SNP.7	7.899e-19	0.490566	739614	2.70507623762165e-06	8.86143641048295	0.999879788841899	34.7446774792447	0.00484359	0.490566	330	0.0060627644133706	2.81725601310159	0.787738878295249	2.3511457081065	37.0958231873512	0.0110458780190318
SNP.8	1.83e-19	0.485849	749905	2.66914247891259e-06	9.02300453132029	0.999881385516446	36.1826609311921	0.00668095	0.485849	330	0.00606546451711802	2.71234261032522	0.787664418567979	2.12255209428028	38.3052130254723	0.0370195875770908
SNP.9	5.591e-19	0.492958	746873	2.67836271604442e-06	8.8998742409348	0.999880975825505	35.0810749637792	0.00712066	0.492958	330	0.00606180847521286	2.69114798932365	0.787765243210228	2.07757611145804	37.1586510752372	0.0117621319735231
