snp	pvalues.df1	MAF.df1	N.df1	V.df1	z.df1	r.df1	lABF.df1	pvalues.df2	MAF.df2	N.df2	V.df2	z.df2	r.df2	lABF.df2	internal.sum.lABF	SNP.PP.H4
SNP.1	2.979e-16	0.492537	718418	2.78451496237686e-06	8.17417385540891	0.999876259093157	28.9057647841892	6.46682e-05	0.492537	517	0.00386933398499199	3.99509542783844	0.853263871313769	5.84982198206199	34.7555867662512	0.00013555022083588
SNP.10	2.011e-17	0.475976	745119	2.69034597780533e-06	8.49315604562834	0.999880443363152	31.5466776012574	0.000333901	0.475976	517	0.00387742341322307	3.58747088733299	0.853002192349109	4.53037785680419	36.0770554580616	0.000508167387845881
SNP.11	6.4e-19	0.474474	744257	2.69426587130281e-06	8.88486228188384	0.999880269187349	34.9505307808387	0.000683663	0.474474	517	0.00387858072452267	3.39604827773026	0.852964768460156	3.96014118484389	38.9106719656826	0.00864232916334136
SNP.12	6.243e-17	0.492537	742671	2.69358258265215e-06	8.36054344949984	0.999880299548462	30.4299008467225	6.46682e-05	0.492537	517	0.00386933398499199	3.99509542783844	0.853263871313769	5.84982198206199	36.2797228287845	0.000622334834892863
SNP.13	1.012e-19	0.458967	748030	2.69181849342415e-06	9.0876529272565	0.999880377933665	36.7721917267323	0.000957858	0.458967	517	0.00389470210374481	3.3026208614058	0.852443793893312	3.69215897894488	40.4643507056772	0.0408681432361322
SNP.14	4.02e-19	0.444109	740508	2.7350233123836e-06	8.93641502513757	0.999878458182548	35.4172775266284	0.0030162	0.444109	517	0.00391742097293338	2.96608205976959	0.851710695871975	2.79222815152052	38.2095056781489	0.00428665126856522
SNP.15	6.924e-15	0.444776	740164	2.73547324154975e-06	7.78586107487413	0.999878438190557	25.7985879700819	0.000570761	0.444776	517	0.00391624529276292	3.4451412736635	0.851748602068144	4.1002784898622	29.8988664599441	1.0540310393879e-06
SNP.16	3.359e-17	0.492537	737731	2.71161937107273e-06	8.43335283962372	0.999879498105964	31.0445123811655	6.46682e-05	0.492537	517	0.00386933398499199	3.99509542783844	0.853263871313769	5.84982198206199	36.8943343632275	0.00115065865640718
SNP.17	2.554e-19	0.479938	752139	2.6633708169565e-06	8.98642623135644	0.999881641973971	35.8522509497976	0.00187385	0.479938	517	0.00387470998625695	3.10953040074996	0.853089949111253	3.16537245501473	39.0176234048123	0.00961787710054595
SNP.18	5.553e-19	0.475078	744352	2.69359284874158e-06	8.90063116523348	0.999880299092301	35.0906189617294	0.00101776	0.475078	517	0.00387810681653093	3.28557069198385	0.852980092790414	3.64535565226637	38.7359746139958	0.00725705989657695
SNP.19	1.546e-19	0.456587	749855	2.68744228896299e-06	9.04145507279125	0.999880572385149	36.3526733859111	0.000644689	0.456587	517	0.00389785693924632	3.41208122567077	0.852341917443636	4.00518145873605	40.3578548446472	0.036739593097719
SNP.2	2.498e-16	0.492515	729110	2.74368518092598e-06	8.19538131239254	0.999878073304335	29.0719975941948	6.44809e-05	0.492515	517	0.00386933907594766	3.99578255113569	0.853263706579699	5.852163744124	34.9241613383188	0.000160439476371708
SNP.20	4.94e-17	0.492537	732851	2.72967584166612e-06	8.38811472907553	0.9998786957902	30.6673623250733	6.46682e-05	0.492537	517	0.00386933398499199	3.99509542783844	0.853263871313769	5.84982198206199	36.5171843071353	0.000789136844321342
SNP.21	9.691e-20	0.459337	748075	2.69132895347635e-06	9.09236247064876	0.999880399685792	36.8149063620906	0.000490099	0.459337	517	0.00389422805971339	3.48611023537596	0.852459103903201	4.22312770493626	41.0380340670268	0.0725324629825878
SNP.22	3.206e-19	0.48209	747611	2.67862490196048e-06	8.9613937591333	0.999880964175572	35.6304663409797	0.000456086	0.48209	517	0.00387344185992181	3.50530410561387	0.853130968627646	4.28217000611299	39.9126363470927	0.0235384794864453
SNP.23	2.541e-19	0.473054	751208	2.67013345829536e-06	8.98698729109302	0.999881341483368	35.8585481026796	0.000981682	0.473054	517	0.00387974006758054	3.2957245940236	0.852927282162702	3.67374896475146	39.5322970674311	0.016091597274377
SNP.24	3.281e-19	0.473134	748394	2.68012701188526e-06	8.95884398111036	0.999880897431028	35.6079003441339	0.000965228	0.473134	517	0.00387967306563415	3.30047067593474	0.85292944851965	3.68710430512492	39.2950046492589	0.0126924180233848
SNP.25	1.911e-19	0.479042	749795	2.67209048704259e-06	9.01826019069711	0.99988125452496	36.140415596832	0.0019918	0.479042	517	0.00387528063197698	3.09145227184546	0.853071491975761	3.11753045601633	39.2579460528484	0.0122306636550244
SNP.26	5.771e-20	0.460366	749966	2.68365005022778e-06	9.14853656461239	0.999880740888866	37.325763884624	0.000221492	0.460366	517	0.00389293286957278	3.69315147446916	0.852500936943587	4.85682019241847	42.1825840770425	0.227826468690946
SNP.27	3.162e-17	0.476048	745371	2.68939916203945e-06	8.44041978104005	0.999880485433793	31.1000497397034	0.000201859	0.476048	517	0.00387736971529692	3.71667855305258	0.853003928854652	4.93289524883374	36.0329449885372	0.000486239075291401
SNP.28	1.834e-20	0.468563	747526	2.68611079537842e-06	9.27158499316963	0.999880631548511	38.4593657415103	0.000524824	0.468563	517	0.00388382525807746	3.46775578820113	0.852795217521067	4.16960675287687	42.6289724943871	0.356014925053594
SNP.29	7.134e-17	0.474551	744390	2.69374208432914e-06	8.34479089191089	0.999880292461196	30.298370082322	0.000275535	0.474551	517	0.00387851967147731	3.63727752899263	0.85296674264587	4.68373627395998	34.982106356282	0.000170010771219539
SNP.3	5.087e-17	0.492537	734626	2.7230804113125e-06	8.38466596976639	0.999878988849413	30.6372440801054	6.46682e-05	0.492537	517	0.00386933398499199	3.99509542783844	0.853263871313769	5.84982198206199	36.4870660621674	0.000765723777593397
SNP.30	7.88e-19	0.473134	744697	2.69343232876305e-06	8.86170483925048	0.999880306224814	34.7449195890205	0.0010074	0.473134	517	0.00387967306563415	3.28845189100549	0.85292944851965	3.65333220399547	38.398251793016	0.00517713571678308
SNP.31	1.942e-19	0.46904	739524	2.71485129136406e-06	9.01649685185172	0.999879354499699	36.1323766370771	0.000893556	0.46904	517	0.00388336109554104	3.3220596163129	0.852810220749419	3.74782469596141	39.8802013330385	0.0227872573811298
SNP.32	3.504e-19	0.476119	747934	2.6801467093493e-06	8.95158945241309	0.999880896555793	35.5429458442832	0.00122405	0.476119	517	0.00387731692245737	3.23321594007296	0.853005636098027	3.49984572903493	39.0427915733182	0.0098630133272916
SNP.33	4.065e-17	0.474551	745351	2.6902689741528e-06	8.4110085764551	0.999880446784718	30.8524292518167	0.000295025	0.474551	517	0.00387851967147731	3.61962961853229	0.85296674264587	4.62911686949842	35.4815461213151	0.000280143384666399
SNP.34	1.088e-19	0.461279	750236	2.68191195180684e-06	9.07977452858742	0.999880818119267	36.6988100194024	0.00331834	0.461279	517	0.003891812176162	2.93659795698402	0.852537137268762	2.71888339497771	39.4176934143802	0.0143491911429793
SNP.35	3.725e-19	0.473134	750214	2.6736250922175e-06	8.94483672947985	0.999881186336488	35.4813218392721	0.000965228	0.473134	517	0.00387967306563415	3.30047067593474	0.85292944851965	3.68710430512492	39.168426144397	0.0111833526753875
SNP.36	9.099e-20	0.456716	751623	2.68099992411988e-06	9.09921149915713	0.999880858644171	36.875292807356	0.00064511	0.456716	517	0.00389768124945215	3.41190327356435	0.852347590206127	4.00467775033161	40.8799705576876	0.0619278945787618
SNP.37	3.491e-17	0.492492	736239	2.71712183437392e-06	8.42884285937726	0.999879253611034	31.0074976513093	6.48138e-05	0.492492	517	0.00386934441434744	3.99456258398375	0.853263533838856	5.84800416491896	36.8555018162283	0.00110683210562526
SNP.38	4.373e-17	0.474474	745492	2.6898024855776e-06	8.40243887193878	0.999880467512587	30.7803087618461	0.000556397	0.474474	517	0.00387858072452267	3.4520245983832	0.852964768460156	4.12362464442332	34.9039334062694	0.000157226720792379
SNP.39	1.531e-16	0.492537	720969	2.77466253090057e-06	8.25406189545526	0.99987669687083	29.5601362096017	6.46682e-05	0.492537	517	0.00386933398499199	3.99509542783844	0.853263871313769	5.84982198206199	35.4099581916637	0.000260789516177792
SNP.4	3.606e-17	0.490991	731795	2.7338933820394e-06	8.4250487761247	0.99987850838947	30.9785789415397	2.98409e-05	0.490991	517	0.00386972825437045	4.17467710264012	0.853251113661776	6.47568367162611	37.4542626131658	0.00201428193696158
SNP.40	1.034e-16	0.476048	673067	2.9783069780698e-06	8.30081453808376	0.999867648320261	29.9821772805309	0.000225233	0.476048	517	0.00387736971529692	3.68889176996417	0.853003928854652	4.84513096424555	34.8273082447764	0.000145629202700944
SNP.5	1.95e-15	0.461194	752294	2.67464615285608e-06	7.94448450468501	0.9998811409668	27.0348799575134	2.5699e-05	0.461194	517	0.00389191538281762	4.20857168645006	0.852533803387706	6.59299345313688	33.6278734106503	4.38874696312561e-05
SNP.6	4.457e-17	0.459337	739370	2.72301541430112e-06	8.40020496489331	0.999878991737469	30.7676264816029	0.00608075	0.459337	517	0.00389422805971339	2.74339495409115	0.852459103903201	2.25107067994317	33.018697161546	2.38659462651559e-05
SNP.7	7.899e-19	0.474551	739614	2.71113671476441e-06	8.86143641048295	0.999879519552187	34.7457857231003	0.000658436	0.474551	517	0.00387851967147731	3.40632561008391	0.85296674264587	3.98996141797166	38.7357471410719	0.00725540929968376
SNP.8	1.83e-19	0.477545	749905	2.67239446127038e-06	9.02300453132029	0.999881241018203	36.1832637871104	0.000855709	0.477545	517	0.0038762900744274	3.33411620553919	0.853038844223753	3.78253753277516	39.9658013198855	0.0248237654796792
SNP.9	5.591e-19	0.473054	746873	2.68563144596088e-06	8.8998742409348	0.999880652847845	35.0824171084695	0.001441	0.473054	517	0.00387974006758054	3.1863102060334	0.852927282162702	3.37128906470778	38.4537061731773	0.00547234011042272
