snp	pvalues.df1	MAF.df1	N.df1	V.df1	z.df1	r.df1	lABF.df1	pvalues.df2	MAF.df2	N.df2	V.df2	z.df2	r.df2	lABF.df2	internal.sum.lABF	SNP.PP.H4
SNP.1	2.979e-16	0.49162	718418	2.78467682192159e-06	8.17417385540891	0.99987625190118	28.9057936037004	2.09067e-09	0.49162	497	0.00402527555945928	5.99060099132851	0.84824754975924	14.277904895579	43.1836984992794	0.000110931997981692
SNP.10	2.011e-17	0.5	745119	2.68413501735964e-06	8.49315604562834	0.999880719339913	31.5455320532481	4.51336e-09	0.5	497	0.00402414486921529	5.86418795681237	0.848283709463304	13.6428156604918	45.18834771374	0.00082350250972275
SNP.11	6.4e-19	0.498596	744257	2.68726497681895e-06	8.88486228188384	0.999880580263807	34.9492423026352	1.49126e-08	0.498596	497	0.00402417659930049	5.6625659878668	0.84828269468668	12.6570772043626	47.6063195069978	0.00924222919584717
SNP.12	6.243e-17	0.49162	742671	2.6937391564384e-06	8.36054344949984	0.999880292591293	30.4299296634764	2.09067e-09	0.49162	497	0.00402527555945928	5.99060099132851	0.84824754975924	14.277904895579	44.7078345590555	0.000509308255141166
SNP.13	1.012e-19	0.484375	748030	2.67630313518589e-06	9.0876529272565	0.999881067340652	36.7693302539614	7.95061e-09	0.484375	497	0.00402807853966418	5.769502073668	0.848157923174063	13.1739246447749	49.9432548987363	0.0956521815498473
SNP.14	4.02e-19	0.46875	740508	2.71144016979547e-06	8.93641502513757	0.999879506068546	35.4129898735387	1.1722e-08	0.46875	497	0.00403992582948672	5.70372083450904	0.847779309729712	12.8489491495302	48.2619390230689	0.0178036346022079
SNP.15	6.924e-15	0.469274	740164	2.71234662363592e-06	7.78586107487413	0.999879465791419	25.7943744905554	3.04127e-07	0.469274	497	0.00403939904695544	5.12087140132534	0.847796137365106	10.1747491318258	35.9691236223811	8.16219144104132e-08
SNP.16	3.359e-17	0.49162	737731	2.71177699330957e-06	8.43335283962372	0.99987949110222	31.0445411919859	2.09067e-09	0.49162	497	0.00402527555945928	5.99060099132851	0.84824754975924	14.277904895579	45.322446087565	0.000941679488633217
SNP.17	2.554e-19	0.497143	752139	2.65916978340983e-06	8.98642623135644	0.999881828642413	35.8514692892344	1.63615e-08	0.497143	497	0.00402427626101426	5.64663888205853	0.848279507368531	12.580639324732	48.4321086139664	0.0211063136002967
SNP.18	5.553e-19	0.498551	744352	2.68692338698501e-06	8.90063116523348	0.999880595441952	35.0893912899149	1.8324e-07	0.498551	497	0.0040241786658935	5.21558298582417	0.848282628593961	10.5947538249039	45.6841451148188	0.0013520320991842
SNP.19	1.546e-19	0.485994	749855	2.66927682908798e-06	9.04145507279125	0.999881379546744	36.3493156143503	7.79569e-09	0.485994	497	0.00402730498325104	5.77281741964557	0.848182656104952	13.1904834502536	49.5397990646039	0.0638963774673163
SNP.2	2.498e-16	0.49162	729110	2.7438410569753e-06	8.19538131239254	0.9998780663782	29.0720257636598	2.09067e-09	0.49162	497	0.00402527555945928	5.99060099132851	0.84824754975924	14.277904895579	43.3499306592388	0.000130993740909285
SNP.20	4.94e-17	0.491597	732851	2.72983872965123e-06	8.38811472907553	0.999878688552491	30.6673919024464	2.10803e-09	0.491597	497	0.00402528177638558	5.98925609949871	0.848247350949194	14.2710686671811	44.9384605696274	0.000641416783009107
SNP.21	9.691e-20	0.484507	748075	2.67609813170013e-06	9.09236247064876	0.999881076449751	36.8120970280406	1.06036e-08	0.484507	497	0.00402801229350417	5.7207802003457	0.848160041207064	12.9365410193169	49.7486380473574	0.0787360919443409
SNP.22	3.206e-19	0.497207	747611	2.67527150983515e-06	8.9613937591333	0.999881113179764	35.6298460523194	2.34036e-08	0.497207	497	0.00402427044011945	5.58475046856052	0.848279693528064	12.2858250963988	47.9156711487182	0.0125929200248152
SNP.23	2.541e-19	0.497199	751208	2.66246201688184e-06	8.98698729109302	0.999881682355527	35.8571234432808	1.54602e-08	0.497199	497	0.00402427116051866	5.6563766452952	0.848279670488787	12.6273248005522	48.484448243833	0.0222404309924894
SNP.24	3.281e-19	0.497207	748394	2.67247253283613e-06	8.95884398111036	0.99988123754918	35.6064841134383	1.54126e-08	0.497207	497	0.00402427044011945	5.65690613255041	0.848279693528064	12.6298657922624	48.2363499057007	0.0173538348401591
SNP.25	1.911e-19	0.492997	749795	2.66791911529271e-06	9.01826019069711	0.999881439875268	36.1396420721845	2.42446e-08	0.492997	497	0.00402493443269798	5.57861153386913	0.84825845873774	12.2564978570181	48.3961399292026	0.0203606381339455
SNP.26	5.771e-20	0.49	749966	2.66785470291727e-06	9.14853656461239	0.999881442737361	37.3228420266759	1.49618e-08	0.49	497	0.00402575517128381	5.66200094531965	0.848232212606637	12.6537203398806	49.9765623665565	0.0988917651819679
SNP.27	3.162e-17	0.5	745371	2.68322754708729e-06	8.44041978104005	0.999880759662305	31.098910929803	3.39703e-09	0.5	497	0.00402414486921529	5.91116186943173	0.848283709463304	13.8774230488144	44.9763339786174	0.000666175308660759
SNP.28	1.834e-20	0.490141	747526	2.67653285838316e-06	9.27158499316963	0.99988105713316	38.4575981969124	1.72388e-08	0.490141	497	0.00402571006337169	5.6376484293873	0.848233655055642	12.5370324069313	50.9946306038437	0.273716858336432
SNP.29	7.134e-17	0.498603	744390	2.68678463304703e-06	8.34479089191089	0.999880601607321	30.297087920009	3.93784e-09	0.498603	497	0.0040241762836899	5.8867835023419	0.848282704780377	13.7554195434041	44.0525074634131	0.000264469609536785
SNP.3	5.087e-17	0.491597	734626	2.7232429057284e-06	8.38466596976639	0.999878981629186	30.6372736583117	2.08266e-09	0.491597	497	0.00402528177638558	5.99122520383189	0.848247350949194	14.2810740914694	44.9183477497811	0.00062864495211435
SNP.30	7.88e-19	0.49581	744697	2.68584465717416e-06	8.86170483925048	0.999880643374053	34.7435224573725	1.94396e-08	0.49581	497	0.00402442748222057	5.616915882139	0.848274671152915	12.438582649805	47.1821051071775	0.00604703888479432
SNP.31	1.942e-19	0.494236	739524	2.70480177099694e-06	9.01649685185172	0.999879801037483	36.1305407356438	8.72183e-09	0.494236	497	0.00402467972815843	5.75387957086123	0.848266604181243	13.0990212823183	49.2295620179621	0.0468534957868488
SNP.32	3.504e-19	0.5	747934	2.67403273550875e-06	8.95158945241309	0.999881168223313	35.5418149573396	1.71857e-08	0.5	497	0.00402414486921529	5.63817981884594	0.848283709463304	12.5402043122279	48.0820192695675	0.0148720390192513
SNP.33	4.065e-17	0.498599	745351	2.68332061341742e-06	8.4110085764551	0.99988075552701	30.8511472689053	3.42207e-09	0.498599	497	0.00402417646384564	5.90995220831951	0.848282699018728	13.8713436984135	44.7224909673188	0.000516827855419439
SNP.34	1.088e-19	0.490937	750236	2.66670397010491e-06	9.07977452858742	0.999881493868918	36.6959948558406	5.05329e-08	0.490937	497	0.00402546744409583	5.4494250954449	0.848241413555491	11.6520555640419	48.3480504198825	0.0194046751549057
SNP.35	3.725e-19	0.497207	750214	2.66598918273901e-06	8.94483672947985	0.999881525629718	35.4799055325146	1.54126e-08	0.497207	497	0.00402427044011945	5.65690613255041	0.848279693528064	12.6298657922624	48.109771324777	0.0152905490639161
SNP.36	9.099e-20	0.486034	751623	2.66298611353313e-06	9.09921149915713	0.999881659067855	36.8719554740505	8.03494e-09	0.486034	497	0.00402728694489358	5.76772368765378	0.848183232862838	13.1655611799291	50.0375166539796	0.105107145005702
SNP.37	3.491e-17	0.491573	736239	2.71728104060634e-06	8.42884285937726	0.999879246536911	31.0075266924736	2.10064e-09	0.491573	497	0.00402528828180075	5.98982728435309	0.84824714291371	14.2739675897959	45.2814942822694	0.000903894966165536
SNP.38	4.373e-17	0.5	745492	2.68279203532701e-06	8.40243887193878	0.999880779013768	30.7790150592423	4.51336e-09	0.5	497	0.00402414486921529	5.86418795681237	0.848283709463304	13.6428156604918	44.4218307197341	0.00038262278306605
SNP.39	1.531e-16	0.49162	720969	2.77482381773871e-06	8.25406189545526	0.999876689704294	29.560165025273	2.09067e-09	0.49162	497	0.00402527555945928	5.99060099132851	0.84824754975924	14.277904895579	43.8380699208521	0.000213425708883378
SNP.4	3.606e-17	0.492997	731795	2.7335420617125e-06	8.4250487761247	0.999878523999913	30.9785152464945	2.1056e-09	0.492997	497	0.00402493443269798	5.98944370251585	0.84825845873774	14.2721844125602	45.2506996590548	0.000876484081323254
SNP.40	1.034e-16	0.498599	673067	2.97149570924036e-06	8.30081453808376	0.999867950963285	29.9810430689308	3.42195e-09	0.498599	497	0.00402417646384564	5.90995798484214	0.848282699018728	13.8713726579276	43.8524157268583	0.000216509539831968
SNP.5	1.95e-15	0.442737	752294	2.69386842360675e-06	7.94448450468501	0.999880286847461	27.0384331485884	1.79291e-12	0.442737	497	0.00407762787096341	7.04971004631673	0.846576681306525	20.0994810426871	47.1379141912754	0.00578563311698527
SNP.6	4.457e-17	0.480337	739370	2.70919547655152e-06	8.40020496489331	0.99987960580866	30.7651043762845	1.32679e-08	0.480337	497	0.0040303779869173	5.68257847494731	0.848084411428108	12.7508277733575	43.515932149642	0.000154647917499179
SNP.7	7.899e-19	0.498599	739614	2.70413445734029e-06	8.86143641048295	0.999879830688739	34.7445050363969	1.48864e-08	0.498599	497	0.00402417646384564	5.66286762383872	0.848282699018728	12.6585261934771	47.403031229874	0.00754205607918788
SNP.8	1.83e-19	0.498599	749905	2.66702542659575e-06	9.02300453132029	0.999881479585349	36.1822680710522	1.65352e-08	0.498599	497	0.00402417646384564	5.64482224369927	0.848282699018728	12.5719794885336	48.7542475595859	0.0291283277860155
SNP.9	5.591e-19	0.498603	746873	2.67785234302737e-06	8.8998742409348	0.999880998503351	35.0809805871182	1.79696e-08	0.498603	497	0.0040241762836899	5.6304922653911	0.848282704780377	12.5034489170968	47.584429504215	0.00904211501373175
