snp	pvalues.df1	MAF.df1	N.df1	V.df1	z.df1	r.df1	lABF.df1	pvalues.df2	MAF.df2	N.df2	V.df2	z.df2	r.df2	lABF.df2	internal.sum.lABF	SNP.PP.H4
SNP.1	2.979e-16	0.484536	718418	2.78656007235643e-06	8.17417385540891	0.999876168221881	28.9061287972023	0.000346952	0.484536	584	0.00342793649668179	3.57745795921842	0.867789845245861	4.54139509295777	33.4475238901601	1.4988929895901e-05
SNP.10	2.011e-17	0.498708	745119	2.68415293959913e-06	8.49315604562834	0.999880718543559	31.5455353626667	0.000315512	0.498708	584	0.00342468040102939	3.60221931272835	0.867898838170695	4.61882707266778	36.1643624353345	0.000226818574551523
SNP.11	6.4e-19	0.494819	744257	2.68753235125442e-06	8.88486228188384	0.999880568383337	34.9492915737242	0.000100633	0.494819	584	0.00342502528278691	3.88906057593481	0.86788729247408	5.55125752200535	40.5005490957296	0.017332473939807
SNP.12	6.243e-17	0.484536	742671	2.69556090659547e-06	8.36054344949984	0.99988021164401	30.4302648248943	0.000346952	0.484536	584	0.00342793649668179	3.57745795921842	0.867789845245861	4.54139509295777	34.9716599178521	6.88168033180577e-05
SNP.13	1.012e-19	0.494764	748030	2.67398279430302e-06	9.0876529272565	0.999881170442395	36.768900877444	0.00479459	0.494764	584	0.00342503313291522	2.8205198972427	0.867887029676861	2.44011599942441	39.2090168768685	0.00476381886632225
SNP.14	4.02e-19	0.480469	740508	2.70497596673932e-06	8.93641502513757	0.999879793297311	35.4118080390464	0.00311761	0.480469	584	0.00342989099859281	2.95589718273805	0.867724434368855	2.77936260854828	38.1911706475947	0.00172151273287585
SNP.15	6.924e-15	0.475515	740164	2.70859924400471e-06	7.78586107487413	0.999879632301505	25.7936883427826	0.00013694	0.475515	584	0.00343288981308133	3.81363079299168	0.86762409288649	5.29821207777377	31.0919004205564	1.42146560009977e-06
SNP.16	3.359e-17	0.484536	737731	2.71361094228406e-06	8.43335283962372	0.999879409613027	31.044876284373	0.000346952	0.484536	584	0.00342793649668179	3.57745795921842	0.867789845245861	4.54139509295777	35.5862713773308	0.000127238007690513
SNP.17	2.554e-19	0.490741	752139	2.65999511780653e-06	8.98642623135644	0.999881791969555	35.8516229525245	0.000356615	0.490741	584	0.0034258323080683	3.57026886826751	0.867860276678479	4.51928157250103	40.3709045250255	0.0152249766142407
SNP.18	5.553e-19	0.498663	744352	2.68692003333672e-06	8.90063116523348	0.999880595590967	35.089390671823	0.000542167	0.498663	584	0.00342468202166824	3.45900889467318	0.867898783915427	4.17999931645754	39.2693899882806	0.00506028467116005
SNP.19	1.546e-19	0.49354	749855	2.66762761939062e-06	9.04145507279125	0.99988145282757	36.3490096263589	0.00168417	0.49354	584	0.00342522929544204	3.14092179128801	0.867880462833776	3.26896539819783	39.6179750245568	0.00717073225574348
SNP.2	2.498e-16	0.484496	729110	2.7457103082619e-06	8.19538131239254	0.999877983320631	29.0723634436443	0.000346324	0.484496	584	0.00342795349804252	3.57793163645916	0.867789276222617	4.54286422238897	33.6152276660333	1.77257023698072e-05
SNP.20	4.94e-17	0.484496	732851	2.73169422277766e-06	8.38811472907553	0.999878606106143	30.6677286992704	0.000351476	0.484496	584	0.00342795349804252	3.5740691806694	0.867789276222617	4.53087819239341	35.1986068916638	8.6348801350476e-05
SNP.21	9.691e-20	0.493523	748075	2.67397743349161e-06	9.09236247064876	0.999881170680597	36.8117045836325	0.00156714	0.493523	584	0.00342523230917678	3.1619545907955	0.867880361945133	3.32649148902082	40.1381960726533	0.012064036360306
SNP.22	3.206e-19	0.490979	747611	2.67605912635773e-06	8.9613937591333	0.999881078182909	35.6299918110162	9.98191e-05	0.490979	584	0.00342577267040313	3.8910311886147	0.867862273037903	5.55781583171887	41.1878076427351	0.0344614185473272
SNP.23	2.541e-19	0.496124	751208	2.66253846368901e-06	8.98698729109302	0.999881678958695	35.8571376606147	0.000184842	0.496124	584	0.00342486334628577	3.73887990233642	0.86789271362634	5.05416240350979	40.9113000641245	0.0261365003101515
SNP.24	3.281e-19	0.496134	748394	2.67254891781153e-06	8.95884398111036	0.999881234155099	35.6064982663997	0.000184748	0.496134	584	0.00342486228561068	3.73900779372749	0.86789274913481	5.05457752516006	40.6610757915597	0.0203505623236487
SNP.25	1.911e-19	0.484496	749795	2.66996291367218e-06	9.01826019069711	0.99988134906133	36.1400212195271	0.000303947	0.484496	584	0.00342795349804252	3.61191261126589	0.867789276222617	4.64887245624274	40.7888936757698	0.0231252808532152
SNP.26	5.771e-20	0.494737	749966	2.66708306497432e-06	9.14853656461239	0.999881477024251	37.3226988400506	0.0018209	0.494737	584	0.00342503701696323	3.1179883518195	0.8678868996514	3.20668526753735	40.529384107588	0.0178395314027843
SNP.27	3.162e-17	0.498708	745371	2.68324546326751e-06	8.44041978104005	0.999880758866221	31.0989142395871	0.000261827	0.498708	584	0.00342468040102939	3.65040513506034	0.867898838170695	4.77048097008725	35.8693952096744	0.000168879128188848
SNP.28	1.834e-20	0.5	747526	2.67549222368185e-06	9.27158499316963	0.999881103372592	38.4574057698961	8.39734e-05	0.5	584	0.00342465753424658	3.93276764318711	0.867899603698811	5.69965808800041	44.1570638578965	0.671219770690096
SNP.29	7.134e-17	0.5	744390	2.68676365883475e-06	8.34479089191089	0.999880602539285	30.2970840496908	0.000286144	0.5	584	0.00342465753424658	3.62753138634357	0.867899603698811	4.69824194778283	34.9953259974736	7.04648517679458e-05
SNP.3	5.087e-17	0.484496	734626	2.72509391562078e-06	8.38466596976639	0.999878899381997	30.6376104646202	0.000351644	0.484496	584	0.00342795349804252	3.57394412464626	0.867789276222617	4.53049033305772	35.1681007976779	8.37544102666437e-05
SNP.30	7.88e-19	0.498711	744697	2.68567389455892e-06	8.86170483925048	0.999880650961691	34.7434909687151	0.000306262	0.498711	584	0.00342468029495949	3.60994494708706	0.867898841721672	4.64300611216884	39.3864970808839	0.00568897353298046
SNP.31	1.942e-19	0.498663	739524	2.70446165459708e-06	9.01649685185172	0.999879816150134	36.1304784808526	0.00112159	0.498663	584	0.00342468202166824	3.25810474280269	0.867898783915427	3.59438633984314	39.7248648206958	0.00797967411776152
SNP.32	3.504e-19	0.490979	747934	2.6749034534002e-06	8.95158945241309	0.999881129533939	35.5419761712617	0.000209627	0.490979	584	0.00342577267040313	3.70712317442307	0.867862273037903	4.95145717638905	40.4934333476507	0.01720957818783
SNP.33	4.065e-17	0.5	745351	2.68329954611988e-06	8.4110085764551	0.999880756463111	30.8511433768681	0.000457128	0.5	584	0.00342465753424658	3.50469654814596	0.867899603698811	4.31806457376749	35.1692079506356	8.38471905611981e-05
SNP.34	1.088e-19	0.49858	750236	2.66584932118708e-06	9.07977452858742	0.999881531844314	36.6958361701061	0.00727738	0.49858	584	0.00342468515638717	2.68387734216345	0.867898678972253	2.11372980175757	38.8095659718637	0.00319503717913111
SNP.35	3.725e-19	0.496134	750214	2.66606538240641e-06	8.94483672947985	0.999881522243868	35.4799196862347	0.000184748	0.496134	584	0.00342486228561068	3.73900779372749	0.86789274913481	5.05457752516006	40.5344972113947	0.0179309803735153
SNP.36	9.099e-20	0.493557	751623	2.66135037531541e-06	9.09921149915713	0.99988173175013	36.8716513001085	0.00168453	0.493557	584	0.00342522628963304	3.14085919308038	0.867880563457117	3.26879487616869	40.1404461762772	0.012091212255063
SNP.37	3.491e-17	0.484496	736239	2.7191236036896e-06	8.42884285937726	0.999879164665001	31.0078626736863	0.00034703	0.484496	584	0.00342795349804252	3.57739918269646	0.867789276222617	4.54121113466238	35.5490738083487	0.00012259200874957
SNP.38	4.373e-17	0.5	745492	2.68279203532701e-06	8.40243887193878	0.999880779013768	30.7790150592423	0.000491636	0.5	584	0.00342465753424658	3.48527254736506	0.867899603698811	4.25914583564565	35.0381608948879	7.35487849185409e-05
SNP.39	1.531e-16	0.484496	720969	2.7767141761391e-06	8.25406189545526	0.999876605709091	29.5605026327618	0.000339945	0.484496	584	0.00342795349804252	3.58278914697197	0.867789276222617	4.55795649955168	34.1184591323134	2.93193340575934e-05
SNP.4	3.606e-17	0.485751	731795	2.73522720462693e-06	8.4250487761247	0.999878449122873	30.9788206909541	0.000370901	0.485751	584	0.0034274410825513	3.55996728314511	0.867806426726087	4.48727070698523	35.4660913979394	0.000112829680503123
SNP.40	1.034e-16	0.5	673067	2.97147237942137e-06	8.30081453808376	0.999867951999892	29.9810391795443	0.000457128	0.5	584	0.00342465753424658	3.50469654814596	0.867899603698811	4.31806457376749	34.2991037533118	3.51242503421084e-05
SNP.5	1.95e-15	0.439433	752294	2.69812589854733e-06	7.94448450468501	0.99988009767169	27.0392166761361	5.13673e-06	0.439433	584	0.00347565740534548	4.55912455676695	0.866195594163086	7.9965167125441	35.0357333886802	7.33704613149755e-05
SNP.6	4.457e-17	0.488342	739370	2.70647695080054e-06	8.40020496489331	0.99987972660295	30.7646067246617	0.00468718	0.488342	584	0.00342652031355033	2.82778140498392	0.867837246490826	2.45790360647418	33.2225103311359	1.19687413381703e-05
SNP.7	7.899e-19	0.494845	739614	2.70440069387562e-06	8.86143641048295	0.999879818858848	34.7445537912673	0.000101068	0.494845	584	0.00342502160068514	3.88801351580661	0.86788741573914	5.54772435619912	40.2922781474664	0.0140737435245286
SNP.8	1.83e-19	0.489664	749905	2.6681446697231e-06	9.02300453132029	0.999881429853004	36.1824758075534	0.000113021	0.489664	584	0.00342612162422723	3.86079002323723	0.867850592005801	5.45604905371944	41.6385248612728	0.0540850395225962
SNP.9	5.591e-19	0.496124	746873	2.67799236848955e-06	8.8998742409348	0.999880992281479	35.081006482018	0.000235701	0.496124	584	0.00342486334628577	3.67731597845608	0.86789271362634	4.85603546387591	39.9370419458939	0.00986580461213055
