snp	pvalues.df1	MAF.df1	N.df1	V.df1	z.df1	r.df1	lABF.df1	pvalues.df2	MAF.df2	N.df2	V.df2	z.df2	r.df2	lABF.df2	internal.sum.lABF	SNP.PP.H4
SNP.1	2.979e-16	0.476103	718418	2.79026832917731e-06	8.17417385540891	0.99987600345131	28.9067881502549	9.99354e-07	0.476103	386	0.00519320982515778	4.8917656367986	0.812473532033833	8.88407266576337	37.7908608160183	2.60311970336832e-05
SNP.10	2.011e-17	0.498155	745119	2.68417156530809e-06	8.49315604562834	0.999880717715947	31.5455388019609	5.59967e-08	0.498155	386	0.00518141770096063	5.4311351641591	0.812819641069871	11.1501222934684	42.6956610954293	0.00351254450510981
SNP.11	6.4e-19	0.490741	744257	2.68816560396729e-06	8.88486228188384	0.999880540245495	34.9494082482044	6.6821e-07	0.490741	386	0.00518312452826913	4.97038234467525	0.812769525962422	9.20190644932772	44.1513146975322	0.0150592784144443
SNP.12	6.243e-17	0.476103	742671	2.69914806490479e-06	8.36054344949984	0.99988005225297	30.4309241147728	9.99354e-07	0.476103	386	0.00519320982515778	4.8917656367986	0.812473532033833	8.88407266576337	39.3149967805361	0.000119513778880331
SNP.13	1.012e-19	0.498141	748030	2.67372651822813e-06	9.0876529272565	0.999881181829736	36.7688534307639	6.53763e-06	0.498141	386	0.00518141877572587	4.50821178837609	0.812819609511146	7.42202087767484	44.1908743084388	0.0156669581483534
SNP.14	4.02e-19	0.48513	740508	2.70323953441543e-06	8.93641502513757	0.999879870453534	35.4114900853829	8.23337e-06	0.48513	386	0.00518593394080545	4.45902400689358	0.812687050691757	7.24179841900048	42.6532885043834	0.00336681809886199
SNP.15	6.924e-15	0.476103	740164	2.70829031472877e-06	7.78586107487413	0.99987964602839	25.7936317349559	5.69574e-06	0.476103	386	0.00519320982515778	4.53738007701282	0.812473532033833	7.52661094822097	33.3202426831769	2.97803195570587e-07
SNP.16	3.359e-17	0.476103	737731	2.71722212095046e-06	8.43335283962372	0.99987924915493	31.0455354383244	9.99354e-07	0.476103	386	0.00519320982515778	4.8917656367986	0.812473532033833	8.88407266576337	39.9296081040878	0.000220973545937808
SNP.17	2.554e-19	0.488764	752139	2.6604264528991e-06	8.98642623135644	0.999881772803638	35.8517032406609	4.0702e-07	0.488764	386	0.00518396500481107	5.0656449153567	0.812744850533145	9.5901830503971	45.441886291058	0.0547384233513899
SNP.18	5.553e-19	0.492424	744352	2.68751782980231e-06	8.90063116523348	0.999880569028581	35.089500835968	3.0017e-07	0.492424	386	0.00518253697318397	5.12334023179912	0.812786776797073	9.82951010343054	44.9190109393986	0.0324496789378046
SNP.19	1.546e-19	0.496324	749855	2.66732649599127e-06	9.04145507279125	0.999881466207659	36.3489537364624	5.49187e-06	0.496324	386	0.00518162722707651	4.54506348107981	0.812813488724097	7.55756390792405	43.9065176443865	0.0117893579279693
SNP.2	2.498e-16	0.476103	729110	2.74935056783051e-06	8.19538131239254	0.999877821570822	29.0730203912326	9.99354e-07	0.476103	386	0.00519320982515778	4.8917656367986	0.812473532033833	8.88407266576337	37.957093056996	3.073886901972e-05
SNP.20	4.94e-17	0.476103	732851	2.73531589983626e-06	8.38811472907553	0.999878445181822	30.6683854178203	9.99354e-07	0.476103	386	0.00519320982515778	4.8917656367986	0.812473532033833	8.88407266576337	39.5524580835837	0.000151546570266227
SNP.21	9.691e-20	0.49631	748075	2.67367434379316e-06	9.09236247064876	0.999881184148049	36.8116484698946	5.48185e-06	0.49631	386	0.00518162936459343	4.54544811583063	0.812813425960357	7.55898443920804	44.3706329091027	0.0187522270009393
SNP.22	3.206e-19	0.483456	747611	2.67812008030706e-06	8.9613937591333	0.999880986606749	35.6303730125073	5.53762e-06	0.483456	386	0.00518702598797524	4.54331578256047	0.812654996234409	7.54989604269678	43.1802690552041	0.00570275085662143
SNP.23	2.541e-19	0.492647	751208	2.66295437007404e-06	8.98698729109302	0.999881660478341	35.8572150023397	4.46568e-07	0.492647	386	0.00518246794413103	5.04795341354674	0.812788803563673	9.51791559537735	45.375130597717	0.051203618704039
SNP.24	3.281e-19	0.492647	748394	2.67296721571068e-06	8.95884398111036	0.999881215568497	35.6065757633232	4.46568e-07	0.492647	386	0.00518246794413103	5.04795341354674	0.812788803563673	9.51791559537735	45.1244913587005	0.0398519352868633
SNP.25	1.911e-19	0.483456	749795	2.67031926240965e-06	9.01826019069711	0.999881333227367	36.1400872961759	1.33474e-07	0.483456	386	0.00518702598797524	5.27401086483222	0.812654996234409	10.4646750961056	46.6047623922814	0.175114842566214
SNP.26	5.771e-20	0.5	749966	2.6667875610361e-06	9.14853656461239	0.999881490154646	37.3226439946885	7.48441e-06	0.5	386	0.00518134715025907	4.47942580339319	0.812821712681329	7.31689082776572	44.6395348224543	0.0245377913230959
SNP.27	3.162e-17	0.49631	745371	2.68337369542559e-06	8.44041978104005	0.999880753168373	31.0989379281813	8.91214e-08	0.49631	386	0.00518162936459343	5.34761375226307	0.812813425960357	10.7841770157747	41.8831149439559	0.00155861024186351
SNP.28	1.834e-20	0.5	747526	2.67549222368185e-06	9.27158499316963	0.999881103372592	38.4574057698961	4.18328e-06	0.5	386	0.00518134715025907	4.6020623123206	0.812821712681329	7.76951953885151	46.2269253087476	0.120013581841716
SNP.29	7.134e-17	0.5	744390	2.68676365883475e-06	8.34479089191089	0.999880602539285	30.2970840496908	1.25173e-07	0.5	386	0.00518134715025907	5.28577598294442	0.812821712681329	10.5170399001368	40.8141239498275	0.000535156291808091
SNP.3	5.087e-17	0.476103	734626	2.72870684199974e-06	8.38466596976639	0.999878738846406	30.6382672016832	9.99354e-07	0.476103	386	0.00519320982515778	4.8917656367986	0.812473532033833	8.88407266576337	39.5223398674466	0.00014705030749259
SNP.30	7.88e-19	0.492647	744697	2.68623698824432e-06	8.86170483925048	0.999880625941279	34.7435947956386	1.32443e-07	0.492647	386	0.00518246794413103	5.27543299156357	0.812788803563673	10.4722757833358	45.2158705789744	0.0436651450882441
SNP.31	1.942e-19	0.492424	739524	2.7050633537911e-06	9.01649685185172	0.999879789414376	36.1305886102919	2.32642e-07	0.492424	386	0.00518253697318397	5.17116261662457	0.812786776797073	10.0295806883415	46.1601692986334	0.11226351365418
SNP.32	3.504e-19	0.490809	747934	2.67493659102969e-06	8.95158945241309	0.999881128061505	35.5419823056662	3.10529e-07	0.490809	386	0.00518309850848497	5.11694203560518	0.812770289897414	9.80271167029981	45.344693975966	0.0496686319327433
SNP.33	4.065e-17	0.498155	745351	2.68333608269232e-06	8.4110085764551	0.999880754839651	30.851150126727	5.58699e-08	0.498155	386	0.00518141770096063	5.43153964511059	0.812819641069871	11.1519079546027	42.0030580813296	0.00175722821708813
SNP.34	1.088e-19	0.496016	750236	2.66599708106546e-06	9.07977452858742	0.999881525278764	36.695863608887	1.4518e-05	0.496016	386	0.00518167612981923	4.3358771722307	0.812812052799164	6.80254350300724	43.4984071118942	0.00783880752615774
SNP.35	3.725e-19	0.492647	750214	2.66648266552554e-06	8.94483672947985	0.999881503702347	35.4799971873152	4.46568e-07	0.492647	386	0.00518246794413103	5.04795341354674	0.812788803563673	9.51791559537735	44.9979127826925	0.0351137359784641
SNP.36	9.099e-20	0.496324	751623	2.66105229570081e-06	9.09921149915713	0.99988174499498	36.8715958503301	5.49187e-06	0.496324	386	0.00518162722707651	4.54506348107981	0.812813488724097	7.55756390792405	44.4291597582541	0.0198824884691299
SNP.37	3.491e-17	0.476015	736239	2.72277461060959e-06	8.42884285937726	0.999879002437266	31.008527736771	9.94898e-07	0.476015	386	0.00519329755580465	4.89264493414196	0.81247095816814	8.88754374174387	39.8960714785149	0.000213685726345907
SNP.38	4.373e-17	0.5	745492	2.68279203532701e-06	8.40243887193878	0.999880779013768	30.7790150592423	8.18286e-08	0.5	386	0.00518134715025907	5.36304943391702	0.812821712681329	10.8514638065443	41.6304788657865	0.00121065129536513
SNP.39	1.531e-16	0.476103	720969	2.78039554060009e-06	8.25406189545526	0.999876442133295	29.5611594391697	9.99354e-07	0.476103	386	0.00519320982515778	4.8917656367986	0.812473532033833	8.88407266576337	38.4452321049331	5.00822670110274e-05
SNP.4	3.606e-17	0.47786	731795	2.73837501040393e-06	8.4250487761247	0.999878309254422	30.9793907455586	1.55683e-06	0.47786	386	0.00519152627134337	4.80379915238763	0.812522927755129	8.53803774275391	39.5174284883125	0.000146329858328408
SNP.40	1.034e-16	0.498155	673067	2.97151283983734e-06	8.30081453808376	0.999867950202126	29.9810459248054	5.60149e-08	0.498155	386	0.00518141770096063	5.43107718059965	0.812819641069871	11.1498663244787	41.1309122492842	0.000734615430086029
SNP.5	1.95e-15	0.4375	752294	2.70073406373842e-06	7.94448450468501	0.999879981781047	27.0396960565558	3.11546e-07	0.4375	386	0.00526359075581874	5.11632503983342	0.810413904955158	9.77555800961784	36.8152540661736	9.81281274595572e-06
SNP.6	4.457e-17	0.48513	739370	2.70740022066206e-06	8.40020496489331	0.999879685578606	30.7647757943845	1.26066e-05	0.48513	386	0.00518593394080545	4.36682439677483	0.812687050691757	6.91114052735562	37.6759163217402	2.32046156743922e-05
SNP.7	7.899e-19	0.490775	739614	2.70503402697439e-06	8.86143641048295	0.999879790717477	34.7446697516435	6.59361e-07	0.490775	386	0.00518311149436953	4.97296637838883	0.812769908634594	9.21235178831611	43.9570215399597	0.0124000579948467
SNP.8	1.83e-19	0.48893	749905	2.66831243955935e-06	9.02300453132029	0.999881422398335	36.1825069387967	4.6172e-07	0.48893	386	0.00518388818649677	5.04157327092073	0.812747105768716	9.49133635049044	45.6738432892871	0.0690287371916347
SNP.9	5.591e-19	0.49262	746873	2.6784149515976e-06	8.8998742409348	0.999880973504478	35.0810846219984	1.08769e-07	0.49262	386	0.00518247619208433	5.3114289101771	0.812788561394438	10.6271433449734	45.7082279669718	0.0714435463730317
