snp	pvalues.df1	MAF.df1	N.df1	V.df1	z.df1	r.df1	lABF.df1	pvalues.df2	MAF.df2	N.df2	V.df2	z.df2	r.df2	lABF.df2	internal.sum.lABF	SNP.PP.H4
SNP.1	2.979e-16	0.490305	718418	2.78494167325481e-06	8.17417385540891	0.999876240132923	28.9058407575233	3.18524e-24	0.490305	532	0.00376081245679769	10.1538559294277	0.856789942695616	43.1961386817304	72.1019794392537	8.01446667651321e-05
SNP.10	2.011e-17	0.483287	745119	2.6871373491375e-06	8.49315604562834	0.999880585934794	31.5460861360941	3.54859e-25	0.483287	532	0.00376360356099997	10.3657779569915	0.856698889310501	45.0544669410678	76.6005530771619	0.0072041099899403
SNP.11	6.4e-19	0.48324	744257	2.69026654576434e-06	8.88486228188384	0.99988044689262	34.949795140332	7.74285e-24	0.48324	532	0.00376362727171228	10.0668365655286	0.856698115885693	42.4380059832184	77.3878011235503	0.0158298870943701
SNP.12	6.243e-17	0.490305	742671	2.69399535866672e-06	8.36054344949984	0.999880281207254	30.4299768127862	3.18524e-24	0.490305	532	0.00376081245679769	10.1538559294277	0.856789942695616	43.1961386817304	73.6261154945166	0.000367958217173181
SNP.13	1.012e-19	0.470588	748030	2.68297335125839e-06	9.0876529272565	0.999880770957204	36.7705624792158	1.59446e-21	0.470588	532	0.00377245217282295	9.52858211550985	0.856410351496413	37.9080102588772	74.678572738093	0.00105408317010784
SNP.14	4.02e-19	0.457865	740508	2.72016568069051e-06	8.93641502513757	0.999879118361662	35.4145806330045	1.53307e-21	0.457865	532	0.00378628655615934	9.53265783683687	0.855959625637112	37.922364744469	73.3369453774735	0.000275558314587695
SNP.15	6.924e-15	0.457064	740164	2.72217719373581e-06	7.78586107487413	0.999879028982703	25.7961699455402	1.31751e-18	0.457064	532	0.00378732624139901	8.80423251974645	0.855925771734271	32.204620189126	58.0007901346662	6.02290376823011e-11
SNP.16	3.359e-17	0.490305	737731	2.71203491112122e-06	8.43335283962372	0.999879479641969	31.0445883315883	3.18524e-24	0.490305	532	0.00376081245679769	10.1538559294277	0.856789942695616	43.1961386817304	74.2407270133187	0.000680331997223145
SNP.17	2.554e-19	0.487288	752139	2.66080285120982e-06	8.98642623135644	0.99988175607878	35.8517732922001	3.74491e-24	0.487288	532	0.00376183006711673	10.1380524654261	0.856756743246654	43.057169712207	78.9089430044072	0.0724605026476314
SNP.18	5.553e-19	0.479769	744352	2.69130695739719e-06	8.90063116523348	0.999880400663161	35.0901985355241	7.82241e-23	0.479769	532	0.00376556337660247	9.83671397982725	0.856634966377426	40.4732225052378	75.5634210407619	0.00255363965879426
SNP.19	1.546e-19	0.472222	749855	2.67543998485404e-06	9.04145507279125	0.999881105693766	36.3504574149257	1.05079e-21	0.472222	532	0.0037710376876743	9.57178166744183	0.85645646234052	38.2632857025968	74.6137431175225	0.000987915348516888
SNP.2	2.498e-16	0.490278	729110	2.7441077810655e-06	8.19538131239254	0.999878054526687	29.0720739615151	3.18673e-24	0.490278	532	0.00376082034633959	10.1538103049667	0.856789685290094	43.1957293919732	72.2678033534883	9.45999786531643e-05
SNP.20	4.94e-17	0.490305	732851	2.73009414876472e-06	8.38811472907553	0.999878677203284	30.6674382781357	3.18524e-24	0.490305	532	0.00376081245679769	10.1538559294277	0.856789942695616	43.1961386817304	73.8635769598661	0.000466580635192856
SNP.21	9.691e-20	0.472067	748075	2.68189895707023e-06	9.09236247064876	0.999880818696673	36.8131688933126	4.62767e-22	0.472067	532	0.00377116835020735	9.65618733492164	0.856452202660504	38.9580947679909	75.7712636613035	0.00314358000433856
SNP.22	3.206e-19	0.49169	747611	2.67592718866095e-06	8.9613937591333	0.999881084045412	35.6299673972472	4.10771e-24	0.49169	532	0.00376043722075564	10.1290138859151	0.856802185388464	42.980869478007	78.6108368752542	0.0537818200722285
SNP.23	2.541e-19	0.481944	751208	2.66585494132187e-06	8.98698729109302	0.999881531594589	35.8577540520648	1.71238e-23	0.481944	532	0.00376430744127918	9.98845018433113	0.856675929883349	41.7635856488458	77.6213397009106	0.0199941217698154
SNP.24	3.281e-19	0.481994	748394	2.67585936868703e-06	8.95884398111036	0.999881087058916	35.6071112499023	1.67301e-23	0.481994	532	0.00376428025633301	9.9907559228383	0.856676816589126	41.7833589788491	77.3904702287514	0.0158721951655749
SNP.25	1.911e-19	0.493056	749795	2.66791033216423e-06	9.01826019069711	0.999881440265537	36.1396404421836	1.03981e-24	0.493056	532	0.0037601237359118	10.2624984353312	0.856812413615185	44.147459515762	80.2870999579455	0.287493018331805
SNP.26	5.771e-20	0.474432	749966	2.67377920085682e-06	9.14853656461239	0.999881179488842	37.323939996285	3.03707e-22	0.474432	532	0.00376925468449208	9.69925536133797	0.856514593590002	39.3177817190365	76.6417217153215	0.00750688300179705
SNP.27	3.162e-17	0.483333	745371	2.6862123468611e-06	8.44041978104005	0.99988062703619	31.0994620259676	2.00597e-25	0.483333	532	0.00376358041953422	10.4201687323094	0.856699644168281	45.5387816455345	76.6382436715021	0.00748081908576497
SNP.28	1.834e-20	0.473538	747526	2.6830071920755e-06	9.27158499316963	0.999880769453526	38.4587936905811	1.68021e-23	0.473538	532	0.00376995795914179	9.9903302609217	0.856491663785481	41.7711216461031	80.2299153366842	0.271514068203188
SNP.29	7.134e-17	0.481944	744390	2.69027197942009e-06	8.34479089191089	0.999880446651182	30.2977310078576	2.75335e-25	0.481944	532	0.00376430744127918	10.3900062728427	0.856675929883349	45.2687151648379	75.5664461726955	0.00256137645218313
SNP.3	5.087e-17	0.490278	734626	2.7235034211322e-06	8.38466596976639	0.999878970053526	30.637321075169	3.20343e-24	0.490278	532	0.00376082034633959	10.1533003843391	0.856789685290094	43.1912933571109	73.8286144322799	0.000450549671330509
SNP.30	7.88e-19	0.479224	744697	2.69030103491584e-06	8.86170483925048	0.999880445360136	34.7443435003936	6.28494e-24	0.479224	532	0.00376590058232843	10.0873402154622	0.856623968764197	42.6115007007185	77.3558442011121	0.0153320102958641
SNP.31	1.942e-19	0.482759	739524	2.70766174930833e-06	9.01649685185172	0.999879673957907	36.1310639125591	9.73086e-23	0.482759	532	0.00376387377348776	9.81471912326537	0.85669007527415	40.2905526954614	76.4216166080205	0.00602378154635176
SNP.32	3.504e-19	0.484765	747934	2.67651767045322e-06	8.95158945241309	0.999881057808019	35.5422749043585	5.79075e-24	0.484765	532	0.00376289204385856	10.0953780718779	0.856722099090435	42.6856421786252	78.2279170829838	0.036672079938637
SNP.33	4.065e-17	0.481944	745351	2.68680334333827e-06	8.4110085764551	0.999880600775951	30.8517902557617	3.95734e-25	0.481944	532	0.00376430744127918	10.3553506070999	0.856675929883349	44.9607640891158	75.8125543448775	0.00327609761583795
SNP.34	1.088e-19	0.48048	750236	2.66989706730285e-06	9.07977452858742	0.999881351987141	36.6965872755579	4.44979e-18	0.48048	532	0.00376513702290417	8.66666057306039	0.856648871863077	31.2006499497341	67.8972372252921	1.1961297331844e-06
SNP.35	3.725e-19	0.481994	750214	2.66936780221265e-06	8.94483672947985	0.999881375504453	35.4805327026328	1.67301e-23	0.481994	532	0.00376428025633301	9.9907559228383	0.856676816589126	41.7833589788491	77.2638916814819	0.0139850695442448
SNP.36	9.099e-20	0.472299	751623	2.66910095011308e-06	9.09921149915713	0.999881387361733	36.8730908904794	1.09385e-21	0.472299	532	0.00377097305155422	9.56762935413743	0.856458569533985	38.2293422985284	75.1024331890079	0.00161047925230773
SNP.37	3.491e-17	0.490251	736239	2.71754231055329e-06	8.42884285937726	0.999879234927717	31.0075743475882	3.15388e-24	0.490251	532	0.00376082825785609	10.1548211233975	0.856789427167781	43.2045112188705	74.2120855664588	0.00066112270853711
SNP.38	4.373e-17	0.481894	745492	2.68631462371949e-06	8.40243887193878	0.999880622491637	30.7796655403954	8.08604e-25	0.481894	532	0.00376433470200355	10.2867491007593	0.856675040707717	44.3541596915905	75.1338252319859	0.00166183738704998
SNP.39	1.531e-16	0.490278	720969	2.77509355361002e-06	8.25406189545526	0.999876677718989	29.560213212784	3.23586e-24	0.490278	532	0.00376082034633959	10.1523176393868	0.856789685290094	43.1827446336621	72.7429578464461	0.000152141611748171
SNP.4	3.606e-17	0.488858	731795	2.73436364929218e-06	8.4250487761247	0.999878487493782	30.9786641889659	4.84746e-24	0.488858	532	0.00376126625325897	10.1128080545251	0.856775137307318	42.8390500340641	73.8177142230301	0.000445665254579467
SNP.40	1.034e-16	0.481944	673067	2.97535246678343e-06	8.30081453808376	0.999867779597134	29.981685617549	3.773e-25	0.481944	532	0.00376430744127918	10.3599142839081	0.856675929883349	45.0012582068234	74.9829438243724	0.00142909652271882
SNP.5	1.95e-15	0.455679	752294	2.67958971336411e-06	7.94448450468501	0.999880921305275	27.0357962149606	2.16414e-23	0.455679	532	0.00378917154854424	9.96521092761878	0.855865692018961	41.5275499243496	68.5633461393103	2.32844354104634e-06
SNP.6	4.457e-17	0.469359	739370	2.71520251118171e-06	8.40020496489331	0.999879338893696	30.766202236423	2.59419e-19	0.469359	532	0.00377357007648952	8.98470937081788	0.856373912433536	33.5951221163839	64.3613243528069	3.48458318929922e-08
SNP.7	7.899e-19	0.48338	739614	2.70710429967268e-06	8.86143641048295	0.999879698727485	34.7450486178832	8.05887e-24	0.48338	532	0.00376355684116186	10.0629001235614	0.856700413279005	42.4041721040703	77.1492207219536	0.012469919945293
SNP.8	1.83e-19	0.486111	749905	2.66906398313654e-06	9.02300453132029	0.99988138900432	36.1826463703956	2.72189e-24	0.486111	532	0.00376230155314663	10.1691805033966	0.856741361927746	43.3272164769751	79.5098628473707	0.132153148412687
SNP.9	5.591e-19	0.481944	746873	2.6813280956207e-06	8.8998742409348	0.999880844062246	35.0816229539839	8.91516e-23	0.481944	532	0.00376430744127918	9.82354555748492	0.856675929883349	40.364167067674	75.4457900216579	0.00227024700782106
