snp	pvalues.df1	MAF.df1	N.df1	V.df1	z.df1	r.df1	lABF.df1	pvalues.df2	MAF.df2	N.df2	V.df2	z.df2	r.df2	lABF.df2	internal.sum.lABF	SNP.PP.H4
SNP.1	2.979e-16	0.476103	718418	2.79026832917731e-06	8.17417385540891	0.99987600345131	28.9067881502549	6.19238e-07	0.476103	386	0.00519320982515778	4.98511865260677	0.812473532033833	9.25863796846893	38.1654261187239	2.77129837173016e-05
SNP.10	2.011e-17	0.498155	745119	2.68417156530809e-06	8.49315604562834	0.999880717715947	31.5455388019609	4.23858e-07	0.498155	386	0.00518141770096063	5.0579182742444	0.812819641069871	9.55915305995226	41.1046918619132	0.000523829774029745
SNP.11	6.4e-19	0.490741	744257	2.68816560396729e-06	8.88486228188384	0.999880540245495	34.9494082482044	4.80747e-07	0.490741	386	0.00518312452826913	5.03384158331668	0.812769525962422	9.45990405619032	44.4093123043947	0.0142681807599251
SNP.12	6.243e-17	0.476103	742671	2.69914806490479e-06	8.36054344949984	0.99988005225297	30.4309241147728	6.19238e-07	0.476103	386	0.00519320982515778	4.98511865260677	0.812473532033833	9.25863796846893	39.6895620832417	0.000127235155717892
SNP.13	1.012e-19	0.498141	748030	2.67372651822813e-06	9.0876529272565	0.999881181829736	36.7688534307639	1.80524e-06	0.498141	386	0.00518141877572587	4.77408737356216	0.812819609511146	8.4250145588301	45.193867989594	0.0312677627131066
SNP.14	4.02e-19	0.48513	740508	2.70323953441543e-06	8.93641502513757	0.999879870453534	35.4114900853829	2.02633e-06	0.48513	386	0.00518593394080545	4.75078049605858	0.812687050691757	8.33365169099057	43.7451417763735	0.00734383663439839
SNP.15	6.924e-15	0.476103	740164	2.70829031472877e-06	7.78586107487413	0.99987964602839	25.7936317349559	0.000104032	0.476103	386	0.00519320982515778	3.88099027813807	0.812473532033833	5.28185527831045	31.0754870132663	2.3097334081869e-08
SNP.16	3.359e-17	0.476103	737731	2.71722212095046e-06	8.43335283962372	0.99987924915493	31.0455354383244	6.19238e-07	0.476103	386	0.00519320982515778	4.98511865260677	0.812473532033833	9.25863796846893	40.3041734067933	0.000235249891605251
SNP.17	2.554e-19	0.488764	752139	2.6604264528991e-06	8.98642623135644	0.999881772803638	35.8517032406609	5.95862e-07	0.488764	386	0.00518396500481107	4.99255350207694	0.812744850533145	9.29143107270639	45.1431343133672	0.0297210023370837
SNP.18	5.553e-19	0.492424	744352	2.68751782980231e-06	8.90063116523348	0.999880569028581	35.089500835968	1.32003e-06	0.492424	386	0.00518253697318397	4.83671421854267	0.812786776797073	8.6693339102606	43.7588347462286	0.00744508719648847
SNP.19	1.546e-19	0.496324	749855	2.66732649599127e-06	9.04145507279125	0.999881466207659	36.3489537364624	2.11107e-06	0.496324	386	0.00518162722707651	4.74249024254908	0.812813488724097	8.30275605049929	44.6517097869617	0.0181819513666315
SNP.2	2.498e-16	0.476103	729110	2.74935056783051e-06	8.19538131239254	0.999877821570822	29.0730203912326	6.19238e-07	0.476103	386	0.00519320982515778	4.98511865260677	0.812473532033833	9.25863796846893	38.3316583597015	3.27248023027712e-05
SNP.20	4.94e-17	0.476103	732851	2.73531589983626e-06	8.38811472907553	0.999878445181822	30.6683854178203	6.19238e-07	0.476103	386	0.00519320982515778	4.98511865260677	0.812473532033833	9.25863796846893	39.9270233862892	0.000161337476289182
SNP.21	9.691e-20	0.49631	748075	2.67367434379316e-06	9.09236247064876	0.999881184148049	36.8116484698946	2.10711e-06	0.49631	386	0.00518162936459343	4.74287047716303	0.812813425960357	8.30422128417303	45.1158697540677	0.0289216192386186
SNP.22	3.206e-19	0.483456	747611	2.67812008030706e-06	8.9613937591333	0.999880986606749	35.6303730125073	9.9976e-07	0.483456	386	0.00518702598797524	4.89168570897858	0.812654996234409	8.88544202148428	44.5158150339916	0.0158716526510321
SNP.23	2.541e-19	0.492647	751208	2.66295437007404e-06	8.98698729109302	0.999881660478341	35.8572150023397	5.80177e-07	0.492647	386	0.00518246794413103	4.99770150353521	0.812788803563673	9.31276227725241	45.1699772795921	0.0305296063112004
SNP.24	3.281e-19	0.492647	748394	2.67296721571068e-06	8.95884398111036	0.999881215568497	35.6065757633232	5.80177e-07	0.492647	386	0.00518246794413103	4.99770150353521	0.812788803563673	9.31276227725241	44.9193380405756	0.023761287304317
SNP.25	1.911e-19	0.483456	749795	2.67031926240965e-06	9.01826019069711	0.999881333227367	36.1400872961759	2.40904e-07	0.483456	386	0.00518702598797524	5.16463853578606	0.812654996234409	10.0007712365036	46.1408585326795	0.080606409171284
SNP.26	5.771e-20	0.5	749966	2.6667875610361e-06	9.14853656461239	0.999881490154646	37.3226439946885	1.22675e-06	0.5	386	0.00518134715025907	4.85126743224549	0.812821712681329	8.72694961979497	46.0495936144835	0.0735755850920484
SNP.27	3.162e-17	0.49631	745371	2.68337369542559e-06	8.44041978104005	0.999880753168373	31.0989379281813	3.63201e-07	0.49631	386	0.00518162936459343	5.08729794884539	0.812813425960357	9.68022502808613	40.7791629562674	0.000378281212399956
SNP.28	1.834e-20	0.5	747526	2.67549222368185e-06	9.27158499316963	0.999881103372592	38.4574057698961	5.79467e-07	0.5	386	0.00518134715025907	4.99793769578339	0.812821712681329	9.31404485468945	47.7714506245855	0.41164867562814
SNP.29	7.134e-17	0.5	744390	2.68676365883475e-06	8.34479089191089	0.999880602539285	30.2970840496908	4.37959e-07	0.5	386	0.00518134715025907	5.0516721329685	0.812821712681329	9.53351083327422	39.830594882965	0.000146506499677603
SNP.3	5.087e-17	0.476103	734626	2.72870684199974e-06	8.38466596976639	0.999878738846406	30.6382672016832	6.19238e-07	0.476103	386	0.00519320982515778	4.98511865260677	0.812473532033833	9.25863796846893	39.8969051701522	0.000156550725342874
SNP.30	7.88e-19	0.492647	744697	2.68623698824432e-06	8.86170483925048	0.999880625941279	34.7435947956386	6.008e-07	0.492647	386	0.00518246794413103	4.99095980599088	0.812788803563673	9.28539546145687	44.0289902570954	0.00975431634425741
SNP.31	1.942e-19	0.492424	739524	2.7050633537911e-06	9.01649685185172	0.999879789414376	36.1305886102919	3.67384e-07	0.492424	386	0.00518253697318397	5.08512501509302	0.812786776797073	9.67096843832679	45.8015570486187	0.0574133400022665
SNP.32	3.504e-19	0.490809	747934	2.67493659102969e-06	8.95158945241309	0.999881128061505	35.5419823056662	5.41142e-07	0.490809	386	0.00518309850848497	5.01111984029172	0.812770289897414	9.36715874281385	44.90914104848	0.0235202247905446
SNP.33	4.065e-17	0.498155	745351	2.68333608269232e-06	8.4110085764551	0.999880754839651	30.851150126727	4.23249e-07	0.498155	386	0.00518141770096063	5.05819253003436	0.812819641069871	9.56028060415489	40.4114307308819	0.000261885043390419
SNP.34	1.088e-19	0.496016	750236	2.66599708106546e-06	9.07977452858742	0.999881525278764	36.695863608887	1.12961e-05	0.496016	386	0.00518167612981923	4.39074876176845	0.812812052799164	6.99714852378379	43.6930121326707	0.00697081232990785
SNP.35	3.725e-19	0.492647	750214	2.66648266552554e-06	8.94483672947985	0.999881503702347	35.4799971873152	5.80177e-07	0.492647	386	0.00518246794413103	4.99770150353521	0.812788803563673	9.31276227725241	44.7927594645676	0.0209361869858112
SNP.36	9.099e-20	0.496324	751623	2.66105229570081e-06	9.09921149915713	0.99988174499498	36.8715958503301	2.11107e-06	0.496324	386	0.00518162722707651	4.74249024254908	0.812813488724097	8.30275605049929	45.1743519008293	0.0306634543290687
SNP.37	3.491e-17	0.476015	736239	2.72277461060959e-06	8.42884285937726	0.999879002437266	31.008527736771	6.14256e-07	0.476015	386	0.00519329755580465	4.9866802455934	0.81247095816814	9.26493870369315	40.2734664404642	0.000228135865176185
SNP.38	4.373e-17	0.5	745492	2.68279203532701e-06	8.40243887193878	0.999880779013768	30.7790150592423	4.91296e-07	0.5	386	0.00518134715025907	5.02968120632924	0.812821712681329	9.44341023662742	40.2224252958697	0.000216783726998354
SNP.39	1.531e-16	0.476103	720969	2.78039554060009e-06	8.25406189545526	0.999876442133295	29.5611594391697	6.19238e-07	0.476103	386	0.00519320982515778	4.98511865260677	0.812473532033833	9.25863796846893	38.8197974076386	5.33179111358665e-05
SNP.4	3.606e-17	0.47786	731795	2.73837501040393e-06	8.4250487761247	0.999878309254422	30.9793907455586	7.58271e-07	0.47786	386	0.00519152627134337	4.94581203547306	0.812522927755129	9.10053533776033	40.0799260833189	0.0001879922980604
SNP.40	1.034e-16	0.498155	673067	2.97151283983734e-06	8.30081453808376	0.999867950202126	29.9810459248054	4.24171e-07	0.498155	386	0.00518141770096063	5.05777746635083	0.812819641069871	9.55857418207372	39.5396201068791	0.000109518667895193
SNP.5	1.95e-15	0.4375	752294	2.70073406373842e-06	7.94448450468501	0.999879981781047	27.0396960565558	4.17925e-07	0.4375	386	0.00526359075581874	5.06060647272094	0.810413904955158	9.5457878216486	36.5854838782044	5.70851425401745e-06
SNP.6	4.457e-17	0.48513	739370	2.70740022066206e-06	8.40020496489331	0.999879685578606	30.7647757943845	0.000271502	0.48513	386	0.00518593394080545	3.64107502238498	0.812687050691757	4.54958248607182	35.3143582804564	1.6013278500807e-06
SNP.7	7.899e-19	0.490775	739614	2.70503402697439e-06	8.86143641048295	0.999879790717477	34.7446697516435	4.75395e-07	0.490775	386	0.00518311149436953	5.0359861235955	0.812769908634594	9.46868382713428	44.2133535787778	0.0117291032527686
SNP.8	1.83e-19	0.48893	749905	2.66831243955935e-06	9.02300453132029	0.999881422398335	36.1825069387967	4.41772e-07	0.48893	386	0.00518388818649677	5.05001645872067	0.812747105768716	9.52596148517256	45.7084684239693	0.0523100260771993
SNP.9	5.591e-19	0.49262	746873	2.6784149515976e-06	8.8998742409348	0.999880973504478	35.0810846219984	8.20892e-07	0.49262	386	0.00518247619208433	4.9303338706708	0.812788561394438	9.04095192731956	44.122036549318	0.0107054845107239
