snp	pvalues.df1	MAF.df1	N.df1	V.df1	z.df1	r.df1	lABF.df1	pvalues.df2	MAF.df2	N.df2	V.df2	z.df2	r.df2	lABF.df2	internal.sum.lABF	SNP.PP.H4
SNP.1	2.979e-16	0.487805	718418	2.78555165985109e-06	8.17417385540891	0.999876213029118	28.9059493416266	5.79931e-15	0.487805	670	0.00298685142144313	7.80823777868651	0.882808144009104	25.8398067979661	54.7457561395927	6.77982460280875e-05
SNP.10	2.011e-17	0.494565	745119	2.68445220391026e-06	8.49315604562834	0.999880705246096	31.5455906198209	5.15267e-16	0.494565	670	0.00298542737570956	8.10784194770105	0.882857472558808	27.946063491533	59.4916541113539	0.00780433241719306
SNP.11	6.4e-19	0.498634	744257	2.68726384536446e-06	8.88486228188384	0.999880580314082	34.9492420941229	2.39825e-14	0.498634	670	0.00298509690710361	7.62724422277063	0.882868920687857	24.6081546549202	59.5573967490431	0.00833465109657611
SNP.12	6.243e-17	0.487805	742671	2.69458542526489e-06	8.36054344949984	0.999880254988351	30.4300853864978	5.79931e-15	0.487805	670	0.00298685142144313	7.80823777868651	0.882808144009104	25.8398067979661	56.2698921844639	0.000311273631592087
SNP.13	1.012e-19	0.479396	748030	2.67823747098373e-06	9.0876529272565	0.999880981390627	36.7696879133811	5.77825e-14	0.479396	670	0.00299015220211934	7.51301138592203	0.882693827074492	23.8404926802741	60.6101805936552	0.0238839216896306
SNP.14	4.02e-19	0.466033	740508	2.71337089023096e-06	8.93641502513757	0.999879420279434	35.4133423106784	1.22681e-12	0.466033	670	0.00299891470325843	7.10231860474396	0.88239049629531	21.1849881094877	56.5983304201661	0.000432296028789091
SNP.15	6.924e-15	0.47019	740164	2.71174286849132e-06	7.78586107487413	0.999879492618513	25.7942640071419	4.11718e-11	0.47019	670	0.0029957230574836	6.59979813474744	0.882500957092712	18.1490325525709	43.9432965597128	1.37965300779036e-09
SNP.16	3.359e-17	0.487805	737731	2.71262892892789e-06	8.43335283962372	0.999879453247541	31.0446968829403	5.79931e-15	0.487805	670	0.00298685142144313	7.80823777868651	0.882808144009104	25.8398067979661	56.8845036809064	0.000575525689725826
SNP.17	2.554e-19	0.498619	752139	2.65910324741091e-06	8.98642623135644	0.99988183159887	35.8514568992605	4.98718e-15	0.498619	670	0.00298509739911103	7.82723458982717	0.882868903643462	25.9725163911833	61.8239732904438	0.0803987152587505
SNP.18	5.553e-19	0.495763	744352	2.68709377776336e-06	8.90063116523348	0.999880587870837	35.08942269264	4.78626e-14	0.495763	670	0.00298528899651599	7.53762003794507	0.882862266269608	24.008023408949	59.097446101589	0.00526178860453041
SNP.19	1.546e-19	0.48374	749855	2.67000598781599e-06	9.04145507279125	0.999881347147378	36.349450838779	9.5949e-14	0.48374	670	0.00298823483581158	7.44636241493383	0.88276022819701	23.4020157584277	59.7514665972067	0.0101197757391563
SNP.2	2.498e-16	0.487805	729110	2.7447030658843e-06	8.19538131239254	0.999878028076037	29.0721815142615	5.79931e-15	0.487805	670	0.00298685142144313	7.80823777868651	0.882808144009104	25.8398067979661	54.9119883122276	8.00593710422978e-05
SNP.20	4.94e-17	0.487805	732851	2.73069212209153e-06	8.38811472907553	0.999878650633141	30.6675468332609	5.79931e-15	0.487805	670	0.00298685142144313	7.80823777868651	0.882808144009104	25.8398067979661	56.507353631227	0.00039470309200703
SNP.21	9.691e-20	0.48224	748075	2.67690609691028e-06	9.09236247064876	0.999881040548728	36.8122464628788	2.68824e-14	0.48224	670	0.00298884556484501	7.61250970583045	0.882739076697639	24.5058220763318	61.3180685392107	0.0484771932683479
SNP.22	3.206e-19	0.49458	747611	2.67550241879584e-06	8.9613937591333	0.999881102919584	35.6298887895192	3.95683e-14	0.49458	670	0.0029854254310722	7.56240536031944	0.882857539924276	24.1731180063536	59.8030067958727	0.0106550259616509
SNP.23	2.541e-19	0.497283	751208	2.66245708040369e-06	8.98698729109302	0.999881682574874	35.8571225251967	3.3682e-14	0.497283	670	0.00298516277381477	7.58332104925987	0.882866638902462	24.3131780574855	60.1703005826822	0.0153839612422203
SNP.24	3.281e-19	0.49729	748394	2.67246765009607e-06	8.95884398111036	0.999881237766139	35.6064832087278	3.36519e-14	0.49729	670	0.00298516232018805	7.58343699404294	0.882866654617171	24.3139547056188	59.9204379143466	0.0119826865514782
SNP.25	1.911e-19	0.490489	749795	2.66836126529793e-06	9.01826019069711	0.999881420228817	36.139724120788	5.63863e-15	0.490489	670	0.00298615512673741	7.81177915177337	0.882832262776089	25.8648566384069	62.0045807591949	0.0963132273893465
SNP.26	5.771e-20	0.487535	749966	2.66844601330876e-06	9.14853656461239	0.999881416463131	37.3229517230637	4.07215e-14	0.487535	670	0.00298693101913002	7.55866889860989	0.882805386929949	24.1469102977881	61.4698620208518	0.0564235670710605
SNP.27	3.162e-17	0.495924	745371	2.68340587310366e-06	8.44041978104005	0.999880751738595	31.0989438722511	3.74263e-16	0.495924	670	0.00298527301349425	8.14661171255374	0.882862819954349	28.2243982680409	59.323342140292	0.00659536445219255
SNP.28	1.834e-20	0.493169	747526	2.67599169818526e-06	9.27158499316963	0.999881081179004	38.4574981387246	2.27942e-14	0.493169	670	0.00298563189578751	7.6337951524843	0.882850387700962	24.65182572462	63.1093238633447	0.290716559332137
SNP.29	7.134e-17	0.494565	744390	2.68708115601419e-06	8.34479089191089	0.999880588431669	30.2971426333808	5.22854e-16	0.494565	670	0.00298542737570956	8.10606518894614	0.882857472558808	27.9333467235696	58.2304893569504	0.00221115336319662
SNP.3	5.087e-17	0.487772	734626	2.72410302349448e-06	8.38466596976639	0.999878943410983	30.6374301924482	5.69249e-15	0.487772	670	0.00298686105632486	7.81058113551081	0.882807810278244	25.8559536368554	56.4933838293036	0.000389227503485609
SNP.30	7.88e-19	0.49458	744697	2.68597166205635e-06	8.86170483925048	0.999880637730739	34.7435458757856	2.84007e-14	0.49458	670	0.0029854254310722	7.60540776242725	0.882857539924276	24.4610409805492	59.2045868563348	0.00585684909910231
SNP.31	1.942e-19	0.495845	739524	2.70462908808659e-06	9.01649685185172	0.999879808710434	36.1305091288107	8.04317e-14	0.495845	670	0.00298528077871365	7.46961187787769	0.882862550951093	23.557499239532	59.6880083683427	0.00949754433925537
SNP.32	3.504e-19	0.498645	747934	2.67405237401679e-06	8.95158945241309	0.999881167350698	35.5418185940047	4.06382e-15	0.498645	670	0.00298509654971324	7.8529443549057	0.882868933068773	26.1504742842863	61.692292878291	0.0704792108333526
SNP.33	4.065e-17	0.494565	745351	2.68361663394214e-06	8.4110085764551	0.99988074237368	30.8512019533839	5.24015e-16	0.494565	670	0.00298542737570956	8.10579554421086	0.882857472558808	27.9314170430565	58.7826189964403	0.00384065875506615
SNP.34	1.088e-19	0.485549	750236	2.66805651543305e-06	9.07977452858742	0.999881433770043	36.6962458828534	1.37074e-12	0.485549	670	0.00298757022076482	7.08697614429025	0.882783247093093	21.0971309620128	57.7933768448662	0.00142818120640836
SNP.35	3.725e-19	0.49729	750214	2.66598431184435e-06	8.94483672947985	0.999881525846151	35.4799046277558	3.36519e-14	0.49729	670	0.00298516232018805	7.58343699404294	0.882866654617171	24.3139547056188	59.7938593333746	0.0105580039404341
SNP.36	9.099e-20	0.48374	751623	2.66372548470943e-06	9.09921149915713	0.999881626214691	36.8720929020055	9.5949e-14	0.48374	670	0.00298823483581158	7.44636241493383	0.88276022819701	23.4020157584277	60.2741086604332	0.0170667745846702
SNP.37	3.491e-17	0.487738	736239	2.71814394105067e-06	8.42884285937726	0.999879208195043	31.0076840662127	5.87724e-15	0.487738	670	0.00298687101047045	7.80655484676755	0.882807465489059	25.8281895220069	56.8358735882196	0.000548207449857104
SNP.38	4.373e-17	0.493188	745492	2.68329008985937e-06	8.40243887193878	0.99988075688329	30.7791070822609	2.89341e-16	0.493188	670	0.00298562879950663	8.17768832647006	0.882850494959558	28.447978666705	59.2270857489659	0.00599011526717705
SNP.39	1.531e-16	0.487805	720969	2.77569556023477e-06	8.25406189545526	0.999876650969739	29.5603207424429	5.79931e-15	0.487805	670	0.00298685142144313	7.80823777868651	0.882808144009104	25.8398067979661	55.400127540409	0.000130439266239838
SNP.4	3.606e-17	0.48913	731795	2.73429813289917e-06	8.4250487761247	0.999878490404914	30.9786523134061	6.43671e-15	0.48913	670	0.00298648612263425	7.79508114862001	0.882820797332984	25.749522678703	56.728174992109	0.000492234474589552
SNP.40	1.034e-16	0.494565	673067	2.97182352087594e-06	8.30081453808376	0.999867936397726	29.981097716161	5.17246e-16	0.494565	670	0.00298542737570956	8.1073760234594	0.882857472558808	27.9427284695602	57.9238261857212	0.00162718429052354
SNP.5	1.95e-15	0.445799	752294	2.69014699411416e-06	7.94448450468501	0.999880452204757	27.037747249781	3.8414e-16	0.445799	670	0.00302056931759719	8.14345982788366	0.881641773739177	28.1664308700336	55.2041781198146	0.000107228096127808
SNP.6	4.457e-17	0.47561	739370	2.711457494542e-06	8.40020496489331	0.999879505298743	30.7655180761036	1.34198e-11	0.47561	670	0.00299219451901421	6.76403785024677	0.88262310972159	19.1197954497701	49.8853135258737	5.25236685269065e-07
SNP.7	7.899e-19	0.498641	739614	2.70413320347797e-06	8.86143641048295	0.999879830744453	34.7445048067706	2.40177e-14	0.498641	670	0.00298509667933903	7.62705507621863	0.882868928578204	24.6068811807204	59.351385987491	0.00678294174629783
SNP.8	1.83e-19	0.497283	749905	2.6670832418185e-06	9.02300453132029	0.999881477016393	36.1822788039703	2.78225e-15	0.497283	670	0.00298516277381477	7.90030355997698	0.882866638902462	26.4797496537106	62.6620284576809	0.185871089072268
SNP.9	5.591e-19	0.495924	746873	2.67800940593802e-06	8.8998742409348	0.999880991524439	35.0810096326587	9.37955e-14	0.495924	670	0.00298527301349425	7.4493580471682	0.882862819954349	23.4241199038435	58.5051295365022	0.00291000396215232
