snp	pvalues.df1	MAF.df1	N.df1	V.df1	z.df1	r.df1	lABF.df1	pvalues.df2	MAF.df2	N.df2	V.df2	z.df2	r.df2	lABF.df2	internal.sum.lABF	SNP.PP.H4
SNP.1	2.979e-16	0.496255	718418	2.78405079841373e-06	8.17417385540891	0.999876279717562	28.9056821292232	5.94073e-08	0.496255	387	0.00516824859559379	5.42057602893203	0.813206514400885	11.1082031392085	40.0138852684317	1.86647651742671e-05
SNP.10	2.011e-17	0.490637	745119	2.68507657457058e-06	8.49315604562834	0.99988067750291	31.5457058856848	2.46837e-09	0.490637	387	0.00516977150430867	5.96353602539155	0.813161756557923	13.6207895364379	45.1664954221227	0.00322680474934419
SNP.11	6.4e-19	0.49812	744257	2.68728177981497e-06	8.88486228188384	0.999880579517185	34.9492453991947	3.51229e-08	0.49812	387	0.00516803171989599	5.51376926765202	0.813212888715185	11.5226145575328	46.4718599567275	0.0119037912346811
SNP.12	6.243e-17	0.496255	742671	2.69313357663729e-06	8.36054344949984	0.999880319499508	30.4298181996637	5.94073e-08	0.496255	387	0.00516824859559379	5.42057602893203	0.813206514400885	11.1082031392085	41.5380213388722	8.56932107765013e-05
SNP.13	1.012e-19	0.482824	748030	2.67684839937062e-06	9.0876529272565	0.999881043112453	36.7694310999353	3.53037e-08	0.482824	387	0.00517406436222533	5.51286601081545	0.813035617229833	11.5163453175917	48.285776417527	0.0730229226912766
SNP.14	4.02e-19	0.469925	740508	2.71065582038009e-06	8.93641502513757	0.999879540920121	35.4128466246077	1.58646e-08	0.469925	387	0.00518672434170032	5.6519410547357	0.81266385009337	12.1426195181799	47.5554661427876	0.0351794859282136
SNP.15	6.924e-15	0.473783	740164	2.70955329894255e-06	7.78586107487413	0.999879589909272	25.7938631216014	1.43346e-06	0.473783	387	0.00518220622211503	4.82029512739016	0.812796488092954	8.60498333731922	34.3988464589206	6.79895488978273e-08
SNP.16	3.359e-17	0.496255	737731	2.71116735842034e-06	8.43335283962372	0.999879518190575	31.0444297511207	5.94073e-08	0.496255	387	0.00516824859559379	5.42057602893203	0.813206514400885	11.1082031392085	42.1526328903293	0.000158441454542592
SNP.17	2.554e-19	0.496212	752139	2.65923559094918e-06	8.98642623135644	0.999881825718325	35.8514815432511	8.66662e-09	0.496212	387	0.00516825529235382	5.75495242208772	0.813206317574275	12.6276088334127	48.4790903766638	0.0885960576404936
SNP.18	5.553e-19	0.492337	744352	2.68753208552009e-06	8.90063116523348	0.999880568395144	35.0895034627622	2.31521e-08	0.492337	387	0.0051691728240854	5.58662794022765	0.813179351007351	11.8510280734069	46.9405315361692	0.0190207125567961
SNP.19	1.546e-19	0.483083	749855	2.67023905018029e-06	9.04145507279125	0.999881336791509	36.3494940529497	5.63751e-08	0.483083	387	0.00517388140303085	5.42993335648962	0.813040992418786	11.1474890134045	47.4969830663542	0.0331810871735242
SNP.2	2.498e-16	0.496241	729110	2.74322536659414e-06	8.19538131239254	0.999878093735545	29.0719144884888	5.94945e-08	0.496241	387	0.00516825076753864	5.42031383179143	0.813206450564551	11.1070466227734	40.1789611112622	2.20147652076856e-05
SNP.20	4.94e-17	0.496255	732851	2.72922081909528e-06	8.38811472907553	0.99987871600852	30.6672796921574	5.94073e-08	0.496255	387	0.00516824859559379	5.42057602893203	0.813206514400885	11.1082031392085	41.7754828313659	0.000108661233626694
SNP.21	9.691e-20	0.484962	748075	2.67594929587559e-06	9.09236247064876	0.999881083063103	36.8120694955758	6.4639e-08	0.484962	387	0.00517263764731816	5.40546908400726	0.813077534811017	11.0401645935423	47.8522340891181	0.0473341050615944
SNP.22	3.206e-19	0.494382	747611	2.67552581124808e-06	8.9613937591333	0.999881101880166	35.6298931188446	9.36626e-08	0.494382	387	0.00516861118158394	5.33860859437016	0.813195857657498	10.7494952659378	46.3793883847824	0.0108523903945478
SNP.23	2.541e-19	0.494382	751208	2.66271462400958e-06	8.98698729109302	0.9998816711312	35.8571704207816	1.72578e-08	0.494382	387	0.00516861118158394	5.63745867609674	0.813195857657498	12.0832172231763	47.9403876439579	0.0516962180891372
SNP.24	3.281e-19	0.494382	748394	2.67272656818866e-06	8.95884398111036	0.999881226261402	35.6065311807022	1.72578e-08	0.494382	387	0.00516861118158394	5.63745867609674	0.813195857657498	12.0832172231763	47.6897484038785	0.0402353268737155
SNP.25	1.911e-19	0.492481	749795	2.66799910000872e-06	9.01826019069711	0.999881436321235	36.1396569157536	2.55323e-08	0.492481	387	0.00516912761031277	5.56960123932201	0.813180679813478	11.7738118823689	47.9134687981225	0.0503231787911786
SNP.26	5.771e-20	0.486692	749966	2.66867808316259e-06	9.14853656461239	0.999881406151362	37.3229947685734	1.03929e-07	0.486692	387	0.00517162229280908	5.3197166263683	0.813107369055373	10.6666087389143	47.9896035074877	0.0543041413120178
SNP.27	3.162e-17	0.490602	745371	2.68417583853856e-06	8.44041978104005	0.999880717526071	31.0990860838437	9.55173e-09	0.490602	387	0.00516978508771919	5.73850259555688	0.813161357367618	12.5501143221203	43.6492004059639	0.000707652156613722
SNP.28	1.834e-20	0.494318	747526	2.67583778270033e-06	9.27158499316963	0.999881088018065	38.4574696766806	9.5999e-08	0.494318	387	0.0051686261352735	5.33413893728801	0.81319541816049	10.7300940367049	49.1875637133855	0.179928706455743
SNP.29	7.134e-17	0.490602	744390	2.6877131999991e-06	8.34479089191089	0.999880560347535	30.2972592355885	2.51954e-09	0.490602	387	0.00516978508771919	5.96018404840677	0.813161357367618	13.6045332754583	43.9017925110468	0.000911001709556233
SNP.3	5.087e-17	0.496255	734626	2.72262648816513e-06	8.38466596976639	0.999879009018893	30.6371614448636	5.94073e-08	0.496255	387	0.00516824859559379	5.42057602893203	0.813206514400885	11.1082031392085	41.7453645840721	0.000105437340425562
SNP.30	7.88e-19	0.492509	744697	2.68625900391098e-06	8.86170483925048	0.999880624963038	34.7435988545859	8.42161e-08	0.492509	387	0.00516911891843798	5.35785431995085	0.813180935263052	10.8330237534532	45.5766226080392	0.00486282522895241
SNP.31	1.942e-19	0.496124	739524	2.70460484613196e-06	9.01649685185172	0.999879809787596	36.1305046915465	2.05424e-08	0.496124	387	0.00516826923573874	5.60737016978522	0.813205907760108	11.9457799376209	48.0762846291674	0.0592213200459379
SNP.32	3.504e-19	0.498127	747934	2.67407025944245e-06	8.95158945241309	0.999881166555979	35.5418219060105	1.57582e-08	0.498127	387	0.00516803117681093	5.65309734405847	0.813212904677426	12.1552366772592	47.6970585832697	0.0405305320176916
SNP.33	4.065e-17	0.488722	745351	2.68466543177071e-06	8.4110085764551	0.999880695771563	30.8513956510077	5.80443e-09	0.488722	387	0.00517058931327063	5.82229694583612	0.813137723424241	12.9436437531672	43.7950394041748	0.000818760545574289
SNP.34	1.088e-19	0.49031	750236	2.66682943904756e-06	9.07977452858742	0.999881488293843	36.696018147786	1.97914e-07	0.49031	387	0.00516990039026689	5.20128625211471	0.813157968863327	10.1605893415049	46.856607489291	0.0174895659746076
SNP.35	3.725e-19	0.494382	750214	2.66624260180827e-06	8.94483672947985	0.999881514369317	35.4799526023026	1.72578e-08	0.494382	387	0.00516861118158394	5.63745867609674	0.813195857657498	12.0832172231763	47.5631698254789	0.0354515441044996
SNP.36	9.099e-20	0.483146	751623	2.66393530200513e-06	9.09921149915713	0.999881616891686	36.8721318940218	5.65182e-08	0.483146	387	0.00517383732170284	5.42948090344141	0.813042287502163	11.1455072512181	48.0176391452399	0.0558481348380167
SNP.37	3.491e-17	0.496226	736239	2.71666395165165e-06	8.42884285937726	0.999879273956464	31.0074141183306	5.91124e-08	0.496226	387	0.00516825310361772	5.42146551984649	0.813206381904105	11.1121227867938	42.1195369051244	0.000153283503052753
SNP.38	4.373e-17	0.490602	745492	2.68374017286212e-06	8.40243887193878	0.999880736884371	30.7791902270057	2.44993e-09	0.490602	387	0.00516978508771919	5.9647605810682	0.813161357367618	13.6267223747631	44.4059126017688	0.00150818898834427
SNP.39	1.531e-16	0.496255	720969	2.77420000928583e-06	8.25406189545526	0.999876717422277	29.5600535656478	5.94073e-08	0.496255	387	0.00516824859559379	5.42057602893203	0.813206514400885	11.1082031392085	40.6682567048563	3.59097543549202e-05
SNP.4	3.606e-17	0.494361	731795	2.73335349234195e-06	8.4250487761247	0.999878532378738	30.9784810551021	3.98343e-08	0.494361	387	0.00516861606958238	5.49158479052637	0.813195713996533	11.4231293956568	42.4016104507589	0.000203234952966311
SNP.40	1.034e-16	0.488722	673067	2.97298495429985e-06	8.30081453808376	0.999867884792099	29.9812912818115	5.68499e-09	0.488722	387	0.00517058931327063	5.82576990071879	0.813137723424241	12.960090768965	42.9413820507764	0.000348672927940154
SNP.5	1.95e-15	0.458802	752294	2.6767075312773e-06	7.94448450468501	0.999881049371767	27.0352622281377	6.14608e-08	0.458802	387	0.0052032842778675	5.41449826302136	0.812178071535566	11.0690970907618	38.1043593188996	2.76519617460563e-06
SNP.6	4.457e-17	0.483083	739370	2.7081056885902e-06	8.40020496489331	0.999879654232021	30.7649049408966	3.91746e-06	0.483083	387	0.00517388140303085	4.61571406859866	0.813040992418786	7.8224115710843	38.5873165119809	4.48199730804259e-06
SNP.7	7.899e-19	0.498127	739614	2.70415117267362e-06	8.86143641048295	0.999879829946014	34.7445080975542	3.52019e-08	0.498127	387	0.00516803117681093	5.51337403892866	0.813212904677426	11.5208426674053	46.2653507649595	0.00968276739903066
SNP.8	1.83e-19	0.5	749905	2.66700448723505e-06	9.02300453132029	0.999881480515767	36.1822641837746	2.5003e-08	0.5	387	0.00516795865633075	5.57325025205814	0.813215036189587	11.7907856255407	47.9730498093152	0.0534126064055696
SNP.9	5.591e-19	0.496255	746873	2.67798167358412e-06	8.8998742409348	0.999880992756695	35.0810045042581	2.21991e-08	0.496255	387	0.00516824859559379	5.5939264697423	0.813206514400885	11.8845587382848	46.9655632425429	0.0195028425422441
