snp	pvalues.df1	MAF.df1	N.df1	V.df1	z.df1	r.df1	lABF.df1	pvalues.df2	MAF.df2	N.df2	V.df2	z.df2	r.df2	lABF.df2	internal.sum.lABF	SNP.PP.H4
SNP.1	2.979e-16	0.477273	718418	2.7896582312323e-06	8.17417385540891	0.99987603056005	28.9066797314862	6.96658e-16	0.477273	372	0.00538747496549852	8.07110319996159	0.806813812574866	25.4569674166598	54.363647148146	0.000642282537708303
SNP.10	2.011e-17	0.498099	745119	2.68417381763975e-06	8.49315604562834	0.999880717615867	31.5455392178595	1.65211e-14	0.498099	372	0.00537642180329546	7.67516101144426	0.807133718910083	22.950476434652	54.4960156525116	0.00073318407885741
SNP.11	6.4e-19	0.494275	744257	2.68759613867285e-06	8.88486228188384	0.999880565549017	34.9493033275786	2.71743e-14	0.494275	372	0.00537704903059204	7.61111419268933	0.807115558584005	22.5548904998129	57.5041938273916	0.0148473247429659
SNP.12	6.243e-17	0.477273	742671	2.69855789059415e-06	8.36054344949984	0.999880078476648	30.4308157063976	6.96658e-16	0.477273	372	0.00538747496549852	8.07110319996159	0.806813812574866	25.4569674166598	55.8877831230574	0.00294883150739736
SNP.13	1.012e-19	0.486486	748030	2.67564415016256e-06	9.0876529272565	0.99988109662191	36.7692083477514	2.14456e-13	0.486486	372	0.00538027444528521	7.3394608386165	0.807022184955749	20.9136185633274	57.6828269110788	0.0177511939902913
SNP.14	4.02e-19	0.484674	740508	2.70338856211995e-06	8.93641502513757	0.999879863831672	35.4115173815524	1.00542e-12	0.484674	372	0.00538140015418904	7.12976285512902	0.806989601511081	19.6885547598847	55.1000721414371	0.00134137876096716
SNP.15	6.924e-15	0.469697	740164	2.71206551127655e-06	7.78586107487413	0.99987947828229	25.7943230518353	2.69755e-11	0.469697	372	0.00539616466959274	6.66220194858755	0.806562488660864	17.0782113584449	42.8725344102802	6.56446385918846e-09
SNP.16	3.359e-17	0.477273	737731	2.71662799471006e-06	8.43335283962372	0.999879275554164	31.045427052313	6.96658e-16	0.477273	372	0.00538747496549852	8.07110319996159	0.806813812574866	25.4569674166598	56.5023944689728	0.00545220622458688
SNP.17	2.554e-19	0.490272	752139	2.66008990167965e-06	8.98642623135644	0.999881787757934	35.8516405965943	7.48633e-15	0.490272	372	0.0053783799961275	7.77598377973429	0.807077025391196	23.5775968033768	59.4292373999711	0.101785053344621
SNP.18	5.553e-19	0.494048	744352	2.68728162293972e-06	8.90063116523348	0.999880579524156	35.0894573098498	4.54391e-13	0.494048	372	0.00537710604999578	7.238285840932	0.807113907722262	20.3206437440611	55.4101010539109	0.00182892236817184
SNP.19	1.546e-19	0.486742	749855	2.66905893259624e-06	9.04145507279125	0.999881389228735	36.3492751976255	1.33472e-12	0.486742	372	0.00538012684382246	7.09066196976253	0.807026457449043	19.4650300875438	55.8143052851693	0.00273992666326017
SNP.2	2.498e-16	0.477273	729110	2.74874941663871e-06	8.19538131239254	0.999877848282125	29.0729119636238	6.96658e-16	0.477273	372	0.00538747496549852	8.07110319996159	0.806813812574866	25.4569674166598	54.5298793802836	0.000758437600859917
SNP.20	4.94e-17	0.477273	732851	2.73471781735366e-06	8.38811472907553	0.999878471756804	30.6682770280348	6.96658e-16	0.477273	372	0.00538747496549852	8.07110319996159	0.806813812574866	25.4569674166598	56.1252444446946	0.0037391948755464
SNP.21	9.691e-20	0.48855	748075	2.67493148454404e-06	9.09236247064876	0.999881128288406	36.8118811738073	1.22291e-12	0.48855	372	0.00537916497392548	7.10275849646214	0.807054300982241	19.5349399065472	56.3468210803545	0.00466667557555815
SNP.22	3.206e-19	0.484848	747611	2.67764700231965e-06	8.9613937591333	0.999881007627433	35.630285536493	6.36795e-15	0.484848	372	0.00538128589529892	7.79643718095651	0.806992908594425	23.7037889037569	59.3340744402499	0.0925454902288366
SNP.23	2.541e-19	0.496212	751208	2.66253128047216e-06	8.98698729109302	0.999881679277873	35.8571363247208	3.10576e-14	0.496212	372	0.00537665268317454	7.59383409288058	0.80712703407107	22.4491596351345	58.3062959598552	0.0331128634082388
SNP.24	3.281e-19	0.496212	748394	2.6725425352701e-06	8.95884398111036	0.9998812344387	35.6064970838281	3.10576e-14	0.496212	372	0.00537665268317454	7.59383409288058	0.80712703407107	22.4491596351345	58.0556567189625	0.025771844268653
SNP.25	1.911e-19	0.490494	749795	2.66836025004644e-06	9.01826019069711	0.999881420273928	36.1397239324062	6.67937e-15	0.490494	372	0.00537828810129992	7.79040697729961	0.807079685748382	23.6682719460051	59.8079958784113	0.148654043127798
SNP.26	5.771e-20	0.49031	749966	2.66778954117025e-06	9.14853656461239	0.999881445632752	37.3228299367535	1.1214e-12	0.49031	372	0.00537836411568087	7.11472032044335	0.807077485129205	19.6040932489419	56.9269231856954	0.00833571299915666
SNP.27	3.162e-17	0.496198	745371	2.68338270246479e-06	8.44041978104005	0.999880752768155	31.0989395920271	1.54477e-14	0.496198	372	0.00537665496859914	7.68376742635926	0.807126967900004	23.0036402561059	54.1025798481331	0.000494704689046324
SNP.28	1.834e-20	0.498084	747526	2.67553151178589e-06	9.27158499316963	0.999881101626869	38.4574130361555	6.07334e-14	0.498084	372	0.00537642303462166	7.50649080757306	0.807133683258275	21.9170649701006	60.3744780062561	0.261936963083621
SNP.29	7.134e-17	0.5	744390	2.68676365883475e-06	8.34479089191089	0.999880602539285	30.2970840496908	2.3021e-14	0.5	372	0.00537634408602151	7.63251928768991	0.807135969141755	22.6871095423291	52.9841935920199	0.000161672832487655
SNP.3	5.087e-17	0.477273	734626	2.72811020460132e-06	8.38466596976639	0.999878765357194	30.6381588088409	6.96658e-16	0.477273	372	0.00538747496549852	8.07110319996159	0.806813812574866	25.4569674166598	56.0951262255007	0.00362825601118548
SNP.30	7.88e-19	0.494318	744697	2.68600291709359e-06	8.86170483925048	0.999880636341957	34.743551638726	2.25657e-14	0.494318	372	0.00537703847943775	7.63509327156949	0.80711586406842	22.7024353051166	57.4459869438426	0.0140077789344641
SNP.31	1.942e-19	0.498031	739524	2.70448425766979e-06	9.01649685185172	0.999879815145794	36.130482618357	3.28185e-14	0.498031	372	0.00537642746281988	7.58668841424955	0.807133555044287	22.4055537894715	58.5360364078285	0.0416650345666869
SNP.32	3.504e-19	0.494318	747934	2.67437810602385e-06	8.95158945241309	0.999881152877161	35.5418789092324	1.43219e-14	0.494318	372	0.00537703847943775	7.69345061682636	0.80711586406842	23.0634312443804	58.6053101536128	0.0446536487653206
SNP.33	4.065e-17	0.498099	745351	2.68333833432291e-06	8.4110085764551	0.999880754739602	30.8511505426955	1.64104e-14	0.498099	372	0.00537642180329546	7.67602274629878	0.807133718910083	22.9558150794286	53.8069656221241	0.000368097103197012
SNP.34	1.088e-19	0.495868	750236	2.66600989118184e-06	9.07977452858742	0.999881524709561	36.6958659876332	2.33052e-10	0.495868	372	0.00537671128150724	6.3378113037646	0.807125337447031	15.387388240365	52.0832542279982	6.56695518967973e-05
SNP.35	3.725e-19	0.496212	750214	2.66605901534886e-06	8.94483672947985	0.999881522526782	35.4799185036008	3.10576e-14	0.496212	372	0.00537665268317454	7.59383409288058	0.80712703407107	22.4491596351345	57.9290781387352	0.022707698509378
SNP.36	9.099e-20	0.486742	751623	2.66278065719377e-06	9.09921149915713	0.999881668197086	36.8719172787509	1.33472e-12	0.486742	372	0.00538012684382246	7.09066196976253	0.807026457449043	19.4650300875438	56.3369473662948	0.0046208248861128
SNP.37	3.491e-17	0.477099	736239	2.72221991314732e-06	8.42884285937726	0.999879027084521	31.0084267517181	7.19502e-16	0.477099	372	0.00538764641568728	8.06716344594942	0.806808852372116	25.4311699174095	56.4395966691275	0.0051203486824137
SNP.38	4.373e-17	0.5	745492	2.68279203532701e-06	8.40243887193878	0.999880779013768	30.7790150592423	1.07184e-14	0.5	372	0.00537634408602151	7.7304298995767	0.807135969141755	23.2941547917	54.0731698509423	0.000480367290368984
SNP.39	1.531e-16	0.477273	720969	2.77978760136074e-06	8.25406189545526	0.999876469146141	29.5610510348753	6.96658e-16	0.477273	372	0.00538747496549852	8.07110319996159	0.806813812574866	25.4569674166598	55.0180184515351	0.00123570829163176
SNP.4	3.606e-17	0.479008	731795	2.7378316842811e-06	8.4250487761247	0.999878333396373	30.979292398665	1.96695e-15	0.479008	372	0.00538583746612497	7.94341153000768	0.806861189925978	24.6334045806662	55.6126969793312	0.00223965726837384
SNP.40	1.034e-16	0.498099	673067	2.9715153332817e-06	8.30081453808376	0.999867950091335	29.981046340491	1.6463e-14	0.498099	372	0.00537642180329546	7.67561257522284	0.807133718910083	22.9532739009285	52.9343202414195	0.000153807433790294
SNP.5	1.95e-15	0.4375	752294	2.70073406373842e-06	7.94448450468501	0.999879981781047	27.0396960565558	1.02051e-15	0.4375	372	0.00546168288103772	8.02436674290552	0.804672597701851	25.0900809402657	52.1297769968215	6.87968628261564e-05
SNP.6	4.457e-17	0.480916	739370	2.70895200393698e-06	8.40020496489331	0.99987961662706	30.7650598268807	6.86462e-10	0.480916	372	0.0053841877504056	6.16917734709067	0.806908926356398	14.5326755448467	45.2977353717274	7.42079879974179e-08
SNP.7	7.899e-19	0.494297	739614	2.70446506897757e-06	8.86143641048295	0.99987981599842	34.7445655793041	2.6689e-14	0.494297	372	0.00537704362238381	7.6134425437751	0.807115715166212	22.5691999938678	57.3137655731719	0.0122728737752436
SNP.8	1.83e-19	0.492395	749905	2.6676216257592e-06	9.02300453132029	0.99988145309389	36.1823787392233	1.20985e-14	0.492395	372	0.00537758815931439	7.71499708327494	0.807099949659108	23.1969791397329	59.3793578789562	0.096832603306813
SNP.9	5.591e-19	0.494318	746873	2.6781772996893e-06	8.8998742409348	0.999880984064271	35.0810406792381	2.25657e-14	0.494318	372	0.00537703847943775	7.63509327156949	0.80711586406842	22.7024353051166	57.7834759843547	0.0196308410792133
