snp	pvalues.df1	MAF.df1	N.df1	V.df1	z.df1	r.df1	lABF.df1	pvalues.df2	MAF.df2	N.df2	V.df2	z.df2	r.df2	lABF.df2	internal.sum.lABF	SNP.PP.H4
SNP.1	4.74e-35	0.244361	754748	3.58774671224454e-06	12.3521954278317	0.999840570012541	71.9042504493442	1.76626e-05	0.244361	574	0.00471749939995321	4.29255849217395	0.826674033105285	6.73988138166003	78.6441318310042	1.66945389644734e-05
SNP.10	4.599e-35	0.223058	749702	3.84835326457018e-06	12.3546242416474	0.999828991326099	71.9684208338007	4.8436e-06	0.223058	574	0.00502633822152403	4.57145037638221	0.817398951467009	7.69084065631712	79.6592614901178	4.60722730574717e-05
SNP.100	2.73e-35	0.238035	754614	3.65316513315298e-06	12.3964968172859	0.999837663462623	72.4611737951567	7.28072e-06	0.238035	574	0.00480266472785559	4.48531234534264	0.824095384984321	7.42067983947596	79.8818536346326	5.7558594369601e-05
SNP.101	4.775e-34	0.278894	754033	3.29717023788196e-06	12.1649906534422	0.999853480571627	69.5684810533096	2.39809e-07	0.278894	574	0.00433131562017569	5.16549066299162	0.838572372615274	10.2756680227162	79.8441490760258	5.54287771954499e-05
SNP.102	9.043e-36	0.238693	753570	3.65129479251078e-06	12.4847472920404	0.999837746561894	73.5586368331673	3.979e-05	0.238693	574	0.00479356483761733	4.10869567001038	0.824370144899115	6.08856458589177	79.6472014190591	4.55199752400984e-05
SNP.103	2.744e-34	0.280151	754604	3.2856198880405e-06	12.2101449131712	0.999853993770353	70.1170049041323	2.00647e-07	0.280151	574	0.0043194109930225	5.19873716693676	0.8389445989643	10.4240190889768	80.5410239931091	0.000111271573342643
SNP.104	1.831e-35	0.232412	754570	3.71435787322091e-06	12.4284723389084	0.999834944675614	72.8660996248477	7.81493e-06	0.232412	574	0.00488282756166603	4.47019230118172	0.82168285759862	7.34759201962745	80.2136916444752	8.02094606634102e-05
SNP.105	4.997e-34	0.279449	753942	3.29355395110659e-06	12.1612792243286	0.999853641248415	69.522808323147	2.8166e-07	0.279449	574	0.00432604294948642	5.1353229046019	0.838737194388588	10.1470363394052	79.6698446625523	4.65624531226107e-05
SNP.106	3.732e-35	0.230479	755662	3.73070220547611e-06	12.3714125266185	0.999834218501152	72.160817415185	5.25189e-06	0.230479	574	0.00491141095817855	4.55446567133591	0.820826043370337	7.65356290979696	79.814380324982	5.38030497199874e-05
SNP.107	5.339e-34	0.239348	743259	3.69499634610936e-06	12.1558705626529	0.99983580490463	69.5132357927026	9.28194e-06	0.239348	574	0.00478456322162525	4.43325865338876	0.824642117861242	7.23320514865913	76.7464409413617	2.50275160393436e-06
SNP.108	4.076e-34	0.279487	754815	3.28947090299986e-06	12.1779086210743	0.999853822664137	69.7245450135095	2.28426e-07	0.279487	574	0.00432568289137254	5.1745785477466	0.838748452037964	10.3168797710757	80.0414247845851	6.75166754727869e-05
SNP.109	2.446e-36	0.275819	742838	3.36980357328817e-06	12.5883937695757	0.999850253379707	74.8186809057533	1.02704e-05	0.275819	574	0.00436100722434536	4.41140081206345	0.83764543198541	7.24149518541676	82.0601760911701	0.000508327496490832
SNP.11	1.764e-40	0.186717	753596	4.36923963309414e-06	13.3202988392613	0.999805849273687	84.424518586466	0.0640834	0.186717	574	0.00573630925181395	1.85159918620227	0.796846351247359	0.569065455109858	84.9935840415758	0.00955226777275082
SNP.110	2.758e-36	0.245614	742633	3.63369961121792e-06	12.5789126181544	0.999838528316817	74.736156189159	2.77275e-05	0.245614	574	0.0047012286469993	4.19137003900803	0.82716851845154	6.38795659317649	81.1241127823355	0.000199350106718544
SNP.111	3.864e-35	0.239348	754931	3.63786794980322e-06	12.3686206311901	0.999838343117182	72.1140055616901	1.89058e-05	0.239348	574	0.00478456322162525	4.27743633873306	0.824642117861242	6.67355325849674	78.7875588201869	1.92692131176174e-05
SNP.112	7.887e-36	0.241206	756131	3.61294180102286e-06	12.4956290135363	0.999839450589096	73.68938366636	1.32642e-05	0.241206	574	0.00475933326994637	4.35570056359042	0.825405367665629	6.95720370651198	80.6465873728719	0.000123660165156178
SNP.113	1.678e-35	0.232283	752689	3.72508211910612e-06	12.4354467571881	0.99983446820002	72.954195460488	3.11755e-06	0.232283	574	0.00488471835391614	4.66291931890868	0.821626124074502	8.07029630186994	81.024491762358	0.000180447809006268
SNP.114	1.476e-34	0.248111	753790	3.55565718526926e-06	12.2604925399136	0.999841995761051	70.7715187392798	2.3031e-05	0.248111	574	0.0046693707834218	4.23327753135547	0.828138427619717	6.53985179089987	77.3113705301797	4.40315071828373e-06
SNP.115	4.179e-35	0.240409	755062	3.62624261971585e-06	12.3623235587327	0.999838859631749	72.0345912221762	7.46349e-06	0.240409	574	0.00477010105388134	4.48002327538295	0.825079450770777	7.40821163242128	79.4428028545974	3.71050352497537e-05
SNP.116	2.292e-35	0.240602	754835	3.62534459280823e-06	12.4105058932034	0.999838899531196	72.6311806837493	1.55219e-05	0.240602	574	0.00476748603782649	4.32114873142686	0.825158577831016	6.83187719418907	79.4630578779384	3.78642617228828e-05
SNP.117	2.489e-35	0.241206	754834	3.61914976928598e-06	12.4039024155308	0.999839174768058	72.5484293903896	2.01527e-05	0.241206	574	0.00475933326994637	4.26319223709721	0.825405367665629	6.62814787121872	79.1765772616083	2.84323359835077e-05
SNP.118	1.246e-32	0.283887	727897	3.37888189448332e-06	11.8957025808459	0.999849850019759	66.3413083062342	3.69383e-07	0.283887	574	0.00428480486820335	5.08409501771046	0.840028520301452	9.94015803355676	76.281466339791	1.57210607051853e-06
SNP.119	1.472e-32	0.283333	708300	3.4764676727164e-06	11.8817794501672	0.999845514195209	66.1897323823598	4.14679e-07	0.283333	574	0.0042898642031098	5.06209283566485	0.839869878750194	9.84485779561553	76.0345901779753	1.2281881133985e-06
SNP.12	1.817e-40	0.186717	753644	4.36896135382383e-06	13.3180885922932	0.999805861636852	84.3950548508154	0.0640834	0.186717	574	0.00573630925181395	1.85159918620227	0.796846351247359	0.569065455109858	84.9641203059252	0.00927492807519415
SNP.120	1.965e-40	0.183879	753114	4.42407618425641e-06	13.3122402938458	0.99980341304584	84.3232488142424	0.0607718	0.183879	574	0.00580458834743916	1.87515211257119	0.794924120563501	0.605366673665722	84.9286154879081	0.00895140081561198
SNP.121	3.369e-35	0.239348	755077	3.63716453979249e-06	12.3796281694652	0.999838374369743	72.25009791279	1.89058e-05	0.239348	574	0.00478456322162525	4.27743633873306	0.824642117861242	6.67355325849674	78.9236511712867	2.20784274455842e-05
SNP.122	6.287e-35	0.238693	750735	3.6650831742124e-06	12.3294556471052	0.999837133944152	71.6340679773002	7.7881e-06	0.238693	574	0.00479356483761733	4.47092777123926	0.824370144899115	7.36955954790466	79.0036275252048	2.39167093832466e-05
SNP.123	9.75e-36	0.239295	753581	3.6449381995476e-06	12.4787543709867	0.999838028985546	73.4829977374183	1.34634e-05	0.239295	574	0.00478528950061547	4.35243466626491	0.824620167562909	6.94027279716368	80.4232705345819	9.89109906533471e-05
SNP.13	8.346e-34	0.271357	752747	3.3594265077001e-06	12.1193088300251	0.999850714444718	69.0230350993944	9.42667e-08	0.271357	574	0.00440557182123994	5.33744266034437	0.836258011890233	11.007050448423	80.0300855478175	6.67554121332715e-05
SNP.14	2.219e-35	0.229008	756200	3.74483602181429e-06	12.4130971374048	0.999833590540192	72.6791400814422	9.50743e-06	0.229008	574	0.00493352787403478	4.42808303986163	0.820164293244098	7.18300188901897	79.8621419704612	5.64351277620941e-05
SNP.15	2.273e-40	0.189223	751175	4.3386391901544e-06	13.3013586737567	0.999807208767175	84.1690650545275	0.0598415	0.189223	574	0.00567783500638368	1.88195960862521	0.798499955546714	0.613069541208839	84.7821345957363	0.00773170295952677
SNP.16	1.057e-40	0.187186	754763	4.35406454801321e-06	13.3584803643015	0.999806523460503	84.9320588265659	0.056535	0.187186	574	0.00572523836315696	1.90688871370077	0.797158901211256	0.651658204446103	85.583717031012	0.0172344722531691
SNP.17	9.448e-41	0.186717	754694	4.36288285124992e-06	13.3668318882878	0.99980613168771	85.0446122104397	0.0610528	0.186717	574	0.00573630925181395	1.87311287375554	0.796846351247359	0.600992017152848	85.6456042275925	0.0183347611682211
SNP.18	3.372e-40	0.186717	753311	4.37089264665086e-06	13.2718395878137	0.999805775834948	83.7805087444902	0.0610528	0.186717	574	0.00573630925181395	1.87311287375554	0.796846351247359	0.600992017152848	84.3815007616431	0.0051794315428415
SNP.19	2.883e-42	0.18593	747937	4.41665795087273e-06	13.6240082760905	0.999803742615594	88.5205449462888	0.0637339	0.18593	574	0.00575502072787787	1.85403676746195	0.796318651353893	0.573054442391293	89.0935993886801	0.57639543054766
SNP.2	1.588e-40	0.190176	751270	4.32143122428164e-06	13.328143671706	0.999807973271379	84.5237131170439	0.0549881	0.190176	574	0.00565603072450534	1.91897024202483	0.799118321050038	0.668835744904769	85.1925488619486	0.0116550948406531
SNP.20	2.915e-35	0.239348	756448	3.63057247717344e-06	12.391240231486	0.999838667255691	72.3930106983219	9.28194e-06	0.239348	574	0.00478456322162525	4.43325865338876	0.824642117861242	7.23320514865913	79.626215846981	4.45746661370019e-05
SNP.21	8.657e-39	0.186717	744981	4.41976575314164e-06	13.0264247044924	0.999803604545278	80.5595171877804	0.0640834	0.186717	574	0.00573630925181395	1.85159918620227	0.796846351247359	0.569065455109858	81.1285826428902	0.000200243168340691
SNP.22	2.019e-40	0.189223	750286	4.34377996345958e-06	13.3102149650257	0.999806980376503	84.2874540044279	0.0598415	0.189223	574	0.00567783500638368	1.88195960862521	0.798499955546714	0.613069541208839	84.9005235456367	0.00870343776905068
SNP.23	1.256e-34	0.247487	739862	3.6287152008563e-06	12.2735643095726	0.999838749774679	70.9417684304531	5.15829e-05	0.247487	574	0.00467726217062011	4.04833672264815	0.82789796333214	5.90438849922787	76.8461569296809	2.76518283207752e-06
SNP.24	6.937e-36	0.239241	749736	3.66419798520134e-06	12.505831648888	0.999837173273074	73.8237679312197	2.16557e-05	0.239241	574	0.00478602986172982	4.24709825981906	0.824597792863868	6.56664621422684	80.3904141454466	9.57139419992707e-05
SNP.25	1.723e-39	0.190476	747148	4.34003642986058e-06	13.149061374345	0.999807146691579	82.1554451962996	0.0580394	0.190476	574	0.00564921522386319	1.89540021683786	0.799311803937109	0.632779186798442	82.788224383098	0.00105276383625815
SNP.26	2.095e-40	0.18797	753251	4.34880236966722e-06	13.3074539392532	0.999806757244662	84.2512729743526	0.0534931	0.18797	574	0.00570686364765541	1.93091875855323	0.797678192125775	0.688102661287011	84.9393756356396	0.00904823927451948
SNP.27	2.13e-35	0.251302	754400	3.52261927107686e-06	12.416373411903	0.999843463650973	72.689986878389	3.81348e-05	0.251302	574	0.00462972818484388	4.11849913565328	0.829348523018734	6.14965341706766	78.8396402954567	2.02993755051409e-05
SNP.28	1.42e-35	0.229323	748150	3.78147567744668e-06	12.4487795061675	0.99983196265563	73.1273728879049	8.33535e-06	0.229323	574	0.00492876485728524	4.45638443827972	0.820306715124428	7.2871321834884	80.4145050713933	9.80477787588153e-05
SNP.29	8.2e-41	0.187186	754443	4.35591134181389e-06	13.3773679735528	0.999806441412544	85.1847027538298	0.0646381	0.187186	574	0.00572523836315696	1.84775288206147	0.797158901211256	0.563160073192737	85.7478628270225	0.0203088626570684
SNP.3	1.692e-40	0.187657	753196	4.35469545177459e-06	13.3234096483315	0.999806495431186	84.4643427995271	0.0572453	0.187657	574	0.00571417978309201	1.90143315700118	0.797471348555156	0.643171159335201	85.1075139588623	0.0107049741438465
SNP.30	9.78e-36	0.23995	756004	3.62646085033067e-06	12.4785097257423	0.999838849935736	73.4774686157677	2.41526e-05	0.23995	574	0.0047763395621836	4.22257592355	0.824890742715141	6.48278919192213	79.9602578076898	6.22530564983229e-05
SNP.31	1.05e-35	0.240602	755211	3.62353962761719e-06	12.4728516860568	0.999838979726032	73.4064993279833	1.55219e-05	0.240602	574	0.00476748603782649	4.32114873142686	0.825158577831016	6.83187719418907	80.2383765221724	8.22140612605537e-05
SNP.32	1.598e-40	0.18593	752730	4.38853492992427e-06	13.3276752767483	0.999804992038637	84.5249097222752	0.0646233	0.18593	574	0.00575502072787787	1.84785515124326	0.796318651353893	0.563943093734721	85.0888528160099	0.0105070594923309
SNP.33	1.184e-35	0.231061	755930	3.72280154968711e-06	12.4632792156582	0.999834569525118	73.3003361991771	5.16729e-06	0.231061	574	0.00490274804086233	4.55787855517583	0.8210855337008	7.66829720210584	80.9686334012829	0.000170644633611939
SNP.34	3.057e-40	0.190476	753019	4.30619883229702e-06	13.2791858005337	0.999808650007059	83.8708135506808	0.0608829	0.190476	574	0.00564921522386319	1.8743449194234	0.799311803937109	0.601057256919341	84.4718708076002	0.00566929831119634
SNP.35	1.695e-35	0.247487	754787	3.55696174673907e-06	12.4346412779499	0.999841937798865	72.9216710807065	3.36154e-05	0.247487	574	0.00467726217062011	4.14748056168151	0.82789796333214	6.24074886641401	79.1624199471205	2.80326464026905e-05
SNP.36	6.297e-35	0.238693	748526	3.67589932319298e-06	12.3293275738881	0.999836653383223	71.6339257973417	8.99301e-06	0.238693	574	0.00479356483761733	4.44006885529287	0.824370144899115	7.25621537328901	78.8901411706307	2.13508381700636e-05
SNP.37	1.434e-36	0.237437	751245	3.67590504460373e-06	12.6304804461809	0.999836653129021	75.3916715785134	1.35456e-05	0.237437	574	0.00481098481747967	4.35110040855324	0.823844330417535	6.93034763491793	82.3220192134313	0.000660481450972156
SNP.38	1.858e-36	0.244361	750369	3.60868406820264e-06	12.6100818317232	0.999839639760944	75.1252882369951	1.48813e-05	0.244361	574	0.00471749939995321	4.33043806306261	0.826674033105285	6.87489188723507	82.0001801242301	0.00047872673837054
SNP.39	3.539e-36	0.235677	746168	3.71996843213446e-06	12.5591983918768	0.999834695399812	74.4998347275422	1.36099e-06	0.235677	574	0.0048357515767751	4.83063397373472	0.823097910324747	8.73742555539332	83.2372602829355	0.00164947133044002
SNP.4	2.144e-40	0.18797	752736	4.35177769331373e-06	13.3057261284166	0.999806625059175	84.2286163479071	0.0646412	0.18797	574	0.00570686364765541	1.84773146326165	0.797678192125775	0.562733298106927	84.791349646014	0.00780328027881796
SNP.40	1.258e-40	0.188917	748365	4.36033841594746e-06	13.3455139199093	0.999806244729893	84.7596593760508	0.0655814	0.188917	574	0.00568488616489638	1.8412741083205	0.798300190689549	0.552747323527288	85.3124066995781	0.0131392147030071
SNP.41	9.471e-36	0.24812	755006	3.54984422873789e-06	12.4810660749909	0.999842254033105	73.4989562749305	4.11222e-05	0.24812	574	0.00466925730272209	4.10108244705748	0.828141886592745	6.08366533061613	79.5826216055466	4.26732146728345e-05
SNP.42	3.969e-40	0.186717	752973	4.37285468475126e-06	13.259620342945	0.999805688667132	83.6186597117471	0.0640834	0.186717	574	0.00573630925181395	1.85159918620227	0.796846351247359	0.569065455109858	84.1877251668569	0.00426703716783645
SNP.43	9.218e-41	0.18593	752102	4.39219932642367e-06	13.3686653550227	0.999804829240109	85.0723482643572	0.0637339	0.18593	574	0.00575502072787787	1.85403676746195	0.796318651353893	0.573054442391293	85.6454027067485	0.0183310667039434
SNP.44	5.117e-35	0.221662	750335	3.8623828306096e-06	12.3460379902706	0.999828368003461	71.8641675906175	7.02843e-06	0.221662	574	0.00504892163973076	4.49282572487241	0.816728883048211	7.39463913521927	79.2588067258368	3.08691268280678e-05
SNP.45	1.195e-35	0.240602	755506	3.62212475574304e-06	12.4625418898436	0.999839042588981	73.2777902539979	1.55219e-05	0.240602	574	0.00476748603782649	4.32114873142686	0.825158577831016	6.83187719418907	80.109667448187	7.22850459914112e-05
SNP.46	3.013e-35	0.229323	752501	3.75961098800099e-06	12.3885884685104	0.999832934093992	72.3771806353254	8.33535e-06	0.229323	574	0.00492876485728524	4.45638443827972	0.820306715124428	7.2871321834884	79.6643128188138	4.63055880316626e-05
SNP.47	7.675e-41	0.188442	755148	4.32952906722068e-06	13.3822859958267	0.999807613505587	85.2475603049521	0.0592743	0.188442	574	0.0056958801673407	1.88615329662993	0.797988921305665	0.619736053426198	85.8672963583783	0.0228852112779227
SNP.48	1.775e-35	0.238636	755088	3.64455188301459e-06	12.4309554672907	0.999838046149609	72.8877140909187	2.06053e-05	0.238636	574	0.00479435085756397	4.25822879745845	0.824346404771325	6.60411502475122	79.4918291156699	3.89694865012897e-05
SNP.49	8.217e-41	0.184478	754978	4.40205480233791e-06	13.3772140081202	0.99980439139011	85.1877278516267	0.0550161	0.184478	574	0.00578999047135796	1.91874905534876	0.795334308181545	0.670861872964792	85.8585897245915	0.0226868230243709
SNP.5	3.845e-36	0.228426	755662	3.75421639068706e-06	12.5526347072786	0.999833173773825	74.421896831992	1.52054e-05	0.228426	574	0.00494236701431945	4.32569165106593	0.819900119703941	6.8137030804287	81.2355999124207	0.000222861329949118
SNP.50	7.818e-36	0.240602	756172	3.61893456212661e-06	12.4963277856794	0.999839184329745	73.6989218430527	1.55219e-05	0.240602	574	0.00476748603782649	4.32114873142686	0.825158577831016	6.83187719418907	80.5307990372417	0.000110139623347362
SNP.51	1.519e-40	0.186717	752203	4.37733100046292e-06	13.3314578422828	0.999805489797115	84.5740861985124	0.0640834	0.186717	574	0.00573630925181395	1.85159918620227	0.796846351247359	0.569065455109858	85.1431516536222	0.0110933541242508
SNP.52	2.59e-36	0.244975	742377	3.64134977489716e-06	12.583876945464	0.999838188419452	74.7996287457591	2.30023e-05	0.244975	574	0.0047095023028551	4.23355782723692	0.826916999420422	6.53342958706942	81.3330583328285	0.000245674664753179
SNP.53	4.148e-41	0.185606	753609	4.3893210847226e-06	13.4279382291881	0.999804957112051	85.8660329555053	0.0674175	0.185606	574	0.00576277329849602	1.8288805804833	0.796100218558428	0.536336331792393	86.4023692872977	0.0390781635944334
SNP.54	2.777e-35	0.233083	755717	3.70127921585411e-06	12.3951285640409	0.999835525757744	72.4505929220294	7.93391e-06	0.233083	574	0.00487303070586693	4.46695961478502	0.821976939337503	7.33783112575477	79.7884240477842	5.24244913657089e-05
SNP.55	3.719e-35	0.239348	756135	3.63207534264767e-06	12.3716927745637	0.999838600483225	72.1512253493158	9.28194e-06	0.239348	574	0.00478456322162525	4.43325865338876	0.824642117861242	7.23320514865913	79.3844304979749	3.50011292340594e-05
SNP.56	3.821e-35	0.238035	756122	3.64587930755765e-06	12.3695195663697	0.999837987172074	72.1261952433064	5.7735e-06	0.238035	574	0.00480266472785559	4.53451865245921	0.824095384984321	7.60356002753506	79.7297552708414	4.94372949404909e-05
SNP.57	8.845e-35	0.239348	747439	3.67433233911114e-06	12.3019167195574	0.999836723004215	71.2961913300589	9.28194e-06	0.239348	574	0.00478456322162525	4.43325865338876	0.824642117861242	7.23320514865913	78.529396478718	1.4884885550785e-05
SNP.58	9.905e-35	0.239348	747644	3.67332485676725e-06	12.2927722038319	0.999836767766589	71.1836227195994	9.28194e-06	0.239348	574	0.00478456322162525	4.43325865338876	0.824642117861242	7.23320514865913	78.4168278682585	1.33001816773135e-05
SNP.59	3.056e-34	0.250627	750922	3.54526970174863e-06	12.2013800855971	0.999842457281319	70.047204061397	8.32119e-06	0.250627	574	0.00463801570553394	4.45674909292398	0.829095253099579	7.35067440285837	77.3978784642554	4.80101949944922e-06
SNP.6	2.504e-40	0.187186	753013	4.36418338123259e-06	13.2941205574653	0.999806073908791	84.0756673437612	0.0584572	0.187186	574	0.00572523836315696	1.89225359943756	0.797158901211256	0.629496835503151	84.7051641792644	0.00715891710421755
SNP.60	3.622e-35	0.235443	755741	3.67537256011695e-06	12.3738151067489	0.999836676787268	72.1832571231112	5.04804e-06	0.235443	574	0.00483907619155984	4.56278126234557	0.82299781610566	7.70118798968922	79.8844451128005	5.77079496521716e-05
SNP.61	1.001e-38	0.185606	745134	4.43924431489734e-06	13.0153367784517	0.999802739172183	80.417295982682	0.0835512	0.185606	574	0.00576277329849602	1.73044275828499	0.796100218558428	0.396870703790871	80.8141666864729	0.000146220610679163
SNP.62	2.199e-35	0.229765	755147	3.74137620708389e-06	12.413821857604	0.999833744258586	72.6876846320361	3.11459e-06	0.229765	574	0.00492210630426965	4.66311472681221	0.820505899522996	8.06199580394829	80.7496804359844	0.00013708898805483
SNP.63	1.279e-40	0.18593	751533	4.39552474449146e-06	13.3442801954867	0.999804681501458	84.7470773004982	0.0570716	0.18593	574	0.00575502072787787	1.90276205923016	0.796318651353893	0.645937952474872	85.3930152529731	0.0142422058732342
SNP.64	1.259e-40	0.189433	751001	4.33595666687326e-06	13.3454547082379	0.999807327944481	84.7561626221257	0.0908653	0.189433	574	0.00567301009194859	1.69085081058215	0.798636706783069	0.34031948713975	85.0964821092654	0.0105875274971434
SNP.65	2.443e-40	0.186717	748707	4.39777043695492e-06	13.2959652628246	0.999804581731899	84.1038886853764	0.0716717	0.186717	574	0.00573630925181395	1.80119785721297	0.796846351247359	0.495713427456831	84.5996021128332	0.00644172692790285
SNP.66	1.252e-35	0.240602	754183	3.62847874549334e-06	12.4588260739904	0.999838760280418	73.232350387683	1.55219e-05	0.240602	574	0.00476748603782649	4.32114873142686	0.825158577831016	6.83187719418907	80.0642275818721	6.90739319627952e-05
SNP.67	1.015e-35	0.232412	756584	3.70447038319116e-06	12.475552280018	0.999835383974755	73.4509445177728	8.79851e-06	0.232412	574	0.00488282756166603	4.4447720662855	0.82168285759862	7.25448693441397	80.7054314521867	0.000131155190062054
SNP.68	6.032e-36	0.23995	756117	3.62591888384124e-06	12.5169346843861	0.999838874015374	73.9575428553309	1.88919e-05	0.23995	574	0.0047763395621836	4.27760011577241	0.824890742715141	6.67569621089783	80.6332390662288	0.000122020479213671
SNP.69	3.139e-36	0.253133	741230	3.56800109575416e-06	12.5686853908343	0.999841447316462	74.5986909805089	3.59782e-05	0.253133	574	0.00460750775645619	4.13189677160546	0.830028352371906	6.1992971431401	80.797988123649	0.00014387400488211
SNP.7	1.927e-40	0.192982	752921	4.26403312179229e-06	13.3136989834008	0.999810523325023	84.3248751919171	0.0813896	0.192982	574	0.00559317087472644	1.74267958287701	0.800906387546368	0.409159094896842	84.734034286814	0.00736860814815733
SNP.70	1.324e-36	0.244949	754118	3.58491398129033e-06	12.6367588814193	0.999840695871569	75.4587703479645	2.00271e-05	0.244949	574	0.00470984000303606	4.26458844801459	0.826906736588288	6.64239605492713	82.1011664028916	0.000529596941618133
SNP.71	3.613e-35	0.233083	755214	3.70374440247085e-06	12.3740148791707	0.999835416229944	72.1894764521443	7.93391e-06	0.233083	574	0.00487303070586693	4.46695961478502	0.821976939337503	7.33783112575477	79.5273075778991	4.03768824547977e-05
SNP.72	1.478e-35	0.236776	753947	3.6697754317068e-06	12.4455836493815	0.999836925467343	73.0729950685306	1.03632e-05	0.236776	574	0.00482023724287291	4.40945309592308	0.823565322657278	7.13900189983875	80.2119969683693	8.00736467197857e-05
SNP.73	5.926e-34	0.271357	754841	3.35010714228788e-06	12.1473434149631	0.99985112851525	69.3617788634892	1.07695e-07	0.271357	574	0.00440557182123994	5.31323670362078	0.836258011890233	10.8992526580032	80.2610315214924	8.40978791372525e-05
SNP.74	5.218e-35	0.239348	752966	3.64736161953248e-06	12.3444649115046	0.999837921312891	71.816843420473	9.28194e-06	0.239348	574	0.00478456322162525	4.43325865338876	0.824642117861242	7.23320514865913	79.0500485691322	2.5053120633423e-05
SNP.75	4.466e-34	0.273183	753457	3.34220269864349e-06	12.1704524657936	0.999851479719388	69.6415626858969	6.90949e-08	0.273183	574	0.00438711849949795	5.39350890453722	0.836831957296582	11.2652076678055	80.9067703537024	0.000160407937605511
SNP.76	4.339e-40	0.183206	747352	4.47087545266145e-06	13.2529343818624	0.999801333900388	83.5407454643778	0.0423513	0.183206	574	0.00582111099529171	2.03005154621462	0.7944603586964	0.845970797558317	84.3867162619361	0.00520651543620436
SNP.77	1.74e-40	0.18797	752984	4.35034440805409e-06	13.3213215182909	0.999806688736112	84.4360467687367	0.0646412	0.18797	574	0.00570686364765541	1.84773146326165	0.797678192125775	0.562733298106927	84.9987800668436	0.00960203077039813
SNP.78	1.992e-40	0.188131	752466	4.35047623199975e-06	13.311220804384	0.999806682879535	84.3015835534986	0.0566949	0.188131	574	0.00570311053726119	1.9056556260372	0.797784342626804	0.649375970102233	84.9509595236008	0.00915366249102472
SNP.79	6.02e-36	0.235969	756488	3.66608076897768e-06	12.5170927809742	0.99983708962105	73.9648884738324	1.04163e-05	0.235969	574	0.00483161342989963	4.40834609487267	0.823222531582638	7.13262203919972	81.0975105130321	0.000194116858255227
SNP.8	3.308e-40	0.186717	753048	4.37241916921791e-06	13.273275278548	0.999805708015857	83.7997289163029	0.0640834	0.186717	574	0.00573630925181395	1.85159918620227	0.796846351247359	0.569065455109858	84.3687943714128	0.00511403601488852
SNP.80	2.571e-35	0.26005	742847	3.49793228514111e-06	12.4013056087052	0.999844560508075	72.499610684723	7.92585e-08	0.26005	574	0.00452687892721292	5.36880855095006	0.832504561869522	11.1046999774628	83.6043106621857	0.00238096343412846
SNP.81	2.81e-41	0.181934	750001	4.47925668723843e-06	13.4567517591474	0.999800961549203	86.2630563316257	0.108531	0.181934	574	0.00585269511269253	1.60483100799518	0.793575351851737	0.233009824454731	86.4960661560805	0.0429166861099338
SNP.82	2.04e-36	0.236842	753395	3.67175833766834e-06	12.6027147861164	0.999836837366937	75.0408710056294	7.82761e-06	0.236842	574	0.00481931075402028	4.4698455537912	0.823593252501399	7.36001718894405	82.4008881945735	0.00071468223790443
SNP.83	8.853e-36	0.24812	755507	3.54749021751285e-06	12.4864373134875	0.999842358622833	73.5656754354839	4.11222e-05	0.24812	574	0.00466925730272209	4.10108244705748	0.828141886592745	6.08366533061613	79.6493407661001	4.56174625068011e-05
SNP.84	7.812e-34	0.278894	753602	3.29905595524009e-06	12.124727092797	0.999853396786532	69.0798371165904	2.36472e-07	0.278894	574	0.00433131562017569	5.16811088951806	0.838572372615274	10.2870207735263	79.3668578901168	3.43914407131452e-05
SNP.85	1.524e-35	0.240602	755070	3.62421627890448e-06	12.4431364009181	0.999838949662327	73.036457108948	7.53957e-06	0.240602	574	0.00476748603782649	4.4778580655994	0.825158577831016	7.40077720442742	80.4372343133754	0.000100301850073814
SNP.86	5.477e-34	0.27193	753421	3.35198467336172e-06	12.1537849880503	0.999851045094275	69.4403098969617	8.44344e-08	0.27193	574	0.00439974850973669	5.35738644601602	0.836439046701714	11.0982803159312	80.5385902128928	0.000111001092068304
SNP.87	8.321e-36	0.233083	756785	3.69605584831573e-06	12.4913684123061	0.999835757831107	73.6472444114441	8.19122e-06	0.233083	574	0.00487303070586693	4.46012412214147	0.821976939337503	7.31275219209512	80.9599966035392	0.000169177156698134
SNP.88	2.186e-35	0.239348	754957	3.63774266509602e-06	12.4142964463408	0.999838348683591	72.6798872470766	1.4265e-05	0.239348	574	0.00478456322162525	4.33974214840927	0.824642117861242	6.8949285516269	79.5748157987035	4.23414124783837e-05
SNP.89	2.003e-35	0.246753	754814	3.56393853557351e-06	12.4212921374757	0.999841627817473	72.7567503244619	0.000101841	0.246753	574	0.00468660401008777	3.88616333006548	0.827613481685731	5.37041117416028	78.1271614986222	9.95536224843694e-06
SNP.9	4.921e-34	0.277919	753790	3.30533495612189e-06	12.1625310338521	0.999853117801722	69.5397768090439	2.16831e-07	0.277919	574	0.00434064187556641	5.18429714537919	0.838280995823808	10.3542652151205	79.8940420241644	5.82644337230897e-05
SNP.90	3.356e-34	0.279449	754694	3.29027215401898e-06	12.1937534990881	0.999853787063393	69.9177189067231	2.8166e-07	0.279449	574	0.00432604294948642	5.1353229046019	0.838737194388588	10.1470363394052	80.0647552461283	6.91103894255349e-05
SNP.91	1.007e-33	0.278894	745810	3.3335235059611e-06	12.1039084349628	0.999851865346862	68.8327540573077	3.37301e-07	0.278894	574	0.00433131562017569	5.10131535166108	0.838572372615274	9.99941063865855	78.8321646959662	2.01481913042966e-05
SNP.92	1.929e-35	0.241162	754563	3.6209001673634e-06	12.4243031331604	0.999839096997615	72.8018809903459	1.30581e-05	0.241162	574	0.00475992559753698	4.35912921058566	0.825387432533306	6.96941625143709	79.771297241783	5.15342723370451e-05
SNP.93	1.07e-35	0.248744	755611	3.54104271221381e-06	12.4713483744681	0.999842645088367	73.3765247174203	4.06704e-05	0.248744	574	0.00466141258679197	4.10363781292467	0.828381069213657	6.0936643096109	79.4701890270312	3.81352424722257e-05
SNP.94	2.845e-35	0.238693	754166	3.64840925842898e-06	12.3931891540532	0.999837874766257	72.4195474677541	2.34707e-05	0.238693	574	0.00479356483761733	4.22902429682507	0.824370144899115	6.5020960173433	78.9216434850974	2.20341453588609e-05
SNP.95	2.044e-35	0.240602	754864	3.62520531607336e-06	12.4196711259297	0.999838905719279	72.7449307993076	1.55219e-05	0.240602	574	0.00476748603782649	4.32114873142686	0.825158577831016	6.83187719418907	79.5768079934967	4.24258488988329e-05
SNP.96	1.027e-35	0.231156	756735	3.71777226330552e-06	12.4746160773187	0.999834792975057	73.4410131192725	9.87641e-06	0.231156	574	0.00490133866493467	4.41986167170977	0.821127765877844	7.1598964519931	80.6009095712656	0.000118138704745048
SNP.97	6.388e-35	0.238636	755744	3.64138834346249e-06	12.3281713081942	0.999838186705848	71.6150737054862	6.55768e-06	0.238636	574	0.00479435085756397	4.50756190897581	0.824346404771325	7.50496154736853	79.1200352528547	2.6869319043605e-05
SNP.98	1.224e-35	0.242386	755455	3.60417509393715e-06	12.4606298954055	0.999839840095573	73.2515459778134	3.06719e-05	0.242386	574	0.00474354023622001	4.16841953522362	0.825883853746969	6.30114753704133	79.5526935148547	4.1415008598948e-05
SNP.99	1.103e-33	0.253298	753448	3.50863058382208e-06	12.0964334552494	0.999844085176164	68.7673438010618	4.01049e-07	0.253298	574	0.0046055238608355	5.06845916383489	0.830089103443229	9.775954435571	78.5432982366328	1.50932566326845e-05
