snp	pvalues.df1	MAF.df1	N.df1	V.df1	z.df1	r.df1	lABF.df1	pvalues.df2	MAF.df2	N.df2	V.df2	z.df2	r.df2	lABF.df2	internal.sum.lABF	SNP.PP.H4
SNP.1	4.74e-35	0.241036	754748	3.62130367534989e-06	12.3521954278317	0.999839079069698	71.908790833977	0.00057388	0.241036	396	0.00690194875344187	3.44366796726828	0.765255398160167	3.81289555467116	75.7216863886482	2.22708579654125e-06
SNP.10	4.599e-35	0.219124	749702	3.89770810923251e-06	12.3546242416474	0.999826798532424	71.9746240781672	0.000481144	0.219124	396	0.00737908981037332	3.49104011800065	0.753034986768189	3.88950035479501	75.8641244329622	2.56801173998018e-06
SNP.100	2.73e-35	0.23494	754614	3.68631705528915e-06	12.3964968172859	0.999836190524372	72.4655768430678	0.00010677	0.23494	396	0.00702461226858578	3.87466837328198	0.762076053541947	5.00264274957565	77.4682195926434	1.27716403747824e-05
SNP.101	4.775e-34	0.292	754033	3.20747693587525e-06	12.1649906534422	0.999857465788414	69.5549879412705	0.000161894	0.292	396	0.00610743297067885	3.7720774247698	0.786508877712353	4.82336754880155	74.3783554900721	5.81213578069601e-07
SNP.102	9.043e-36	0.238	753570	3.6585961690846e-06	12.4847472920404	0.99983742216167	73.5596102245411	0.000139118	0.238	396	0.00696214220994212	3.80973112897488	0.76369192164198	4.82082240028767	78.3804326248288	3.17991687442714e-05
SNP.103	2.744e-34	0.292	754604	3.20504987568158e-06	12.2101449131712	0.99985757362702	70.1048597081841	0.000199049	0.292	396	0.00610743297067885	3.72022039564885	0.786508877712353	4.67057706774498	74.7754367759291	8.64541734127861e-07
SNP.104	1.831e-35	0.231076	754570	3.72934199816461e-06	12.4284723389084	0.999834278934772	72.8680608714076	0.000320312	0.231076	396	0.00710618583726028	3.59829352334422	0.75997631453367	4.20647001457126	77.0745308859788	8.61528895623085e-06
SNP.105	4.997e-34	0.292	753942	3.20786407494055e-06	12.1612792243286	0.999857448587138	69.5099108277329	0.000219688	0.292	396	0.00610743297067885	3.69522979982266	0.786508877712353	4.59770052417115	74.107611351904	4.43356486062242e-07
SNP.106	3.732e-35	0.226908	755662	3.77191097448449e-06	12.3714125266185	0.999832387610868	72.1661690330366	0.000142473	0.226908	396	0.00719770149192146	3.8038351695369	0.757634391541062	4.77251341578147	76.9386824488181	7.52093129953082e-06
SNP.107	5.339e-34	0.237052	743259	3.71955739853871e-06	12.1558705626529	0.999834713661933	69.5164671815467	0.000143941	0.237052	396	0.00698129927394061	3.80129638197648	0.763195671633387	4.79377253555698	74.3102397171037	5.42942011049779e-07
SNP.108	4.076e-34	0.293033	754815	3.1975239699321e-06	12.1779086210743	0.999857908016559	69.7106749977494	0.000127329	0.293033	396	0.00609479559435429	3.83156833025723	0.786856472736681	5.00299208714095	74.7136670848903	8.12755144062936e-07
SNP.109	2.446e-36	0.270916	742838	3.40771817015044e-06	12.5883937695757	0.999848568793988	74.8241408137506	0.001112	0.270916	396	0.00639238017696519	3.26054071737789	0.778752039886918	3.38526983223375	78.2094106459843	2.68004363870402e-05
SNP.11	1.764e-40	0.151394	753596	5.16436177513353e-06	13.3202988392613	0.999770525480636	84.5049634295069	0.487698	0.151394	396	0.00982788478862002	0.693974820106235	0.695993571714299	-0.427757598268356	84.0772058312386	0.00947311774880942
SNP.110	2.758e-36	0.243028	742633	3.65981920806263e-06	12.5789126181544	0.999837367822058	74.739645018618	7.83696e-05	0.243028	396	0.00686339019682115	3.94933197479332	0.766260293827918	5.24899278272001	79.988637801338	0.000158799964591327
SNP.111	3.864e-35	0.237052	754931	3.66204926341677e-06	12.3686206311901	0.999837268740732	72.1172354022659	0.000143941	0.237052	396	0.00698129927394061	3.80129638197648	0.763195671633387	4.79377253555698	76.9110079378229	7.31564687831778e-06
SNP.112	7.887e-36	0.239044	756131	3.63526075107703e-06	12.4956290135363	0.999838458955233	73.6923850022568	0.000125141	0.239044	396	0.00694124582568845	3.83582990201719	0.764233963916296	4.89985533179585	78.5922403340526	3.93009172599648e-05
SNP.113	1.678e-35	0.233193	752689	3.71494900636152e-06	12.4354467571881	0.999834918411703	72.9528685234104	0.000412384	0.233193	396	0.00706111427436679	3.53202908231258	0.761135043529477	4.03173868956523	76.9846072129756	7.8743822522343e-06
SNP.114	1.476e-34	0.25	753790	3.53767848693491e-06	12.2604925399136	0.99984279456246	70.7690445810062	0.000425915	0.25	396	0.00673400673400673	3.52348263825911	0.769651598042039	4.04350415683265	74.8125487378389	8.97229373618613e-07
SNP.115	4.179e-35	0.240816	755062	3.62205470411102e-06	12.3623235587327	0.999839045701385	72.0340277541736	8.66004e-05	0.240816	396	0.00690625219443302	3.92535923700317	0.765143407300966	5.17044501016028	77.2044727643339	9.81076535950694e-06
SNP.116	2.292e-35	0.238	754835	3.65246486336362e-06	12.4105058932034	0.999837694575622	72.6348137375675	0.000127043	0.238	396	0.00696214220994212	3.83212143384858	0.76369192164198	4.8861575457754	77.5209712833429	1.34634527123526e-05
SNP.117	2.489e-35	0.238956	754834	3.64242689706934e-06	12.4039024155308	0.999838140562849	72.5515548442329	0.00017169	0.238956	396	0.00694299915258191	3.75739699849956	0.764188453879942	4.67205743785657	77.2236122820895	1.00003471419639e-05
SNP.118	1.246e-32	0.293522	727897	3.31253728012506e-06	11.8957025808459	0.999852797792563	66.331603142327	0.000214629	0.293522	396	0.00608885340553331	3.70114473753327	0.787020020734556	4.61720744773983	70.9488105900669	1.88322983582954e-08
SNP.119	1.472e-32	0.293522	708300	3.4041874185955e-06	11.8817794501672	0.999848725668781	66.1794554438482	0.000214629	0.293522	396	0.00608885340553331	3.70114473753327	0.787020020734556	4.61720744773983	70.7966628915881	1.61743344881676e-08
SNP.12	1.817e-40	0.151394	753644	5.16403285409759e-06	13.3180885922932	0.99977054009264	84.4755009343079	0.487698	0.151394	396	0.00982788478862002	0.693974820106235	0.695993571714299	-0.427757598268356	84.0477433360395	0.00919808749582178
SNP.120	1.965e-40	0.15	753114	5.20713813240888e-06	13.3122402938458	0.999768625185254	84.4016333969815	0.466554	0.15	396	0.00990295107942167	0.728097343342625	0.694381198331321	-0.408653676114908	83.9929797208666	0.00870791137922712
SNP.121	3.369e-35	0.237052	755077	3.66134117776132e-06	12.3796281694652	0.999837300200965	72.2533276230436	0.000143941	0.237052	396	0.00698129927394061	3.80129638197648	0.763195671633387	4.79377253555698	77.0471001586006	8.38217714367458e-06
SNP.122	6.287e-35	0.236	750735	3.69383914374142e-06	12.3294556471052	0.999835856318961	71.6378778821206	0.000135447	0.236	396	0.00700276345852706	3.81633787740213	0.762640422875265	4.83462381301674	76.4725016951373	4.71858619436533e-06
SNP.123	9.75e-36	0.236948	753581	3.66971960405932e-06	12.4787543709867	0.999836927947762	73.4862993836496	0.000132729	0.236948	396	0.00698341153774401	3.82133909763842	0.76314099442651	4.85178862928424	78.3380880129338	3.04807561149665e-05
SNP.13	8.346e-34	0.273092	752747	3.34605090988766e-06	12.1193088300251	0.999851308738606	69.0210843110413	7.45236e-05	0.273092	396	0.00636042874814446	3.96136151560106	0.779614197569626	5.3608152816628	74.3818995927041	5.83277113171583e-07
SNP.14	2.219e-35	0.227642	756200	3.76064457535918e-06	12.4130971374048	0.999832888172126	72.6811918891216	0.000239829	0.227642	396	0.00718131168658235	3.67288332847715	0.758052751764717	4.40357530001309	77.0847671891347	8.70393057299101e-06
SNP.15	2.273e-40	0.154	751175	5.1090222587501e-06	13.3013586737567	0.999772983892071	84.2477439503421	0.387443	0.154	396	0.0096913378667086	0.864263784364575	0.69894578762658	-0.339193023273281	83.9085509270688	0.00800289357041307
SNP.16	1.057e-40	0.154	754763	5.08473493694922e-06	13.3584803643015	0.999774062839716	85.006712867224	0.457132	0.154	396	0.0096913378667086	0.743577697398141	0.69894578762658	-0.407006175343002	84.599706691881	0.0159739446805704
SNP.17	9.448e-41	0.153386	754694	5.10185297676651e-06	13.3668318882878	0.999773302382273	85.119898329929	0.433568	0.153386	396	0.00972307532941369	0.783100666192601	0.69825737518795	-0.384988431074239	84.7349098988547	0.0182864828414166
SNP.18	3.372e-40	0.153386	753311	5.11121944382575e-06	13.2718395878137	0.999772886283743	83.8558310647121	0.433568	0.153386	396	0.00972307532941369	0.783100666192601	0.69825737518795	-0.384988431074239	83.4708426336378	0.00516598028906377
SNP.19	2.883e-42	0.151394	747937	5.20343608658687e-06	13.6240082760905	0.999768789644521	88.5992515440808	0.487698	0.151394	396	0.00982788478862002	0.693974820106235	0.695993571714299	-0.427757598268356	88.1714939458124	0.568354981720993
SNP.2	1.588e-40	0.154	751270	5.1083762099067e-06	13.328143671706	0.999773012592319	84.6042379044108	0.36599	0.154	396	0.0096913378667086	0.904010186467777	0.69894578762658	-0.314631184733087	84.2896067196777	0.0117148698849618
SNP.20	2.915e-35	0.237052	756448	3.65470529696751e-06	12.391240231486	0.999837595033126	72.3962404044746	0.000143941	0.237052	396	0.00698129927394061	3.80129638197648	0.763195671633387	4.79377253555698	77.1900129400316	9.66992413977416e-06
SNP.21	8.657e-39	0.152	744981	5.20697350096172e-06	13.0264247044924	0.999768632498822	80.6384885779386	0.458889	0.152	396	0.00979569779222212	0.74067750810408	0.696687222699326	-0.405392959000199	80.2330956189384	0.000202776247775831
SNP.22	2.019e-40	0.153386	750286	5.13182683729647e-06	13.3102149650257	0.999771970816399	84.367693705255	0.378669	0.153386	396	0.00972307532941369	0.880351355292383	0.69825737518795	-0.328509235517928	84.039184469737	0.00911969823483635
SNP.23	1.256e-34	0.246964	739862	3.63387423543885e-06	12.2735643095726	0.999838520558246	70.9424614087805	0.000232112	0.246964	396	0.00678930671611177	3.68122945274098	0.768198449286714	4.47416471766143	75.4166261264419	1.64153807171957e-06
SNP.24	6.937e-36	0.234818	749736	3.71163712099038e-06	12.505831648888	0.999835065558036	73.8300338438616	0.000176227	0.234818	396	0.00702714133470415	3.75086296304876	0.762010780012594	4.64258958224388	78.4726234261055	3.48701426156742e-05
SNP.25	1.723e-39	0.157371	747148	5.04663923519963e-06	13.149061374345	0.99977575521988	82.2281356297116	0.535627	0.157371	396	0.00952168285682054	0.619439296938443	0.702648892645802	-0.471615867740102	81.7565197619715	0.000930318765917539
SNP.26	2.095e-40	0.153386	753251	5.11162657659641e-06	13.3074539392532	0.999772868197172	84.329063936915	0.433568	0.153386	396	0.00972307532941369	0.783100666192601	0.69825737518795	-0.384988431074239	83.9440755058407	0.00829230313438964
SNP.27	2.13e-35	0.256303	754400	3.47711140448333e-06	12.416373411903	0.999845485593748	72.6836422817241	0.000516175	0.256303	396	0.00662407283722783	3.47221903703408	0.772556782348085	3.91666278255407	76.6003050642781	5.36186889514137e-06
SNP.28	1.42e-35	0.223108	748150	3.85572038568881e-06	12.4487795061675	0.999828664010577	73.1368374071716	0.000475922	0.223108	396	0.00728448789533607	3.49395456889006	0.755426787227833	3.90689850597419	77.0437359131458	8.35402482452651e-06
SNP.29	8.2e-41	0.154	754443	5.08689164750233e-06	13.3773679735528	0.999773967029232	85.2593473602528	0.438089	0.154	396	0.0096913378667086	0.775424267465977	0.69894578762658	-0.390100423228576	84.8692469370242	0.0209156813725722
SNP.3	1.692e-40	0.150602	753196	5.18943439530356e-06	13.3234096483315	0.999769411654568	84.5487178401383	0.522122	0.150602	396	0.00987035663839662	0.640077832236497	0.695080386396215	-0.451466460511696	84.0972513796266	0.00966492763341488
SNP.30	9.78e-36	0.238	756004	3.64681710035539e-06	12.4785097257423	0.9998379455059	73.4801965274137	0.000160521	0.238	396	0.00696214220994212	3.77420146991244	0.76369192164198	4.71793227271997	78.1981288001337	2.64997771793958e-05
SNP.31	1.05e-35	0.239044	755211	3.63968923515763e-06	12.4728516860568	0.999838262197341	73.4086666340927	0.000125141	0.239044	396	0.00694124582568845	3.83582990201719	0.764233963916296	4.89985533179585	78.3085219658885	2.95927527074469e-05
SNP.32	1.598e-40	0.151394	752730	5.17030326450856e-06	13.3276752767483	0.99977026153569	84.6037757684929	0.487698	0.151394	396	0.00982788478862002	0.693974820106235	0.695993571714299	-0.427757598268356	84.1760181702245	0.0104569875051929
SNP.33	1.184e-35	0.226721	755930	3.77277111616773e-06	12.4632792156582	0.999832349395164	73.3068293018021	0.000162211	0.226721	396	0.0072018961359714	3.77158943159423	0.757527394783079	4.67943746310724	77.9862667649094	2.1440342039448e-05
SNP.34	3.057e-40	0.155378	753019	5.05955304685695e-06	13.2791858005337	0.999775181530405	83.948457238944	0.594924	0.155378	396	0.00962105953482619	0.531714135745794	0.700475025601354	-0.503759616610997	83.444697622333	0.00503266602147863
SNP.35	1.695e-35	0.248996	754787	3.54250908122052e-06	12.4346412779499	0.999842579936924	72.9196853043855	0.00041288	0.248996	396	0.00675212071183635	3.53171120506066	0.769175001759642	4.06390603942695	76.9835913438124	7.86638697189211e-06
SNP.36	6.297e-35	0.236	748526	3.70474015542107e-06	12.3293275738881	0.999835371988826	71.6377354158112	0.000131635	0.236	396	0.00700276345852706	3.82337938262472	0.762640422875265	4.85513697534944	76.4928723911606	4.8156927858536e-06
SNP.37	1.434e-36	0.234	751245	3.71316102085531e-06	12.6304804461809	0.999834997851497	75.3965808023494	0.00018491	0.234	396	0.0070441758866476	3.73878742326599	0.761571420584752	4.60598227117254	80.002563073522	0.000161026765743403
SNP.38	1.858e-36	0.241036	750369	3.64243686288077e-06	12.6100818317232	0.999838140120067	75.1298231268002	6.29975e-05	0.241036	396	0.00690194875344187	4.00129221974293	0.765255398160167	5.401370758483	80.5311938852832	0.00027319925746664
SNP.39	3.539e-36	0.226141	746168	3.829060586671e-06	12.5591983918768	0.999829848485946	74.513902200027	0.000162664	0.226141	396	0.00721495575715942	3.7708936336688	0.757194464089987	4.67576867912908	79.1896708791561	7.14271753199021e-05
SNP.4	2.144e-40	0.151394	752736	5.17026205242413e-06	13.3057261284166	0.999770263366497	84.3115488572973	0.487698	0.151394	396	0.00982788478862002	0.693974820106235	0.695993571714299	-0.427757598268356	83.883791259029	0.00780717751295553
SNP.40	1.258e-40	0.156	748365	5.07445600307281e-06	13.3455139199093	0.999774519475019	84.8326531601514	0.556312	0.156	396	0.0095897607745949	0.588328230974521	0.701158234180823	-0.482574541052897	84.3500786190985	0.0124451484547428
SNP.41	9.471e-36	0.250996	755006	3.52264325823878e-06	12.4810660749909	0.99984346258521	73.4952049666916	0.00039531	0.250996	396	0.00671620402987329	3.54319518789773	0.770120580243551	4.09903608517764	77.5942410518692	1.44869548123378e-05
SNP.42	3.969e-40	0.151394	752973	5.16863470043883e-06	13.259620342945	0.999770335660028	83.6991304576317	0.487698	0.151394	396	0.00982788478862002	0.693974820106235	0.695993571714299	-0.427757598268356	83.2713728593634	0.00423179014169315
SNP.43	9.218e-41	0.151394	752102	5.17462043219341e-06	13.3686653550227	0.999770069749759	85.1511927032074	0.487698	0.151394	396	0.00982788478862002	0.693974820106235	0.695993571714299	-0.427757598268356	84.723435104939	0.0180778485265027
SNP.44	5.117e-35	0.216867	750335	3.92360972941632e-06	12.3460379902706	0.999825647749368	71.8718227997476	0.000584083	0.216867	396	0.00743439824828685	3.43889997511907	0.751643637977178	3.7480359377926	75.6198587375402	2.01147093329269e-06
SNP.45	1.195e-35	0.239044	755506	3.63826805739812e-06	12.4625418898436	0.999838325340371	73.2799576742291	0.000125141	0.239044	396	0.00694124582568845	3.83582990201719	0.764233963916296	4.89985533179585	78.1798130060249	2.6018830620841e-05
SNP.46	3.013e-35	0.223108	752501	3.83342640947066e-06	12.3885884685104	0.99982965451544	72.3866490929803	0.000475922	0.223108	396	0.00728448789533607	3.49395456889006	0.755426787227833	3.90689850597419	76.2935475989545	3.9454188595513e-06
SNP.47	7.675e-41	0.155378	755148	5.04528857361891e-06	13.3822859958267	0.999775815222368	85.3211951337516	0.430796	0.155378	396	0.00962105953482619	0.787830257464213	0.700475025601354	-0.385394540245743	84.9358005935058	0.0223550632498996
SNP.48	1.775e-35	0.238	755088	3.65124106744787e-06	12.4309554672907	0.9998377489489	72.888607834564	0.000178103	0.238	396	0.00696214220994212	3.74820733546549	0.76369192164198	4.64326668407542	77.5318745186394	1.3611051092903e-05
SNP.49	8.217e-41	0.153226	754978	5.10429455997473e-06	13.3772140081202	0.99977319391667	85.2589262696897	0.43337	0.153226	396	0.00973138913712273	0.783437912577276	0.698077265744822	-0.384560896660236	84.8743653730295	0.0210230113957891
SNP.5	3.845e-36	0.228916	755662	3.74856098516995e-06	12.5526347072786	0.999833425041388	74.4211629785141	0.000318799	0.228916	396	0.0071531441696351	3.59952498729711	0.758772825953481	4.20454238225554	78.6257053607697	4.06383777647718e-05
SNP.50	7.818e-36	0.239044	756172	3.6350636455365e-06	12.4963277856794	0.999838467712649	73.7010890104944	0.000125141	0.239044	396	0.00694124582568845	3.83582990201719	0.764233963916296	4.89985533179585	78.6009443422902	3.96444858102335e-05
SNP.51	1.519e-40	0.151394	752203	5.17392562419125e-06	13.3314578422828	0.999770100615917	84.6545199454288	0.487698	0.151394	396	0.00982788478862002	0.693974820106235	0.695993571714299	-0.427757598268356	84.2267623471605	0.0110013125969703
SNP.52	2.59e-36	0.243028	742377	3.66108125378504e-06	12.583876945464	0.999837311749383	74.8022609443259	7.83696e-05	0.243028	396	0.00686339019682115	3.94933197479332	0.766260293827918	5.24899278272001	80.0512537270459	0.000169061279796413
SNP.53	4.148e-41	0.15121	753609	5.16943596817424e-06	13.4279382291881	0.999770300064486	85.9446856357979	0.378223	0.15121	396	0.00983771078419146	0.881175200194592	0.695782090147188	-0.324878645783363	85.6198069900145	0.0443033030637851
SNP.54	2.777e-35	0.229084	755717	3.74635558029453e-06	12.3951285640409	0.99983352302674	72.4564905856248	0.000375961	0.229084	396	0.00714945606079151	3.55640733894795	0.758867210038097	4.08788506772698	76.5443756533518	5.07021477100198e-06
SNP.55	3.719e-35	0.236	756135	3.66745928911731e-06	12.3716927745637	0.999837028373453	72.155951713471	0.000152747	0.236	396	0.00700276345852706	3.7865603676028	0.762640422875265	4.74829467999291	76.9042463934639	7.26634866129614e-06
SNP.56	3.821e-35	0.236	756122	3.66752234371796e-06	12.3695195663697	0.999837025571939	72.1290805727891	0.000114778	0.236	396	0.00700276345852706	3.85701951926903	0.762640422875265	4.95365855198714	77.0827391247763	8.68629632935266e-06
SNP.57	8.845e-35	0.237052	747439	3.69875603558348e-06	12.3019167195574	0.999835637862216	71.2994212346447	0.000143941	0.237052	396	0.00698129927394061	3.80129638197648	0.763195671633387	4.79377253555698	76.0931937702016	3.2290930059808e-06
SNP.58	9.905e-35	0.237052	747644	3.69774185639219e-06	12.2927722038319	0.999835682922033	71.1868527688355	0.000143941	0.237052	396	0.00698129927394061	3.80129638197648	0.763195671633387	4.79377253555698	75.9806253043925	2.88531139176925e-06
SNP.59	3.056e-34	0.25498	750922	3.50510577086264e-06	12.2013800855971	0.999844241785696	70.0416410169518	0.00130321	0.25498	396	0.00664661877693867	3.21527194285481	0.77195918237358	3.25113152881237	73.2927725457641	1.96278653135777e-07
SNP.6	2.504e-40	0.151394	753013	5.16836014291058e-06	13.2941205574653	0.999770347856981	84.1570546606849	0.487698	0.151394	396	0.00982788478862002	0.693974820106235	0.695993571714299	-0.427757598268356	83.7292970624165	0.00668956806601728
SNP.60	3.622e-35	0.235887	755741	3.67058617753148e-06	12.3738151067489	0.999836889445947	72.1826219428223	0.000118639	0.235887	396	0.00700508199089349	3.84892153319146	0.762580493995728	4.92954550373635	77.1121674465586	8.94571790169905e-06
SNP.61	1.001e-38	0.150602	745134	5.2455816387456e-06	13.0153367784517	0.999766917378452	80.4976949635826	0.502987	0.150602	396	0.00987035663839662	0.669797323527826	0.695080386396215	-0.437937129746438	80.0597578338362	0.000170505125581728
SNP.62	2.199e-35	0.22479	755147	3.7996373602609e-06	12.413821857604	0.999831155741631	72.6952099470401	0.000904508	0.22479	396	0.00724566856992156	3.31865903511583	0.756412650369933	3.45923468939852	76.1544446364386	3.43306058083683e-06
SNP.63	1.279e-40	0.15	751533	5.21809238909134e-06	13.3442801954867	0.999768138554905	84.8295779135759	0.507035	0.15	396	0.00990295107942167	0.663461545531634	0.694381198331321	-0.43988156755241	84.3896963460235	0.0129480939442409
SNP.64	1.259e-40	0.153846	751001	5.11439030503867e-06	13.3454547082379	0.999772745420603	84.8356236956815	0.486085	0.153846	396	0.0096992733168544	0.69654913104518	0.698773533756198	-0.430430745475163	84.4051929502064	0.0131503082014621
SNP.65	2.443e-40	0.149402	748707	5.25505592558475e-06	13.2959652628246	0.999766496495484	84.189549709861	0.458287	0.149402	396	0.00993559888100198	0.741670495793942	0.693682274298274	-0.400777516571348	83.7887721932896	0.00709950056635289
SNP.66	1.252e-35	0.239044	754183	3.64465036598893e-06	12.4588260739904	0.999838041774005	73.2345177428745	0.000125141	0.239044	396	0.00694124582568845	3.83582990201719	0.764233963916296	4.89985533179585	78.1343730746704	2.48629961358577e-05
SNP.67	1.015e-35	0.231076	756584	3.71941462092123e-06	12.475552280018	0.999834720005507	73.4529055128	0.000320312	0.231076	396	0.00710618583726028	3.59829352334422	0.75997631453367	4.20647001457126	77.6593755273712	1.54619636793623e-05
SNP.68	6.032e-36	0.238	756117	3.64627209166978e-06	12.5169346843861	0.999837969720659	73.9602703432999	0.000160087	0.238	396	0.00696214220994212	3.77487642928302	0.76369192164198	4.71987790041222	78.6801482437121	4.29121828531956e-05
SNP.69	3.139e-36	0.25498	741230	3.5509370042601e-06	12.5686853908343	0.999842205480628	74.5963542397991	0.000387959	0.25498	396	0.00664661877693867	3.5481420008631	0.77195918237358	4.12010204650269	78.7164562863018	4.44988706767778e-05
SNP.7	1.927e-40	0.161355	752921	4.90749656420228e-06	13.3136989834008	0.999781936603607	84.3926015782091	0.657214	0.161355	396	0.00933070005205995	0.443762919298703	0.706864755195477	-0.543960737286685	83.8486408409224	0.00753751902757915
SNP.70	1.324e-36	0.239919	754118	3.63585184587026e-06	12.6367588814193	0.999838432692841	75.4656429899799	4.14984e-05	0.239919	396	0.00692389222804038	4.09897491760995	0.764684693160953	5.70054693558543	81.1661899255654	0.000515531006508256
SNP.71	3.613e-35	0.229084	755214	3.74885078940994e-06	12.3740148791707	0.99983341216549	72.1953745366685	0.000375961	0.229084	396	0.00714945606079151	3.55640733894795	0.758867210038097	4.08788506772698	76.2832596043955	3.90503649474734e-06
SNP.72	1.478e-35	0.234	753947	3.69985377103755e-06	12.4455836493815	0.999835589090013	73.0769723165867	0.00011564	0.234	396	0.0070441758866476	3.8551895389726	0.761571420584752	4.94257969801435	78.0195520146011	2.21659990190676e-05
SNP.73	5.926e-34	0.28	754841	3.28567039967189e-06	12.1473434149631	0.999853991526047	69.3522807162431	4.95298e-05	0.28	396	0.00626302709636043	4.05783471895577	0.782254243429304	5.67809445258527	75.0303751688284	1.11558919720178e-06
SNP.74	5.218e-35	0.237052	752966	3.67160603862656e-06	12.3444649115046	0.999836844133575	71.8200733667691	0.000143941	0.237052	396	0.00698129927394061	3.80129638197648	0.763195671633387	4.79377253555698	76.6138459023261	5.43496688057702e-06
SNP.75	4.466e-34	0.280876	753457	3.28543680141205e-06	12.1704524657936	0.99985400190516	69.6331855058103	0.00010334	0.280876	396	0.00625109938404423	3.88261292233458	0.782578770274317	5.13560415505218	74.7687896608625	8.58814083008512e-07
SNP.76	4.339e-40	0.148594	747352	5.28818723173951e-06	13.2529343818624	0.999765024682744	83.6214842597795	0.428012	0.148594	396	0.00998014470710856	0.79259812756711	0.692730903845871	-0.37242482913352	83.249059430646	0.00413841008303814
SNP.77	1.74e-40	0.151394	752984	5.16855919421067e-06	13.3213215182909	0.999770339014319	84.5189727965139	0.487698	0.151394	396	0.00982788478862002	0.693974820106235	0.695993571714299	-0.427757598268356	84.0912151982455	0.00960676409661538
SNP.78	1.992e-40	0.150602	752466	5.19446889135863e-06	13.311220804384	0.999769188002417	84.3868975032132	0.46377	0.150602	396	0.00987035663839662	0.732653158630812	0.695080386396215	-0.407300698432034	83.9795968047811	0.00859215046898329
SNP.79	6.02e-36	0.231707	756488	3.71280320635223e-06	12.5170927809742	0.999835013749117	73.9710568101253	0.000295793	0.231707	396	0.00709265422213886	3.61895680564974	0.760323823307721	4.26468964436962	78.235746454495	2.75156237303431e-05
SNP.8	3.308e-40	0.151394	753048	5.16811992899991e-06	13.273275278548	0.999770358528252	83.8801935696955	0.487698	0.151394	396	0.00982788478862002	0.693974820106235	0.695993571714299	-0.427757598268356	83.4524359714271	0.00507176162063075
SNP.80	2.571e-35	0.262	742847	3.48107177067773e-06	12.4013056087052	0.999845309631893	72.4972527682138	0.000147002	0.262	396	0.00653005990311272	3.7960801320192	0.775058683140625	4.83842689911005	77.3356796673239	1.11862706532751e-05
SNP.81	2.81e-41	0.152	750001	5.17212153813123e-06	13.4567517591474	0.999770180760662	86.3321669038163	0.429446	0.152	396	0.00979569779222212	0.790140020191172	0.696687222699326	-0.379017049395606	85.9531498544207	0.0618308295395095
SNP.82	2.04e-36	0.233068	753395	3.71285306362221e-06	12.6027147861164	0.999835011533969	75.0462900667351	0.00016476	0.233068	396	0.00706374983299912	3.76769777351593	0.761067189619006	4.68609589736501	79.7323859641001	0.000122902761843093
SNP.83	8.853e-36	0.250996	755507	3.52030728481645e-06	12.4864373134875	0.999843566373761	73.5619241454257	0.00039531	0.250996	396	0.00671620402987329	3.54319518789773	0.770120580243551	4.09903608517764	77.6609602306034	1.5486485728133e-05
SNP.84	7.812e-34	0.292829	753602	3.20397733306213e-06	12.124727092797	0.999857621282006	69.0655280492013	0.000160522	0.292829	396	0.00609728213674314	3.7741999166904	0.786788055326801	4.83100038863429	73.8965284378356	3.58988818339353e-07
SNP.85	1.524e-35	0.239044	755070	3.64036890218473e-06	12.4431364009181	0.999838231999689	73.0386246702449	0.000125141	0.239044	396	0.00694124582568845	3.83582990201719	0.764233963916296	4.89985533179585	77.9384800020407	2.04398724794002e-05
SNP.86	5.477e-34	0.280876	753421	3.28559378631803e-06	12.1537849880503	0.99985399493009	69.4305266299672	4.52464e-05	0.280876	396	0.00625109938404423	4.07891487179019	0.782578770274317	5.74713602431224	75.1776626542795	1.29261872335772e-06
SNP.87	8.321e-36	0.231076	756785	3.71842675469925e-06	12.4913684123061	0.999834763896162	73.6501835700746	0.000320312	0.231076	396	0.00710618583726028	3.59829352334422	0.75997631453367	4.20647001457126	77.8566535846459	1.88339503170362e-05
SNP.88	2.186e-35	0.238	754957	3.65187463012738e-06	12.4142964463408	0.999837720799696	72.6817771953557	9.71075e-05	0.238	396	0.00696214220994212	3.89770776568178	0.76369192164198	5.0797424289424	77.7615196242981	1.71247904708836e-05
SNP.89	2.003e-35	0.248963	754814	3.54269623613663e-06	12.4212921374757	0.999842571621546	72.7538345166528	0.000661825	0.248963	396	0.00675271898177585	3.40492387608067	0.769159270767865	3.72561289672792	76.4794474133807	4.75147424793706e-06
SNP.9	4.921e-34	0.29065	753790	3.21727905982208e-06	12.1625310338521	0.999857030262832	69.5265672318855	0.000186911	0.29065	396	0.00612412318813962	3.73608030388202	0.786050278365307	4.71495412411797	74.2415213560034	5.06885003081341e-07
SNP.90	3.356e-34	0.292829	754694	3.19934135709345e-06	12.1937534990881	0.999857827266756	69.9040086311212	0.000160522	0.292829	396	0.00609728213674314	3.7741999166904	0.786788055326801	4.83100038863429	74.7350090197555	8.30287331352738e-07
SNP.91	1.007e-33	0.292	745810	3.24284128181283e-06	12.1039084349628	0.999855894490199	68.8192612311201	0.000156067	0.292	396	0.00610743297067885	3.78121151861194	0.786508877712353	4.85049913602169	73.6697603671418	2.8615200928575e-07
SNP.92	1.929e-35	0.238	754563	3.65378148032315e-06	12.4243031331604	0.99983763607831	72.8062875002783	0.000177186	0.238	396	0.00696214220994212	3.74950211862577	0.76369192164198	4.64697360951104	77.4532611097894	1.25820177801394e-05
SNP.93	1.07e-35	0.25	755611	3.52915278717047e-06	12.4713483744681	0.999843173363466	73.3748843657382	0.000340477	0.25	396	0.00673400673400673	3.58238079192366	0.769651598042039	4.20456231079801	77.5794466765363	1.42742069814351e-05
SNP.94	2.845e-35	0.237052	754166	3.66576391998643e-06	12.3931891540532	0.99983710369864	72.4218606161759	0.000143941	0.237052	396	0.00698129927394061	3.80129638197648	0.763195671633387	4.79377253555698	77.2156331517328	9.92087056714797e-06
SNP.95	2.044e-35	0.239044	754864	3.64136234735347e-06	12.4196711259297	0.999838187860857	72.7470985547535	0.000125141	0.239044	396	0.00694124582568845	3.83582990201719	0.764233963916296	4.89985533179585	77.6469538865494	1.52710886648561e-05
SNP.96	1.027e-35	0.233068	756735	3.69646565028399e-06	12.4746160773187	0.999835739623669	73.4382134987939	0.000158434	0.233068	396	0.00706374983299912	3.77746305225118	0.761067189619006	4.71413384040501	78.1523473391989	2.53139306733297e-05
SNP.97	6.388e-35	0.237052	755744	3.65810977325719e-06	12.3281713081942	0.999837443772234	71.6173076453401	0.000143941	0.237052	396	0.00698129927394061	3.80129638197648	0.763195671633387	4.79377253555698	76.4110801808971	4.43748469328711e-06
SNP.98	1.224e-35	0.242915	755455	3.59883909293168e-06	12.4606298954055	0.99984007717527	73.2508237004748	0.000125943	0.242915	396	0.0068655580478553	3.83425975005903	0.766203726260985	4.90553778098581	78.1563614814606	2.54157486113785e-05
SNP.99	1.103e-33	0.261603	753448	3.43545351368447e-06	12.0964334552494	0.999847336486876	68.7570448638494	0.00671365	0.261603	396	0.00653645348226903	2.71072392096741	0.774888021835708	2.10136929903173	70.8584141628811	1.72046030355461e-08
