snp	pvalues.df1	MAF.df1	N.df1	V.df1	z.df1	r.df1	lABF.df1	pvalues.df2	MAF.df2	N.df2	V.df2	z.df2	r.df2	lABF.df2	internal.sum.lABF	SNP.PP.H4
SNP.1	4.74e-35	0.249201	754748	3.54074432074618e-06	12.3521954278317	0.999842658346036	71.8978171174551	2.60665e-06	0.249201	469	0.00569801640638494	4.69960513660954	0.797928466872772	8.0120723770002	79.9098894944553	0.000215979378648565
SNP.10	4.599e-35	0.231629	749702	3.74729115007867e-06	12.3546242416474	0.999833481459706	71.9554597017567	2.4206e-06	0.231629	469	0.0059900888481797	4.71470600133609	0.789748326862012	7.99771664484417	79.9531763466009	0.000225533743437684
SNP.100	2.73e-35	0.240323	754614	3.62928297550661e-06	12.3964968172859	0.999838724548389	72.4579764308529	2.46478e-06	0.240323	469	0.00583946213918751	4.71102168932545	0.793945907988396	8.0205004341809	80.4784768650338	0.000381370103728953
SNP.101	4.775e-34	0.29393	754033	3.19512591250188e-06	12.1649906534422	0.999858014566615	69.5530997564631	9.24861e-08	0.29393	469	0.00513695176371328	5.34090032565081	0.814127411458669	10.7702333252245	80.3233330816876	0.00032656418720458
SNP.102	9.043e-36	0.24359	753570	3.60105443623152e-06	12.4847472920404	0.999839978747067	73.5518843431629	1.23997e-05	0.24359	469	0.00578602684757139	4.37043898506468	0.795445755646372	6.80333901467542	80.3552233578383	0.000337146244881118
SNP.103	2.744e-34	0.294872	754604	3.18676035337966e-06	12.2101449131712	0.999858386263807	70.1020592843465	8.54454e-08	0.294872	469	0.00512738189701856	5.35523477004893	0.814409417579598	10.8359302015418	80.9379894858884	0.000603824096971906
SNP.104	1.831e-35	0.240385	754570	3.62885465018048e-06	12.4284723389084	0.99983874357893	72.8547505565349	5.74223e-06	0.240385	469	0.00583843252321254	4.53566487012634	0.793974754304771	7.37704759485534	80.2317981513902	0.000297999435092835
SNP.105	4.997e-34	0.293269	753942	3.19971846182503e-06	12.1612792243286	0.999857810511312	69.5086665258196	1.24786e-07	0.293269	469	0.00514371457685562	5.28634273215296	0.813928241714587	10.5319716301754	80.040638155995	0.000246147658938192
SNP.106	3.732e-35	0.240385	755662	3.62361062669114e-06	12.3714125266185	0.999838976571534	72.1466211426736	8.39344e-06	0.240385	469	0.00583843252321254	4.45489464934494	0.793974754304771	7.08876747867958	79.2353886213532	0.000110022188688979
SNP.107	5.339e-34	0.242812	743259	3.65894565275278e-06	12.1558705626529	0.999837406634113	69.5084526673128	1.95051e-06	0.242812	469	0.0057986018910861	4.75848539759811	0.795092283590426	8.20911236806292	77.7175650353757	2.41155889269989e-05
SNP.108	4.076e-34	0.294408	754815	3.18879225964625e-06	12.1779086210743	0.999858295982446	69.7093367058203	8.23711e-08	0.294408	469	0.00513208577711064	5.36185620611002	0.814270778597472	10.8632069462942	80.5725436521145	0.00041898582615861
SNP.109	2.446e-36	0.277244	742838	3.35909302019056e-06	12.5883937695757	0.99985072926196	74.8171271233338	9.43404e-06	0.277244	469	0.00532038793375759	4.42975454944283	0.808759390903325	7.1079202532468	81.9250473765806	0.00162025822882438
SNP.11	1.764e-40	0.201278	753596	4.12704747259127e-06	13.3202988392613	0.9998166093062	84.3969651740602	0.994033	0.201278	469	0.00663139971674817	0.00747859516898244	0.772362475499739	-0.739978761086503	83.6569864129737	0.00915705456963495
SNP.110	2.758e-36	0.253994	742633	3.55328450853297e-06	12.5789126181544	0.99984210118004	74.7252511829896	5.21722e-05	0.253994	469	0.00562641009472359	4.04567667704442	0.799959892649824	5.74205298365597	80.4673041666455	0.000377132885245017
SNP.111	3.864e-35	0.244409	754931	3.58640040237323e-06	12.3686206311901	0.999840629829461	72.1070572410698	3.62364e-06	0.244409	469	0.00577288878926231	4.63187781309906	0.795815389354385	7.7424625305767	79.8495197716465	0.000203326530442263
SNP.112	7.887e-36	0.246795	756131	3.55732389459882e-06	12.4956290135363	0.999841921708493	73.6818209250089	5.91105e-06	0.246795	469	0.00573518736406588	4.52954622980785	0.796878012881016	7.37771476429469	81.0595356893035	0.00068186325287322
SNP.113	1.678e-35	0.241722	752689	3.6241803412906e-06	12.4354467571881	0.99983895125904	72.9408139597632	1.82102e-05	0.241722	469	0.00581637670982022	4.28577649623984	0.794593186500338	6.50611481395174	79.446928773715	0.000135941169258716
SNP.114	1.476e-34	0.250804	753790	3.53012207548449e-06	12.2604925399136	0.999843130297498	70.7680008503264	1.83049e-05	0.250804	469	0.00567371155496686	4.28462338570946	0.7986168224979	6.52922992335426	77.2972307736806	1.58397754972494e-05
SNP.115	4.179e-35	0.246753	755062	3.56276796049911e-06	12.3623235587327	0.999841679826557	72.0259785027842	8.24842e-06	0.246753	469	0.00573584371383877	4.45863250566492	0.79685948923752	7.12361710333531	79.1495956061195	0.000100976624107261
SNP.116	2.292e-35	0.245192	754835	3.57911114008752e-06	12.4105058932034	0.999840953693525	72.6249224731198	4.54869e-06	0.245192	469	0.00576042293694661	4.58459419231578	0.796166428584632	7.57188787314773	80.1968103462675	0.000287753377663066
SNP.117	2.489e-35	0.245192	754834	3.57911588167459e-06	12.4039024155308	0.999840953482855	72.5430054543676	4.54869e-06	0.245192	469	0.00576042293694661	4.58459419231578	0.796166428584632	7.57188787314773	80.1148933275154	0.000265121117029497
SNP.118	1.246e-32	0.29902	727897	3.2771340820383e-06	11.8957025808459	0.999854370807305	66.3263426455029	1.15647e-07	0.29902	469	0.00508617498275785	5.30024560863382	0.815625943577286	10.6111337886401	76.9374764341431	1.10537515109045e-05
SNP.119	1.472e-32	0.298046	708300	3.37412223440968e-06	11.8817794501672	0.99985006149673	66.175114877876	9.71994e-08	0.298046	469	0.00509571594591125	5.33188329761535	0.815343948462904	10.7450680152985	76.9201828931745	1.08642364228749e-05
SNP.12	1.817e-40	0.201278	753644	4.1267846186726e-06	13.3180885922932	0.999816620984312	84.3675010605507	0.994033	0.201278	469	0.00663139971674817	0.00747859516898244	0.772362475499739	-0.739978761086503	83.6275222994642	0.00889118609764446
SNP.120	1.965e-40	0.198387	753114	4.17475815362221e-06	13.3122402938458	0.999814489613661	84.2952332969775	0.886166	0.198387	469	0.00670377145438601	0.143157239297451	0.770448434550422	-0.727919011086819	83.5673142858906	0.00837166212777096
SNP.121	3.369e-35	0.244409	755077	3.58570694401236e-06	12.3796281694652	0.999840660640011	72.2431498695478	3.62364e-06	0.244409	469	0.00577288878926231	4.63187781309906	0.795815389354385	7.7424625305767	79.9856124001245	0.000232969102989201
SNP.122	6.287e-35	0.241987	750735	3.63090303803155e-06	12.3294556471052	0.999838652568838	71.6294993433996	1.4207e-06	0.241987	469	0.0058120383630205	4.82207851428373	0.794714944628931	8.44785338369101	80.0773527270906	0.000255352812299609
SNP.123	9.75e-36	0.244373	753581	3.59318332988829e-06	12.4787543709867	0.999840328462188	73.4760274840766	1.06098e-05	0.244373	469	0.00577346415121653	4.40435720276728	0.795799194596814	6.92427486056401	80.4003023446406	0.000352692221939882
SNP.13	8.346e-34	0.282051	752747	3.28019552822935e-06	12.1193088300251	0.999854234782675	69.0113617671552	5.268e-08	0.282051	469	0.00526472781084874	5.442019186259	0.810380715895525	11.1685760607663	80.1799378279214	0.000282938983212347
SNP.14	2.219e-35	0.236156	756200	3.665470052303e-06	12.4130971374048	0.999837116755171	72.6687028889141	7.33946e-06	0.236156	469	0.00591008199051499	4.48359879018471	0.791972371199487	7.17533271726241	79.8440356061765	0.000202214506154587
SNP.15	2.273e-40	0.201923	751175	4.13045879217461e-06	13.3013586737567	0.999816457747624	84.1453017432085	0.95207	0.201923	469	0.0066155594524771	0.0601075208797692	0.772782677822999	-0.739528177829134	83.4057735653793	0.00712287706415503
SNP.16	1.057e-40	0.202875	754763	4.09641963823815e-06	13.3584803643015	0.999817970045904	84.9025876395476	0.965824	0.202875	469	0.00659237947849795	0.0428463699902238	0.773398408907379	-0.741571047594561	84.161016591953	0.0151583987672487
SNP.17	9.448e-41	0.204473	754694	4.07294189130623e-06	13.3668318882878	0.999819013122566	85.0113856887245	0.932792	0.204473	469	0.00655399745781975	0.0843325920283744	0.77442011319321	-0.7417866262471	84.2695990624774	0.0168970191201241
SNP.18	3.372e-40	0.202875	753311	4.10431544928395e-06	13.2718395878137	0.999817619248838	83.7500935837743	0.965824	0.202875	469	0.00659237947849795	0.0428463699902238	0.773398408907379	-0.741571047594561	83.0085225361797	0.00478775059456588
SNP.19	2.883e-42	0.200321	747937	4.17313866229259e-06	13.6240082760905	0.999814561564356	88.4931969983807	0.967532	0.200321	469	0.00665510620822843	0.0407038403224762	0.771734454997452	-0.737983522501208	87.7552134758795	0.551560556731483
SNP.2	1.588e-40	0.201923	751270	4.12993648516747e-06	13.328143671706	0.999816480952749	84.5018107107769	0.966605	0.201923	469	0.0066155594524771	0.0418666531616823	0.772782677822999	-0.740246903361503	83.7615638074154	0.0101665403256722
SNP.20	2.915e-35	0.242812	756448	3.59515034334069e-06	12.391240231486	0.999840241067291	72.3882300427849	1.95051e-06	0.242812	469	0.0057986018910861	4.75848539759811	0.795092283590426	8.20911236806292	80.5973424108479	0.000429506059804692
SNP.21	8.657e-39	0.201278	744981	4.1747728695831e-06	13.0264247044924	0.999814488959861	80.531932735221	0.994033	0.201278	469	0.00663139971674817	0.00747859516898244	0.772362475499739	-0.739978761086503	79.7919539741345	0.000191952397881153
SNP.22	2.019e-40	0.201278	750286	4.14525456579876e-06	13.3102149650257	0.999815800399486	84.2648493376852	0.942116	0.201278	469	0.00663139971674817	0.0726105892035345	0.772362475499739	-0.737964297528043	83.5268850401571	0.0080399527043235
SNP.23	1.256e-34	0.249196	739862	3.6120324024654e-06	12.2735643095726	0.999839490993834	70.9395206098051	3.81091e-05	0.249196	469	0.00569809278753274	4.11865451423178	0.797926305496376	5.9681762245746	76.9076968343797	1.07294282906672e-05
SNP.24	6.937e-36	0.242718	749736	3.62829023987327e-06	12.505831648888	0.999838768655744	73.8189695088364	1.93595e-05	0.242718	469	0.00580012752938514	4.27215261658862	0.795049420771598	6.46284476526769	80.2818142741041	0.000313283243784854
SNP.25	1.723e-39	0.209265	747148	4.04422962411898e-06	13.149061374345	0.999820288763084	82.1212920557467	0.811805	0.209265	469	0.00644272510703891	0.238098110766151	0.77739742601252	-0.729148032308122	81.3921440234385	0.000950927156517941
SNP.26	2.095e-40	0.202875	753251	4.1046423773955e-06	13.3074539392532	0.999817604723999	84.2233479453384	0.965824	0.202875	469	0.00659237947849795	0.0428463699902238	0.773398408907379	-0.741571047594561	83.4817768977438	0.007685343382869
SNP.27	2.13e-35	0.257475	754400	3.46674723096857e-06	12.416373411903	0.999845946081557	72.6821854398585	1.52351e-05	0.257475	469	0.00557636271011234	4.32526153424011	0.80138585728899	6.68792250791282	79.3701079477714	0.000125889103344738
SNP.28	1.42e-35	0.234824	748150	3.71943953258594e-06	12.4487795061675	0.999834718898688	73.1193171713305	1.16445e-06	0.234824	469	0.00593325945907073	4.86159274574613	0.791326792216292	8.56804468790971	81.6873618592402	0.00127749358264057
SNP.29	8.2e-41	0.205128	754443	4.06463382023041e-06	13.3773679735528	0.99981938223666	85.1512620344396	0.897139	0.205128	469	0.0065384531625503	0.129276330223069	0.774834660580934	-0.738985490793451	84.4122765436461	0.0194883081581562
SNP.3	1.692e-40	0.201923	753196	4.11937581082714e-06	13.3234096483315	0.999816950144014	84.4374994391181	0.964939	0.201923	469	0.0066155594524771	0.0439565982285976	0.772782677822999	-0.740177597938639	83.6973218411795	0.00953395847824737
SNP.30	9.78e-36	0.245192	756004	3.57357680306977e-06	12.4785097257423	0.999841199585885	73.4703076263185	5.82155e-06	0.245192	469	0.00576042293694661	4.53276888421952	0.796166428584632	7.38378951366415	80.8540971399826	0.00055523451799121
SNP.31	1.05e-35	0.247604	755211	3.5538374771296e-06	12.4728516860568	0.999842076611419	73.3970300977114	1.08876e-05	0.247604	469	0.0057225952130928	4.39875031442647	0.797233558080512	6.9149875357656	80.312017633477	0.000322889794959886
SNP.32	1.598e-40	0.198718	752730	4.1716530799498e-06	13.3276752767483	0.999814627565757	84.5004287739305	0.918466	0.198718	469	0.00669536977157913	0.102366214104858	0.770670149959981	-0.732259094018706	83.7681696799118	0.0102339215055062
SNP.33	1.184e-35	0.23871	755930	3.63971757091095e-06	12.4632792156582	0.999838260938382	73.2893395442567	6.01743e-06	0.23871	469	0.00586646418630856	4.52577596835971	0.793190150602552	7.33533961693081	80.6246791611875	0.000441409316647198
SNP.34	3.057e-40	0.20607	753019	4.05851435184142e-06	13.2791858005337	0.999819654114868	83.8421699731723	0.882502	0.20607	469	0.00651628660705603	0.147798237923122	0.775426583859582	-0.73830696941362	83.1038630037587	0.0052666851677804
SNP.35	1.695e-35	0.250799	754787	3.52550588453255e-06	12.4346412779499	0.99984333539722	72.9173384285375	1.79053e-05	0.250799	469	0.00567378680185217	4.2895282972371	0.79861468954258	6.54600869293601	79.4633471214735	0.000138191521633656
SNP.36	6.297e-35	0.241987	748526	3.64161831687425e-06	12.3293275738881	0.999838176488115	71.6293575038073	1.53774e-06	0.241987	469	0.0058120383630205	4.80626765771312	0.794714944628931	8.38736270188852	80.0167202056959	0.000240330160120512
SNP.37	1.434e-36	0.248397	751245	3.56495094793065e-06	12.6304804461809	0.999841582835622	75.3767427201545	5.09501e-05	0.248397	469	0.0057103445093351	4.05122538385983	0.797579766973584	5.7464052047537	81.1231479249082	0.000726647408253182
SNP.38	1.858e-36	0.252396	750369	3.53135221786464e-06	12.6100818317232	0.999843075641659	75.1147319722068	4.06269e-05	0.252396	469	0.00564993013297841	4.10388526733404	0.799291504231502	5.9278326699481	81.0425646421549	0.000670388960237879
SNP.39	3.539e-36	0.247508	746168	3.59784340002616e-06	12.5591983918768	0.999840121414137	74.4835750870808	2.43426e-05	0.247508	469	0.00572408446505484	4.22081004468469	0.797191491821745	6.30333132600826	80.7869064130891	0.000519153630839476
SNP.4	2.144e-40	0.201278	752736	4.1317626195039e-06	13.3057261284166	0.999816399821016	84.2035463463826	0.994033	0.201278	469	0.00663139971674817	0.00747859516898244	0.772362475499739	-0.739978761086503	83.4635675852961	0.00754666501469252
SNP.40	1.258e-40	0.203526	748365	4.12159235515233e-06	13.3455139199093	0.999816851667005	84.7324541977978	0.865898	0.203526	469	0.00657666409992233	0.16887114010882	0.773816415895526	-0.732170505105227	84.0002836926926	0.0129076718695475
SNP.41	9.471e-36	0.250799	755006	3.52448326247562e-06	12.4810660749909	0.999843380832851	73.4954596581756	1.79053e-05	0.250799	469	0.00567378680185217	4.2895282972371	0.79861468954258	6.54600869293601	80.0414683511116	0.000246352094371503
SNP.42	3.969e-40	0.201278	752973	4.1304621376263e-06	13.259620342945	0.999816457598992	83.5910984090736	0.994033	0.201278	469	0.00663139971674817	0.00747859516898244	0.772362475499739	-0.739978761086503	82.8511196479871	0.00409046153510313
SNP.43	9.218e-41	0.200321	752102	4.15002860205016e-06	13.3686653550227	0.999815588298302	85.0449576504379	0.967532	0.200321	469	0.00665510620822843	0.0407038403224762	0.771734454997452	-0.737983522501208	84.3069741279366	0.017540496414672
SNP.44	5.117e-35	0.229032	750335	3.77382955500151e-06	12.3460379902706	0.999832302369212	71.8528723934652	2.51467e-06	0.229032	469	0.00603760426258435	4.70693665927026	0.788433387504071	7.95736278561281	79.810235179078	0.000195493790843501
SNP.45	1.195e-35	0.246006	755506	3.56794784311309e-06	12.4625418898436	0.999841449682496	73.2704432834913	5.89727e-06	0.246006	469	0.00574756077432623	4.53003935620026	0.79652895270341	7.37677172244747	80.6472150059388	0.000451469783260061
SNP.46	3.013e-35	0.234824	752501	3.69793353936297e-06	12.3885884685104	0.999835674405589	72.3691216279519	1.16445e-06	0.234824	469	0.00593325945907073	4.86159274574613	0.791326792216292	8.56804468790971	80.9371663158616	0.000603327251596008
SNP.47	7.675e-41	0.203526	755148	4.08457078991612e-06	13.3822859958267	0.99981849646996	85.2194191771174	0.956248	0.203526	469	0.00657666409992233	0.0548625094462721	0.773816415895526	-0.742039592149621	84.4773795849678	0.0207992669945036
SNP.48	1.775e-35	0.245192	755088	3.57791192209115e-06	12.4309554672907	0.999841006975153	72.8787173130363	5.57181e-06	0.245192	469	0.00576042293694661	4.5420186897882	0.796166428584632	7.41720462688692	80.2959219399232	0.00031773426201155
SNP.49	8.217e-41	0.201299	754978	4.11917138815433e-06	13.3772140081202	0.999816959226141	85.1556489386046	0.932978	0.201299	469	0.00663088225220891	0.0840986474684409	0.772376195310524	-0.737299148904019	84.4183497897006	0.0196070255839536
SNP.5	3.845e-36	0.236246	755662	3.6671144057226e-06	12.5526347072786	0.999837043696608	74.4104664105668	4.85783e-06	0.236246	469	0.00590852666536706	4.57083572050789	0.792015730524661	7.48846342728273	81.8989298378495	0.00157848890208414
SNP.50	7.818e-36	0.246006	756172	3.56480536592072e-06	12.4963277856794	0.999841589303883	73.6915757209073	5.89727e-06	0.246006	469	0.00574756077432623	4.53003935620026	0.79652895270341	7.37677172244747	81.0683474433548	0.000687898214402784
SNP.51	1.519e-40	0.201278	752203	4.1346903258228e-06	13.3314578422828	0.999816269748528	84.5465361661954	0.994033	0.201278	469	0.00663139971674817	0.00747859516898244	0.772362475499739	-0.739978761086503	83.8065574051089	0.0106344163345284
SNP.52	2.59e-36	0.253205	742377	3.56181876081747e-06	12.583876945464	0.999841721999855	74.7888687270964	4.76019e-05	0.253205	469	0.00563797937355947	4.06709960606713	0.799630979228831	5.80967038642832	80.5985391135248	0.000430020358526159
SNP.53	4.148e-41	0.201613	753609	4.12184768463995e-06	13.4279382291881	0.999816840323184	85.8356737089395	0.930153	0.201613	469	0.00662315887371819	0.0876523411626992	0.772581027269842	-0.737512789827476	85.0981609191121	0.0386945622404952
SNP.54	2.777e-35	0.239617	755717	3.63128877569343e-06	12.3951285640409	0.999838635430474	72.4412879239438	3.69949e-06	0.239617	469	0.00585122955160067	4.62758802947894	0.793616374169905	7.70846779366649	80.1497557176103	0.000274526873798261
SNP.55	3.719e-35	0.242812	756135	3.59663854592021e-06	12.3716927745637	0.99984017494609	72.1464443630419	1.95051e-06	0.242812	469	0.0057986018910861	4.75848539759811	0.795092283590426	8.20911236806292	80.3555567311048	0.000337258659162993
SNP.56	3.821e-35	0.241158	756122	3.61347535024769e-06	12.3695195663697	0.999839426883411	72.1218423233732	2.02609e-06	0.241158	469	0.00582564650059698	4.75080444524293	0.794333149625581	8.17335751421221	80.2951998375854	0.000317504908176596
SNP.57	8.845e-35	0.242812	747439	3.63848325671979e-06	12.3019167195574	0.999838315779049	71.2914103832661	1.95051e-06	0.242812	469	0.0057986018910861	4.75848539759811	0.795092283590426	8.20911236806292	79.500522751329	0.000143425565137611
SNP.58	9.905e-35	0.242812	747644	3.63748560400322e-06	12.2927722038319	0.999838360104835	71.1788415604887	1.95051e-06	0.242812	469	0.0057986018910861	4.75848539759811	0.795092283590426	8.20911236806292	79.3879539285516	0.000128155884167105
SNP.59	3.056e-34	0.265176	750922	3.41709952897482e-06	12.2013800855971	0.999848151971149	70.0292197357521	4.40953e-06	0.265176	469	0.00547116249999325	4.5910824906798	0.804399888635498	7.66174440936104	77.6909641451131	2.34825498223644e-05
SNP.6	2.504e-40	0.201278	753013	4.13024272775489e-06	13.2941205574653	0.999816467346962	84.0490435208725	0.994033	0.201278	469	0.00663139971674817	0.00747859516898244	0.772362475499739	-0.739978761086503	83.309064759786	0.00646629253461537
SNP.60	3.622e-35	0.239482	755741	3.63257547515018e-06	12.3738151067489	0.999838578262289	72.1775473374396	1.1014e-05	0.239482	469	0.00585348874662148	4.39624423732361	0.793553139124053	6.87963011959368	79.0571774570333	9.20627948087395e-05
SNP.61	1.001e-38	0.2	745134	4.19387653764289e-06	13.0153367784517	0.999813640223655	80.3897954136074	0.91398	0.2	469	0.00666311300639659	0.108019782325112	0.771522573569731	-0.733657763732596	79.6561376498748	0.000167575012917105
SNP.62	2.199e-35	0.238255	755147	3.64826911999197e-06	12.413821857604	0.999837880992612	72.675405106183	4.56265e-06	0.238255	469	0.00587415667623577	4.58395384163795	0.792975109594867	7.54378928283589	80.2191943890189	0.000294267091222025
SNP.63	1.279e-40	0.201278	751533	4.13837644807998e-06	13.3442801954867	0.999816105981093	84.7179585057141	0.994033	0.201278	469	0.00663139971674817	0.00747859516898244	0.772362475499739	-0.739978761086503	83.9779797446276	0.0126229666541998
SNP.64	1.259e-40	0.200658	751001	4.15088189919611e-06	13.3454547082379	0.999815550387972	84.7350882210964	0.834715	0.200658	469	0.00664673018588098	0.20865829399701	0.771956231677036	-0.722304026369528	84.0127841947269	0.0130700369562668
SNP.65	2.443e-40	0.201278	748707	4.15399677998855e-06	13.2959652628246	0.99981541199991	84.0763380318427	0.942116	0.201278	469	0.00663139971674817	0.0726105892035345	0.772362475499739	-0.737964297528043	83.3383737343147	0.00665861759563673
SNP.66	1.252e-35	0.246006	754183	3.5742067948482e-06	12.4588260739904	0.999841171595143	73.2250036354481	5.89727e-06	0.246006	469	0.00574756077432623	4.53003935620026	0.79652895270341	7.37677172244747	80.6017753578956	0.00043141426378325
SNP.67	1.015e-35	0.241214	756584	3.61069688863095e-06	12.475552280018	0.999839550330955	73.4384510737054	5.97617e-06	0.241214	469	0.00582472386948392	4.52723065235735	0.794359023716405	7.34970700984749	80.7881580835529	0.000519803846948662
SNP.68	6.032e-36	0.245192	756117	3.57304273998331e-06	12.5169346843861	0.999841223314484	73.9503829665665	5.48307e-06	0.245192	469	0.00576042293694661	4.54540124808557	0.796166428584632	7.429441198418	81.3798241649845	0.000939283738449171
SNP.69	3.139e-36	0.258786	741230	3.51667816188147e-06	12.5686853908343	0.99984372761768	74.5916278916462	0.000129187	0.258786	469	0.00555792612778551	3.82800334733963	0.801912439911888	5.06593286316354	79.6575607548097	0.000167813659514255
SNP.7	1.927e-40	0.207668	752921	4.03593178707471e-06	13.3136989834008	0.999820657423437	84.2982892908923	0.874427	0.207668	469	0.00647918506834985	0.158037816353009	0.776419348816464	-0.739295631346816	83.5589936595455	0.00830229365012328
SNP.70	1.324e-36	0.251613	754118	3.52104346739972e-06	12.6367588814193	0.999843533664772	75.4500098001744	4.82889e-05	0.251613	469	0.00566158263869625	4.06375796020855	0.798960778897533	5.79494295806794	81.2449527582424	0.000820772686920736
SNP.71	3.613e-35	0.239617	755214	3.63370734613065e-06	12.3740148791707	0.999838527973154	72.1801708004763	3.69949e-06	0.239617	469	0.00585122955160067	4.62758802947894	0.793616374169905	7.70846779366649	79.8886385941428	0.000211438047000863
SNP.72	1.478e-35	0.240385	753947	3.6318532382073e-06	12.4455836493815	0.999838610351347	73.0679326901094	3.67796e-06	0.240385	469	0.00583843252321254	4.62879704928436	0.793974754304771	7.7158788259933	80.7838115161027	0.000517549387596208
SNP.73	5.926e-34	0.285942	754841	3.24416611166669e-06	12.1473434149631	0.999855835625845	69.3460615095187	8.07684e-09	0.285942	469	0.00522138505734881	5.76684682077456	0.811647756901503	12.661570127159	82.0076316366776	0.0017597465573009
SNP.74	5.218e-35	0.244409	752966	3.59575975829456e-06	12.3444649115046	0.999840213990836	71.8098948748372	3.18347e-06	0.244409	469	0.00577288878926231	4.65861302640256	0.795815389354385	7.84129613868698	79.6511910135241	0.000166748127104558
SNP.75	4.466e-34	0.285942	753457	3.25012521205138e-06	12.1704524657936	0.999855570853367	69.627899442045	8.38963e-09	0.285942	469	0.00522138505734881	5.76043728239558	0.811647756901503	12.6315860044588	82.2594854465038	0.00226375198476174
SNP.76	4.339e-40	0.199675	747352	4.18653500514487e-06	13.2529343818624	0.999813966392492	83.5090057609519	0.974199	0.199675	469	0.00667124799395528	0.0323423956946534	0.771307419026513	-0.737284903671098	82.7717208572808	0.00377824273927711
SNP.77	1.74e-40	0.201923	752984	4.1205356066155e-06	13.3213215182909	0.999816898616407	84.409821855243	0.966575	0.201923	469	0.0066155594524771	0.0419042855823487	0.772782677822999	-0.740245685261569	83.6695761699814	0.00927306842231583
SNP.78	1.992e-40	0.199029	752466	4.16821363480681e-06	13.311220804384	0.999814780373341	84.2809061154851	0.949877	0.199029	469	0.00668750328556192	0.0628612397136058	0.770877857549741	-0.735226946643704	83.5456791688414	0.00819248548061029
SNP.79	6.02e-36	0.243421	756488	3.58885272128283e-06	12.5170927809742	0.999840520872259	73.954513686905	4.58352e-06	0.243421	469	0.00578875057018722	4.58300001835129	0.795369167831405	7.55964905349191	81.5141627403969	0.00107433396364628
SNP.8	3.308e-40	0.201278	753048	4.13005076323805e-06	13.273275278548	0.999816475875587	83.7721694694687	0.994033	0.201278	469	0.00663139971674817	0.00747859516898244	0.772362475499739	-0.739978761086503	83.0321907083822	0.0049024195494756
SNP.80	2.571e-35	0.264423	742847	3.46053511961364e-06	12.4013056087052	0.999846222090411	72.4943648938516	1.37913e-07	0.264423	469	0.00548112608102268	5.26800679979318	0.804113456150713	10.3427265373463	82.8370914311979	0.00403348026119913
SNP.81	2.81e-41	0.194805	750001	4.2501767664807e-06	13.4567517591474	0.999811138930064	86.2377346323511	0.773896	0.194805	469	0.0067966670043439	0.287282527610705	0.768005452520038	-0.698828479657695	85.5389061526935	0.0601261174177046
SNP.82	2.04e-36	0.247604	753395	3.56240372572226e-06	12.6027147861164	0.999841696009645	75.0261417118439	4.19766e-05	0.247604	469	0.0057225952130928	4.09632198246458	0.797233558080512	5.89088102078993	80.9170227326338	0.000591295665348598
SNP.83	8.853e-36	0.250799	755507	3.52214606888972e-06	12.4864373134875	0.999843484675598	73.5621788356796	1.79053e-05	0.250799	469	0.00567378680185217	4.2895282972371	0.79861468954258	6.54600869293601	80.1081875286156	0.000263349215781203
SNP.84	7.812e-34	0.29393	753602	3.196953268677e-06	12.124727092797	0.999857933373853	69.0644537944869	9.24861e-08	0.29393	469	0.00513695176371328	5.34090032565081	0.814127411458669	10.7702333252245	79.8346871197113	0.000200332915297403
SNP.85	1.524e-35	0.244409	755070	3.58574018589538e-06	12.4431364009181	0.999840659163064	73.0312537333421	3.23309e-06	0.244409	469	0.00577288878926231	4.6554276032671	0.795815389354385	7.82949055142686	80.8607442847689	0.000558937535835886
SNP.86	5.477e-34	0.285942	753421	3.25028050969723e-06	12.1537849880503	0.999855563953243	69.4252402537306	8.07684e-09	0.285942	469	0.00522138505734881	5.76684682077456	0.811647756901503	12.661570127159	82.0868103808895	0.00190474576191343
SNP.87	8.321e-36	0.241214	756785	3.60973789753755e-06	12.4913684123061	0.999839592939107	73.6357299839802	5.97617e-06	0.241214	469	0.00582472386948392	4.52723065235735	0.794359023716405	7.34970700984749	80.9854369938277	0.000633164608447723
SNP.88	2.186e-35	0.244409	754957	3.58627689015934e-06	12.4142964463408	0.999840635317143	72.6729402146062	6.96674e-06	0.244409	469	0.00577288878926231	4.49470212841659	0.795815389354385	7.24430404054032	79.9172442551465	0.000217573711072701
SNP.89	2.003e-35	0.244966	754814	3.581440480549e-06	12.4212921374757	0.999840850200222	72.7591393592944	6.19261e-05	0.244966	469	0.00576401154559725	4.00534855139437	0.796065341386576	5.59058748450086	78.3497268437953	4.5377676780241e-05
SNP.9	4.921e-34	0.293548	753790	3.19858464382381e-06	12.1625310338521	0.999857860888896	69.5237152949866	4.00584e-08	0.293548	469	0.00514085526368432	5.49059409858725	0.814012438665797	11.428825537926	80.9525408329126	0.000612674789526736
SNP.90	3.356e-34	0.29393	754694	3.19232745613656e-06	12.1937534990881	0.999858138907152	69.9029346045602	9.24861e-08	0.29393	469	0.00513695176371328	5.34090032565081	0.814127411458669	10.7702333252245	80.6731679297847	0.000463340112774256
SNP.91	1.007e-33	0.293269	745810	3.23460685234213e-06	12.1039084349628	0.999856260359506	68.8180169682507	1.11663e-07	0.293269	469	0.00514371457685562	5.30664229279407	0.813928241714587	10.6194823223247	79.4374992905754	0.000134665338958738
SNP.92	1.929e-35	0.247573	754563	3.55718824044972e-06	12.4243031331604	0.99984192773566	72.7932247633604	5.64498e-06	0.247573	469	0.00572307597074299	4.53926819300783	0.797219977840979	7.41552441337543	80.2087491767358	0.000291209405872601
SNP.93	1.07e-35	0.251603	755611	3.51417900367474e-06	12.4713483744681	0.999843838656677	73.372810481525	1.80232e-05	0.251603	469	0.00566173200670719	4.28807036971311	0.798956541261072	6.54330858385266	79.9161190653776	0.000217329037037198
SNP.94	2.845e-35	0.24359	754166	3.59820860594482e-06	12.3931891540532	0.999840105187953	72.4127922992297	5.3299e-06	0.24359	469	0.00578602684757139	4.55136496830604	0.795445755646372	7.44533777661003	79.8581300758397	0.000205084792442536
SNP.95	2.044e-35	0.246006	754864	3.57098232682841e-06	12.4196711259297	0.999841314859333	72.7375827038156	5.89727e-06	0.246006	469	0.00574756077432623	4.53003935620026	0.79652895270341	7.37677172244747	80.1143544262631	0.000264978281418132
SNP.96	1.027e-35	0.240385	756735	3.61847258734786e-06	12.4746160773187	0.999839204855354	73.4278222875814	3.60914e-06	0.240385	469	0.00583843252321254	4.63270766906906	0.793974754304771	7.7302570035805	81.1580792911619	0.000752478730128563
SNP.97	6.388e-35	0.241158	755744	3.6152826999354e-06	12.3281713081942	0.999839346582559	71.6115649430092	1.4156e-06	0.241158	469	0.00582564650059698	4.82279562179412	0.794333149625581	8.44709056889191	80.0586555119011	0.000250622782803626
SNP.98	1.224e-35	0.248377	755455	3.54527530841372e-06	12.4606298954055	0.999842457032213	73.2435118969427	6.05902e-06	0.248377	469	0.00571065236272428	4.52431927823674	0.797571063253044	7.36424326295342	80.6077551598961	0.000434001764320987
SNP.99	1.103e-33	0.260274	753448	3.44679178964324e-06	12.0964334552494	0.999846832717604	68.7586552242963	3.02936e-07	0.260274	469	0.00553726733544376	5.12161120513703	0.802503315704961	9.71417590668892	78.4728311309852	5.13222597047354e-05
