snp	pvalues.df1	MAF.df1	N.df1	V.df1	z.df1	r.df1	lABF.df1	pvalues.df2	MAF.df2	N.df2	V.df2	z.df2	r.df2	lABF.df2	internal.sum.lABF	SNP.PP.H4
SNP.1	4.74e-35	0.242857	754748	3.60279454119286e-06	12.3521954278317	0.999839901433824	71.9062918387659	0.000902699	0.242857	581	0.00468020993868542	3.31921808684879	0.827808175534947	3.6804946375103	75.5867864762762	3.06658138790763e-06
SNP.10	4.599e-35	0.224675	749702	3.82862469912561e-06	12.3546242416474	0.999829867852134	71.9659183266788	0.00104199	0.224675	581	0.00494032288155572	3.27893671563589	0.81996119714479	3.55058462094344	75.5165029476222	2.85845096666434e-06
SNP.100	2.73e-35	0.236911	754614	3.66509070374491e-06	12.3964968172859	0.999837133609615	72.4627623841364	0.00236571	0.236911	581	0.00476029045837481	3.0400091007284	0.825376385272066	2.94136083900142	75.4041232231378	2.55461143938208e-06
SNP.101	4.775e-34	0.298177	754033	3.16867657776369e-06	12.1649906534422	0.999859189760193	69.5490310613663	0.00514296	0.298177	581	0.00411236954554369	2.79794041019684	0.845471500066693	2.37568599788926	71.9247170592555	7.87477139966696e-08
SNP.102	9.043e-36	0.239583	753570	3.64198864561505e-06	12.4847472920404	0.999838160034387	73.5573932743481	0.000628522	0.239583	581	0.00472374076364222	3.41899794988478	0.826484508332122	3.95487054752461	77.5122638218727	2.10319084032761e-05
SNP.103	2.744e-34	0.298956	754604	3.16153759558316e-06	12.2101449131712	0.999859506959042	70.0981702119653	0.00466527	0.298956	581	0.00410621155899731	2.82928111702709	0.845667183774282	2.45038978236094	72.5485599943263	1.46949969269303e-07
SNP.104	1.831e-35	0.231771	754570	3.72152274579735e-06	12.4284723389084	0.999834626342046	72.8670384339574	0.00253644	0.231771	581	0.00483330364594889	3.01896002131303	0.823171625773628	2.88495450157255	75.7519929355299	3.6174517661662e-06
SNP.105	4.997e-34	0.298177	753942	3.16905903366689e-06	12.1612792243286	0.99985917276694	69.5039538854906	0.00507023	0.298177	581	0.00411236954554369	2.80253763720894	0.845471500066693	2.38657003530301	71.8905239207936	7.61005970328018e-08
SNP.106	3.732e-35	0.229765	755662	3.73882637826274e-06	12.3714125266185	0.999833857546645	72.1618772547004	0.00261108	0.229765	581	0.00486280381867604	3.01016244501264	0.822284154398059	2.86160571948249	75.0234829741829	1.74588202187459e-06
SNP.107	5.339e-34	0.24026	743259	3.68538923091955e-06	12.1558705626529	0.999836231747504	69.5119658325663	0.00143192	0.24026	581	0.00471462773560075	3.18813836295146	0.82676126304556	3.32515192761615	72.8371177601824	1.96104944997459e-07
SNP.108	4.076e-34	0.297872	754815	3.16725848557787e-06	12.1779086210743	0.999859252768768	69.7060202004551	0.00381344	0.297872	581	0.00411479210635363	2.89319537901374	0.845394542632128	2.60478169270364	72.3108018931587	1.15854382884829e-07
SNP.109	2.446e-36	0.284031	742838	3.30990806264506e-06	12.5883937695757	0.999852914612287	74.809926074994	0.00320586	0.284031	581	0.00423188551710693	2.94727689115589	0.84169146937283	2.73404696295809	77.543973037952	2.17094999049431e-05
SNP.11	1.764e-40	0.184416	753596	4.41127491782807e-06	13.3202988392613	0.999803981767666	84.4291393502601	0.954364	0.184416	581	0.00572171967809908	0.0572274651253227	0.797258291012673	-0.796605736224114	83.632533614036	0.0095692539520917
SNP.110	2.758e-36	0.245455	742633	3.63528723656261e-06	12.5789126181544	0.999838457778481	74.7363689840964	0.00039484	0.245455	581	0.0046466166374358	3.54350888897684	0.828832568732414	4.32104299231725	79.0574119764136	9.86115985305968e-05
SNP.111	3.864e-35	0.24026	754931	3.62840937037165e-06	12.3686206311901	0.999838763362762	72.1127362071631	0.00143192	0.24026	581	0.00471462773560075	3.18813836295146	0.82676126304556	3.32515192761615	75.4378881347792	2.642340414863e-06
SNP.112	7.887e-36	0.242188	756131	3.60295519767787e-06	12.4956290135363	0.999839894295822	73.6880345551678	0.000889287	0.242188	581	0.00468899503713488	3.32339560863488	0.827540700539662	3.69127928633481	77.3793138415026	1.84136226470523e-05
SNP.113	1.678e-35	0.235849	752689	3.68588015499924e-06	12.4354467571881	0.999836209935802	72.9490412268869	0.0034518	0.235849	581	0.00477507994489884	2.92434674908808	0.824928837805592	2.65603345655403	75.605074683441	3.12317962630021e-06
SNP.114	1.476e-34	0.250653	753790	3.53153693530694e-06	12.2604925399136	0.999843067434571	70.7681964521177	0.00116095	0.250653	581	0.00458181966689332	3.24830439593832	0.830815664410673	3.49478482747022	74.2629812795879	8.16080881063934e-07
SNP.115	4.179e-35	0.242063	755062	3.6093240091125e-06	12.3623235587327	0.999839611328248	72.0323107771138	0.000814802	0.242063	581	0.00469064269357745	3.34771689726907	0.827490554510306	3.75827791297819	75.7905886900919	3.75979938349519e-06
SNP.116	2.292e-35	0.240885	754835	3.62243536287344e-06	12.4105058932034	0.999839028788664	72.6307893065196	0.000726308	0.240885	581	0.00470626677647947	3.3794508228196	0.827015341165876	3.84526585220004	76.4760551587196	7.46206413134257e-06
SNP.117	2.489e-35	0.241514	754834	3.61600207113096e-06	12.4039024155308	0.999839314620779	72.5480051626774	0.000715478	0.241514	581	0.00469790242230648	3.38357831132293	0.827269678765614	3.85752885877965	76.4055340214571	6.9539575689384e-06
SNP.118	1.246e-32	0.301333	727897	3.26274511974465e-06	11.8957025808459	0.9998550101309	66.3241880085011	0.00343793	0.301333	581	0.00408768052397035	2.92559969560314	0.846256595407596	2.68537648597716	69.0095644944782	4.26779236878771e-09
SNP.119	1.472e-32	0.3	708300	3.36150272617871e-06	11.8817794501672	0.999850622195899	66.1732811881527	0.00756074	0.3	581	0.0040980247520695	2.67108099806668	0.845927478063925	2.08254233130035	68.255823519453	2.00843479319983e-09
SNP.12	1.817e-40	0.184416	753644	4.41099396130741e-06	13.3180885922932	0.999803994249728	84.3996756801905	0.954364	0.184416	581	0.00572171967809908	0.0572274651253227	0.797258291012673	-0.796605736224114	83.6030699439664	0.00929142168864733
SNP.120	1.965e-40	0.181462	753114	4.46976555232853e-06	13.3122402938458	0.999801383209696	84.3282051763461	0.902308	0.181462	581	0.0057938778213018	0.122746298684639	0.79522503568105	-0.786931128743754	83.5412740476023	0.00873463082710718
SNP.121	3.369e-35	0.24026	755077	3.62770778925068e-06	12.3796281694652	0.999838794534092	72.2488286092386	0.00143192	0.24026	581	0.00471462773560075	3.18813836295146	0.82676126304556	3.32515192761615	75.5739805368548	3.02756131004693e-06
SNP.122	6.287e-35	0.24026	750735	3.64868923705973e-06	12.3294556471052	0.999837862326797	71.6318821846132	0.00143192	0.24026	581	0.00471462773560075	3.18813836295146	0.82676126304556	3.32515192761615	74.9570341122293	1.63364060238134e-06
SNP.123	9.75e-36	0.240885	753581	3.62846329344102e-06	12.4787543709867	0.999838760966954	73.4807900018107	0.000751989	0.240885	581	0.00470626677647947	3.36988741870621	0.827015341165876	3.81857531768607	77.2993653194968	1.69987911028356e-05
SNP.13	8.346e-34	0.284595	752747	3.26243399666789e-06	12.1193088300251	0.999855023954583	69.0087053719815	0.00377464	0.284595	581	0.00422682857777928	2.89640575581443	0.841850724432996	2.60910490954077	71.6178102815223	5.79362038142337e-08
SNP.14	2.219e-35	0.227394	756200	3.76353755053156e-06	12.4130971374048	0.999832759638438	72.6815664126244	0.00738195	0.227394	581	0.00489842873616518	2.67910382788947	0.821214976109218	2.08638961670859	74.767956029333	1.35220005962064e-06
SNP.15	2.273e-40	0.186198	751175	4.39273610864396e-06	13.3013586737567	0.999804805392434	84.1750470147081	0.947871	0.186198	581	0.00567936927093052	0.0653805623001626	0.798456480117556	-0.79916842248328	83.3758785922249	0.00740311030711175
SNP.16	1.057e-40	0.186198	754763	4.37185387520404e-06	13.3584803643015	0.999805733130274	84.9340265941002	0.873374	0.186198	581	0.00567936927093052	0.159374281880789	0.798456480117556	-0.790734508812387	84.1432920852879	0.015947685623677
SNP.17	9.448e-41	0.187013	754694	4.35756334316838e-06	13.3668318882878	0.999806368018687	85.0440234373222	0.808158	0.187013	581	0.00566028728005011	0.242803014771079	0.798997530680019	-0.778667270758752	84.2653561665634	0.0180181178342322
SNP.18	3.372e-40	0.185714	753311	4.38908592413275e-06	13.2718395878137	0.999804967559556	83.7825140209891	0.894456	0.185714	581	0.00569078606986982	0.132667938562021	0.79813311853861	-0.79304951726033	82.9894645037287	0.00503033275087764
SNP.19	2.883e-42	0.184073	747937	4.45106146111018e-06	13.6240082760905	0.999802214173145	88.5242819860361	0.991551	0.184073	581	0.00572997169714005	0.0105894490533542	0.797025241165206	-0.797292136410218	87.7269898496259	0.57421935855475
SNP.2	1.588e-40	0.186198	751270	4.39218063600387e-06	13.328143671706	0.99980483007047	84.5315519581925	0.912672	0.186198	581	0.00567936927093052	0.109668856889673	0.798456480117556	-0.796073349562539	83.7354786086299	0.0106068523468938
SNP.20	2.915e-35	0.24026	756448	3.62113286621689e-06	12.391240231486	0.999839086658772	72.391741396374	0.00143192	0.24026	581	0.00471462773560075	3.18813836295146	0.82676126304556	3.32515192761615	75.7168933239902	3.4926830895916e-06
SNP.21	8.657e-39	0.184896	744981	4.45332373615191e-06	13.0264247044924	0.999802113667367	80.5631719637042	0.93991	0.184896	581	0.00571022645487467	0.075382980839255	0.797583104694009	-0.796446764707398	79.7667251989968	0.000200437426234294
SNP.22	2.019e-40	0.185714	750286	4.40678182265745e-06	13.3102149650257	0.999804181382545	84.2944045418564	0.907621	0.185714	581	0.00569078606986982	0.116039798737446	0.79813311853861	-0.794699875784795	83.4997046660716	0.00837898091174917
SNP.23	1.256e-34	0.250653	739862	3.59801858517537e-06	12.2735643095726	0.99984011363062	70.9376241656129	0.00121926	0.250653	581	0.00458181966689332	3.23433581746503	0.830815664410673	3.45716829048898	74.3947924561019	9.31060859820529e-07
SNP.24	6.937e-36	0.238845	749736	3.66836364506097e-06	12.505831648888	0.999836988192957	73.8243214701558	0.000546085	0.238845	581	0.00473374231633982	3.45706900255945	0.826180983085103	4.06210884158918	77.8864303117449	3.05757503381956e-05
SNP.25	1.723e-39	0.188312	747148	4.37820653414897e-06	13.149061374345	0.999805450899644	82.1596759645743	0.807778	0.188312	581	0.00563023796140505	0.243293550858336	0.799851036840506	-0.780674394876618	81.3790015696977	0.00100503583857474
SNP.26	2.095e-40	0.185714	753251	4.38943553555769e-06	13.3074539392532	0.999804952027331	84.255762304779	0.894456	0.185714	581	0.00569078606986982	0.132667938562021	0.79813311853861	-0.79304951726033	83.4627127875186	0.00807468952109488
SNP.27	2.13e-35	0.253406	754400	3.50321616015735e-06	12.416373411903	0.999844325742241	72.6872920749582	0.00496909	0.253406	581	0.00454875433945388	2.80903075080369	0.831831282048395	2.3904525512568	75.077744626215	1.84323381405105e-06
SNP.28	1.42e-35	0.227273	748150	3.80546202219657e-06	12.4487795061675	0.999830896955245	73.1304513203723	0.00260099	0.227273	581	0.00490026921154279	3.01133817492651	0.821159815120412	2.86257196377415	75.9930232841464	4.60342317206392e-06
SNP.29	8.2e-41	0.187013	754443	4.35901308609016e-06	13.3773679735528	0.999806303610623	85.1850462666108	0.808158	0.187013	581	0.00566028728005011	0.242803014771079	0.798997530680019	-0.778667270758752	84.4063789958521	0.0207469786179854
SNP.3	1.692e-40	0.185379	753196	4.3958803479461e-06	13.3234096483315	0.999804665703034	84.4688860543069	0.89599	0.185379	581	0.00569872546394425	0.130728608805163	0.797908402944282	-0.792699001794426	83.6761870525124	0.00999623661802232
SNP.30	9.78e-36	0.240885	756004	3.61683403412492e-06	12.4785097257423	0.99983927765653	73.4761730638718	0.000898998	0.240885	581	0.00470626677647947	3.32036508320548	0.827015341165876	3.6815732261571	77.1577462900289	1.47541323144622e-05
SNP.31	1.05e-35	0.241558	755211	3.61374827476607e-06	12.4728516860568	0.999839414757328	73.4051804804596	0.000870902	0.241558	581	0.00469731918818306	3.32921802578561	0.827287419187109	3.70663652485978	77.1118170053194	1.40918119473678e-05
SNP.32	1.598e-40	0.183594	752730	4.43165667076899e-06	13.3276752767483	0.999803076267893	84.5296276369769	0.945587	0.183594	581	0.00574155064679508	0.0682495295192861	0.796698463246506	-0.794676989630991	83.7349506473459	0.0106012538175427
SNP.33	1.184e-35	0.230366	755930	3.73066108086953e-06	12.4632792156582	0.999834220328307	73.3013633845139	0.00295029	0.230366	581	0.00485390470027832	2.97287039526589	0.82255167028388	2.77030081026531	76.0716641947792	4.98005584690807e-06
SNP.34	3.057e-40	0.185714	753019	4.39078789060351e-06	13.2791858005337	0.99980489194611	83.8802068848178	0.955544	0.185714	581	0.00569078606986982	0.055746192999309	0.79813311853861	-0.798833246324861	83.0813736384929	0.00551457876515709
SNP.35	1.695e-35	0.25	754787	3.53300555874262e-06	12.4346412779499	0.999843002182908	72.9183750022765	0.00132863	0.25	581	0.00458978772231784	3.20972287377192	0.83057129242336	3.39074448095222	76.3091194832287	6.31480195118698e-06
SNP.36	6.297e-35	0.24026	748526	3.65945700534656e-06	12.3293275738881	0.999837383914721	71.6317401679053	0.00143192	0.24026	581	0.00471462773560075	3.18813836295146	0.82676126304556	3.32515192761615	74.9568920955214	1.63340861459456e-06
SNP.37	1.434e-36	0.235677	751245	3.69482845818463e-06	12.6304804461809	0.999835812363865	75.3941714723081	0.000862142	0.235677	581	0.00477748950958504	3.33203245901012	0.824855967485341	3.70788377049341	79.1020552428015	0.000103113688692664
SNP.38	1.858e-36	0.242857	750369	3.62381971320274e-06	12.6100818317232	0.999838967281793	75.1273271623884	0.00052657	0.242857	581	0.00468020993868542	3.46686310136048	0.827808175534947	4.09519799704734	79.2225251594357	0.000116315004870894
SNP.39	3.539e-36	0.23262	746168	3.75384085608515e-06	12.5591983918768	0.999833190458684	74.5042474660799	0.000614254	0.23262	581	0.0048209912631727	3.42524112578838	0.823542593431771	3.96367694178124	78.4679244078611	5.46911179261859e-05
SNP.4	2.144e-40	0.185714	752736	4.39243865923028e-06	13.3057261284166	0.999804818607247	84.2331056099327	0.907621	0.185714	581	0.00569078606986982	0.116039798737446	0.79813311853861	-0.794699875784795	83.4384057341479	0.00788078379740258
SNP.40	1.258e-40	0.188802	748365	4.3623757916228e-06	13.3455139199093	0.999806154214957	84.7598848416077	0.878336	0.188802	581	0.00561901783011669	0.153078969888315	0.800170195699422	-0.795769364088186	83.9641154775195	0.0133315993597532
SNP.41	9.471e-36	0.250649	755006	3.52588654755284e-06	12.4810660749909	0.999843318484164	73.4956538078408	0.00117566	0.250649	581	0.00458186832826451	3.24472039459912	0.830814171580527	3.48511442125264	76.9807682290935	1.23609849767069e-05
SNP.42	3.969e-40	0.184416	752973	4.41492474892933e-06	13.259620342945	0.999803819616565	83.6232818449737	0.954364	0.184416	581	0.00572171967809908	0.0572274651253227	0.797258291012673	-0.796605736224114	82.8266761087496	0.00427463081758706
SNP.43	9.218e-41	0.182768	752102	4.45089898140101e-06	13.3686653550227	0.999802221391609	85.0787519247095	0.983901	0.182768	581	0.00576166957953471	0.0201784735605337	0.796131309110381	-0.79497750153761	84.2837744231719	0.0183530551645476
SNP.44	5.117e-35	0.222513	750335	3.85182257502362e-06	12.3460379902706	0.999828837187278	71.8628346457132	0.00146984	0.222513	581	0.00497445317010387	3.18057320045219	0.818942595897895	3.28775986386997	75.1505945095832	1.98252526809356e-06
SNP.45	1.195e-35	0.241558	755506	3.61233722609001e-06	12.4625418898436	0.999839477450466	73.2764713372844	0.000870902	0.241558	581	0.00469731918818306	3.32921802578561	0.827287419187109	3.70663652485978	76.9831078621442	1.23899390033892e-05
SNP.46	3.013e-35	0.227273	752501	3.78345864245544e-06	12.3885884685104	0.999831874553476	72.3802603401771	0.00260099	0.227273	581	0.00490026921154279	3.01133817492651	0.821159815120412	2.86257196377415	75.2428323039512	2.17408788721611e-06
SNP.47	7.675e-41	0.187013	755148	4.35494354710483e-06	13.3822859958267	0.999806484408994	85.2503850737368	0.889316	0.187013	581	0.00566028728005011	0.139169765001444	0.798997530680019	-0.794481461540938	84.4559036121958	0.0218003329725086
SNP.48	1.775e-35	0.240838	755088	3.62170408211193e-06	12.4309554672907	0.999839061279569	72.8846486510356	0.000790455	0.240838	581	0.00470689378993758	3.35611567361192	0.826996281667464	3.78022034698921	76.6648689980248	9.01280107522254e-06
SNP.49	8.217e-41	0.185379	754978	4.38550460351375e-06	13.3772140081202	0.999805126667306	85.1859106390491	0.735647	0.185379	581	0.00569872546394425	0.337623407928428	0.797908402944282	-0.754040500681285	84.4318701383678	0.0212826411256313
SNP.5	3.845e-36	0.222074	755662	3.8300674212332e-06	12.5526347072786	0.999829803752972	74.4316310555453	0.00216173	0.222074	581	0.00498147402351794	3.06706340196601	0.818733375827842	2.99696931937338	77.4286003749186	1.93439031154165e-05
SNP.50	7.818e-36	0.241558	756172	3.60915565285988e-06	12.4963277856794	0.999839618808348	73.6976030796026	0.000870902	0.241558	581	0.00469731918818306	3.32921802578561	0.827287419187109	3.70663652485978	77.4042396044624	1.88783641977496e-05
SNP.51	1.519e-40	0.184416	752203	4.41944413007601e-06	13.3314578422828	0.999803618834023	84.578706375664	0.954364	0.184416	581	0.00572171967809908	0.0572274651253227	0.797258291012673	-0.796605736224114	83.7821006394399	0.0111130741982734
SNP.52	2.59e-36	0.244792	742377	3.64318892945907e-06	12.583876945464	0.999838106705707	74.79987470877	0.000360477	0.244792	581	0.00465511130444929	3.56744646179894	0.828573293172746	4.39069146588106	79.190566174651	0.000112656468346579
SNP.53	4.148e-41	0.185379	753609	4.39347127562384e-06	13.4279382291881	0.999804772731101	85.8664887771186	0.857188	0.185379	581	0.00569872546394425	0.17995486775021	0.797908402944282	-0.786597481905799	85.0798912952128	0.0406871747736968
SNP.54	2.777e-35	0.231169	755717	3.72263393479655e-06	12.3951285640409	0.999834576972203	72.4533960476342	0.00366606	0.231169	581	0.0048420959540493	2.90555193841901	0.822906921174337	2.60804569120686	75.0614417388411	1.8134274062016e-06
SNP.55	3.719e-35	0.239583	756135	3.62963410459261e-06	12.3716927745637	0.999838708947685	72.1508975247351	0.00163681	0.239583	581	0.00472374076364222	3.14926623964905	0.826484508332122	3.22274200131642	75.3736395260515	2.47791241236974e-06
SNP.56	3.821e-35	0.238903	756122	3.63677569912357e-06	12.3695195663697	0.999838391645965	72.1249763484157	0.00163332	0.238903	581	0.00473295372663117	3.14988990502071	0.826204906961568	3.22378342251701	75.3487597709327	2.41702315411136e-06
SNP.57	8.845e-35	0.24026	747439	3.66477895103686e-06	12.3019167195574	0.999837147460779	71.2949219504941	0.00143192	0.24026	581	0.00471462773560075	3.18813836295146	0.82676126304556	3.32515192761615	74.6200738781103	1.16631684595876e-06
SNP.58	9.905e-35	0.24026	747644	3.66377408818106e-06	12.2927722038319	0.999837192106807	71.1823532834547	0.00143192	0.24026	581	0.00471462773560075	3.18813836295146	0.82676126304556	3.32515192761615	74.5075052110708	1.04214607589402e-06
SNP.59	3.056e-34	0.25974	750922	3.46299653558857e-06	12.2013800855971	0.9998461127278	70.0357380035048	0.00489802	0.25974	581	0.0044758008339023	2.81366527727486	0.834080891186101	2.40346176926636	72.4391997727712	1.31727047824749e-07
SNP.6	2.504e-40	0.185714	753013	4.3908228763572e-06	13.2941205574653	0.999804890391794	84.0786049504689	0.907621	0.185714	581	0.00569078606986982	0.116039798737446	0.79813311853861	-0.794699875784795	83.2839050746841	0.00675259385669085
SNP.60	3.622e-35	0.239583	755741	3.63152638758005e-06	12.3738151067489	0.999838624873353	72.1774065082652	0.000990938	0.239583	581	0.00472374076364222	3.29308701880805	0.826484508332122	3.60562924207248	75.7830357503377	3.73150881822177e-06
SNP.61	1.001e-38	0.184896	745134	4.45240932541286e-06	13.0153367784517	0.999802154291763	80.4187267553535	0.955043	0.184896	581	0.00571022645487467	0.0563750908650745	0.797583104694009	-0.797445515391284	79.6212812399622	0.000173305884271546
SNP.62	2.199e-35	0.228261	755147	3.75868853643329e-06	12.413821857604	0.999832975078143	72.6899332756386	0.00556309	0.228261	581	0.00488530528781754	2.77248022127798	0.821608514622228	2.29581974459347	74.985753020232	1.68123716588585e-06
SNP.63	1.279e-40	0.183594	751533	4.43871516724873e-06	13.3442801954867	0.999802762680579	84.7517945178717	0.906544	0.183594	581	0.00574155064679508	0.11739884411733	0.796698463246506	-0.791042255922874	83.9607522619489	0.0132868376310694
SNP.64	1.259e-40	0.188654	751001	4.34968064157094e-06	13.3454547082379	0.999806718225441	84.7576880995679	0.909076	0.188654	581	0.00562240019191121	0.114204102329159	0.800073956933151	-0.799686369653511	83.9580017299144	0.0132503419727751
SNP.65	2.443e-40	0.181818	748707	4.48922438993014e-06	13.2959652628246	0.999800518716725	84.1138186438592	0.888462	0.181818	581	0.00578504944115563	0.140250592318493	0.795473242739388	-0.785704664571003	83.3281139792882	0.00705781568616659
SNP.66	1.252e-35	0.241558	754183	3.61867404639771e-06	12.4588260739904	0.999839195904498	73.2310315104019	0.000870902	0.241558	581	0.00469731918818306	3.32921802578561	0.827287419187109	3.70663652485978	76.9376680352617	1.18395419931263e-05
SNP.67	1.015e-35	0.231771	756584	3.71161618312878e-06	12.475552280018	0.999835066488301	73.4518832066084	0.00299236	0.231771	581	0.00483330364594889	2.96852167214023	0.823171625773628	2.76065612430321	76.2125393309116	5.73344310589263e-06
SNP.68	6.032e-36	0.240885	756117	3.61629350634171e-06	12.5169346843861	0.999839301672266	73.9562475037992	0.000632494	0.240885	581	0.00470626677647947	3.41728340553928	0.827015341165876	3.9515943916996	77.9078418954988	3.12374846864681e-05
SNP.69	3.139e-36	0.254545	741230	3.55492967132957e-06	12.5686853908343	0.999842028084788	74.5969020225662	0.000614804	0.254545	581	0.0045353193120131	3.42499797633349	0.832244655235204	3.98874489000071	78.5856469125669	6.15237834611461e-05
SNP.7	1.927e-40	0.193506	752921	4.25524938442734e-06	13.3136989834008	0.999810913565578	84.323878930755	0.880221	0.193506	581	0.00551440038170812	0.150689064488772	0.803158364749127	-0.803559141289508	83.5203197894655	0.00855350739883317
SNP.70	1.324e-36	0.243455	754118	3.59979055825163e-06	12.6367588814193	0.999840034901449	75.4607878359376	0.000597198	0.243455	581	0.00467240422755181	3.43288379268845	0.82804597677764	3.99886896820643	79.459656804144	0.000147441828446542
SNP.71	3.613e-35	0.231169	755214	3.72511334443303e-06	12.3740148791707	0.999834466812687	72.1922797771621	0.00366606	0.231169	581	0.0048420959540493	2.90555193841901	0.822906921174337	2.60804569120686	74.8003254683689	1.39668612730752e-06
SNP.72	1.478e-35	0.238281	753947	3.65380179014155e-06	12.4455836493815	0.999837635175944	73.0708692586993	0.00147181	0.238281	581	0.00474143355984828	3.18018511303025	0.825947722265367	3.30244330031901	76.3733125590183	6.73346230289785e-06
SNP.73	5.926e-34	0.28961	754841	3.21961639360262e-06	12.1473434149631	0.999856926411043	69.3423444716446	0.00806721	0.28961	581	0.00418295775931737	2.64924385129684	0.843234854357301	2.03261571382279	71.3749601854674	4.54445260707377e-08
SNP.74	5.218e-35	0.24026	752966	3.63787835623924e-06	12.3444649115046	0.999838342654823	71.8155740245932	0.00143192	0.24026	581	0.00471462773560075	3.18813836295146	0.82676126304556	3.32515192761615	75.1407259522093	1.96305682446659e-06
SNP.75	4.466e-34	0.28961	753457	3.22553039943008e-06	12.1704524657936	0.999856663641616	69.6241828600082	0.00952005	0.28961	581	0.00418295775931737	2.59279137736182	0.843234854357301	1.90784821531146	71.5320310753197	5.31736655182562e-08
SNP.76	4.339e-40	0.182415	747352	4.48591810404149e-06	13.2529343818624	0.999800665604166	83.5423659102373	0.871218	0.182415	581	0.005770326793273	0.162111563870333	0.795887510057151	-0.784083982702035	82.7582819275352	0.00399204471279366
SNP.77	1.74e-40	0.186198	752984	4.38218281717889e-06	13.3213215182909	0.999805274244741	84.4395665272785	0.892985	0.186198	581	0.00567936927093052	0.13452809046118	0.798456480117556	-0.793649814988383	83.6459167122901	0.00969818101541997
SNP.78	1.992e-40	0.184211	752466	4.42170452405527e-06	13.311220804384	0.999803518411532	84.3094215886038	0.933697	0.184211	581	0.00572664770464333	0.0831943565574212	0.797119099491886	-0.794809533963903	83.5146120546399	0.00850482531115989
SNP.79	6.02e-36	0.234127	756488	3.68603709512407e-06	12.5170927809742	0.99983620296297	73.967532941647	0.00337548	0.234127	581	0.00479938524959762	2.93129874550242	0.82419438365674	2.67176203071424	76.6392949723612	8.78522982875435e-06
SNP.8	3.308e-40	0.184416	753048	4.41448504341764e-06	13.273275278548	0.999803839151365	83.804350727431	0.954364	0.184416	581	0.00572171967809908	0.0572274651253227	0.797258291012673	-0.796605736224114	83.0077449912068	0.00512313533966811
SNP.80	2.571e-35	0.269531	742847	3.41869312087375e-06	12.4013056087052	0.999848081166355	72.488426336233	0.00326825	0.269531	581	0.0043710256949427	2.94131215495194	0.837333128085045	2.71399179356725	75.2024181298003	2.08797571714575e-06
SNP.81	2.81e-41	0.184555	750001	4.42983624333015e-06	13.4567517591474	0.999803157143924	86.257708975038	0.84939	0.184555	581	0.00571838487492918	0.189896800096423	0.797352509710444	-0.783767072648467	85.4739419023895	0.060338087258923
SNP.82	2.04e-36	0.233766	753395	3.70513900620605e-06	12.6027147861164	0.999835354267961	75.0452775439139	0.00145144	0.233766	581	0.0048045321886069	3.18422130530488	0.824039021968242	3.30882862723398	78.3541061711479	4.88074556831073e-05
SNP.83	8.853e-36	0.25	755507	3.52963859589212e-06	12.4864373134875	0.99984315177874	73.5632152192668	0.00103283	0.25	581	0.00458978772231784	3.28142769856938	0.83057129242336	3.58403786209884	77.1472530813656	1.46001235615545e-05
SNP.84	7.812e-34	0.298177	753602	3.17048880703725e-06	12.124727092797	0.999859109239358	69.0603845744514	0.00544289	0.298177	581	0.00411236954554369	2.77958205801947	0.845471500066693	2.33240034203281	71.3927849164842	4.62618249511782e-08
SNP.85	1.524e-35	0.240885	755070	3.62130795440764e-06	12.4431364009181	0.999839078879579	73.036065780998	0.000843549	0.240885	581	0.00470626677647947	3.33809501077777	0.827015341165876	3.73038946698926	76.7664552479873	9.97649831406965e-06
SNP.86	5.477e-34	0.28961	753421	3.22568452188536e-06	12.1537849880503	0.999856656793692	69.4215234540536	0.00806721	0.28961	581	0.00418295775931737	2.64924385129684	0.843234854357301	2.03261571382279	71.4541391678764	4.91890657178354e-08
SNP.87	8.321e-36	0.232468	756785	3.70286448623317e-06	12.4913684123061	0.999835455324462	73.6481408801877	0.00229493	0.232468	581	0.00482318812429255	3.04914589747443	0.823476378292607	2.96089934970301	76.6090402298907	8.52341549600925e-06
SNP.88	2.186e-35	0.240885	754957	3.62184998236267e-06	12.4142964463408	0.999839054797201	72.6777528103654	0.00117953	0.240885	581	0.00470626677647947	3.24378437886492	0.827015341165876	3.47370821751828	76.1514610278836	5.3937341557049e-06
SNP.89	2.003e-35	0.248656	754814	3.54562084459528e-06	12.4212921374757	0.999842441679888	72.754237023046	0.000720593	0.248656	581	0.00460634122580438	3.38162172116583	0.830064072925516	3.85987611039086	76.6141131334369	8.56676381867317e-06
SNP.9	4.921e-34	0.29765	753790	3.17292757482458e-06	12.1625310338521	0.99985900088023	69.5197733197669	0.00548364	0.29765	581	0.00411655951226682	2.77715868294615	0.845338406326722	2.32662496331118	71.8463982830781	7.28156185339189e-08
SNP.90	3.356e-34	0.298177	754694	3.16590128709236e-06	12.1937534990881	0.999859313071726	69.8988662441343	0.0045585	0.298177	581	0.00411236954554369	2.83668192498037	0.845471500066693	2.46796659306131	72.3668328371956	1.22531118538519e-07
SNP.91	1.007e-33	0.298177	745810	3.2036131266152e-06	12.1039084349628	0.99985763746435	68.8133044748809	0.00440768	0.298177	581	0.00411236954554369	2.84740823210278	0.845471500066693	2.49374049444613	71.307044969327	4.24606242713385e-08
SNP.92	1.929e-35	0.240157	754563	3.63124357963907e-06	12.4243031331604	0.999838637438539	72.8032715477934	0.000563876	0.240157	581	0.00471601041167504	3.44842022975468	0.826719260452223	4.03908712508872	76.8423586728821	1.07632287918773e-05
SNP.93	1.07e-35	0.250653	755611	3.52302603649896e-06	12.4713483744681	0.999843445578169	73.37403689689	0.000905105	0.250653	581	0.00458181966689332	3.31847476617785	0.830815664410673	3.68620198373929	77.0602388806293	1.3383408806682e-05
SNP.94	2.845e-35	0.239583	754166	3.63911046596655e-06	12.3931891540532	0.999838287912097	72.4183034127867	0.00117502	0.239583	581	0.00472374076364222	3.2448754621817	0.826484508332122	3.47537307338553	75.8936764861723	4.16807124070762e-06
SNP.95	2.044e-35	0.241558	754864	3.61540946227978e-06	12.4196711259297	0.999839340950488	72.7436116793556	0.000870902	0.241558	581	0.00469731918818306	3.32921802578561	0.827287419187109	3.70663652485978	76.4502482042154	7.27195460666848e-06
SNP.96	1.027e-35	0.231771	756735	3.71087556184967e-06	12.4746160773187	0.999835099393946	73.440108721517	0.00433561	0.231771	581	0.00483330364594889	2.8526517955933	0.823171625773628	2.48304204871375	75.9231507702308	4.2927505471197e-06
SNP.97	6.388e-35	0.239529	755744	3.63207274195982e-06	12.3281713081942	0.999838600598774	71.6138245982985	0.00150614	0.239529	581	0.00472447019328688	3.17349788333599	0.826462364198666	3.28600754523513	74.8998321435336	1.54281559256391e-06
SNP.98	1.224e-35	0.243421	755455	3.5937600749453e-06	12.4606298954055	0.99984030283726	73.2501351871633	0.00150839	0.243421	581	0.00467284684581378	3.17306451922004	0.828032488744047	3.28823081526389	76.5383660024271	7.94182353192047e-06
SNP.99	1.103e-33	0.260989	753448	3.44067469810647e-06	12.0964334552494	0.999847104505136	68.7577870961731	0.0216928	0.260989	581	0.00446190958681398	2.29570420258751	0.834510624240201	1.29961891684295	70.057406013016	1.21695654831616e-08
