snp	pvalues.df1	MAF.df1	N.df1	V.df1	z.df1	r.df1	lABF.df1	pvalues.df2	MAF.df2	N.df2	V.df2	z.df2	r.df2	lABF.df2	internal.sum.lABF	SNP.PP.H4
SNP.1	4.74e-35	0.257732	754748	3.46289203566489e-06	12.3521954278317	0.999846117370812	71.8869662922138	0.000489174	0.257732	584	0.00447536102420206	3.48661555584109	0.834094490146515	4.17166140922213	76.058627701436	2.43843398237248e-06
SNP.10	4.599e-35	0.235825	749702	3.70082599668597e-06	12.3546242416474	0.999835545894193	71.9493796974739	0.00208725	0.235825	584	0.00475088467699908	3.07752832642717	0.825661268127232	3.03661592376348	74.9859956212374	8.34205038394903e-07
SNP.100	2.73e-35	0.249351	754614	3.53994994800049e-06	12.3964968172859	0.999842693640384	72.4458221304695	0.00370836	0.249351	584	0.00457413662681582	2.90195990522657	0.831051431487373	2.6102158641096	75.0560379945791	8.94729640403514e-07
SNP.101	4.775e-34	0.313144	754033	3.08297398559597e-06	12.1649906534422	0.999862997706174	69.535605075594	0.00139715	0.313144	584	0.0039805892521933	3.19523918338551	0.849678977522617	3.38993040257636	72.9255354781704	1.06273831430461e-07
SNP.102	9.043e-36	0.25323	753570	3.50868504666858e-06	12.4847472920404	0.999844082756348	73.5392135568175	0.00125908	0.25323	584	0.00452746539489391	3.22514700249435	0.832486497392787	3.43623895600801	76.9754525128255	6.09934161961133e-06
SNP.103	2.744e-34	0.313471	754604	3.07889334442704e-06	12.2101449131712	0.999863179018346	70.0852016468376	0.00152274	0.313471	584	0.00397833087890073	3.17031454809903	0.849751447812337	3.32264883519749	73.4078504820351	1.72144472791264e-07
SNP.104	1.831e-35	0.244186	754570	3.59033337989875e-06	12.4284723389084	0.999840455086201	72.849547591332	0.000920088	0.244186	584	0.00463896893573665	3.31388664429253	0.829066131925593	3.66909848293472	76.5186460742667	3.86273080425007e-06
SNP.105	4.997e-34	0.312661	753942	3.08593921772111e-06	12.1612792243286	0.999862865954205	69.4909395117635	0.00164093	0.312661	584	0.00398393696179296	3.14853156594137	0.849571573609302	3.26387419502309	72.7548137067866	8.95948021954156e-08
SNP.106	3.732e-35	0.242228	755662	3.60478629897595e-06	12.3714125266185	0.999839812939606	72.1440813400012	0.00117165	0.242228	584	0.00466438360317939	3.24569327963986	0.828290467719891	3.48184776624841	75.6259291062496	1.5819486779392e-06
SNP.107	5.339e-34	0.252577	743259	3.56344097108627e-06	12.1558705626529	0.999841649924447	69.4955440996273	0.000867021	0.252577	584	0.00453520474782296	3.33046166879134	0.832248181949199	3.72300315106575	73.218547250693	1.42455668205216e-07
SNP.108	4.076e-34	0.311842	754815	3.08678735235617e-06	12.1779086210743	0.999862828269671	69.6934193522544	0.0016441	0.311842	584	0.00398964622494644	3.14796744971571	0.849388467061171	3.26206635539901	72.9554857076534	1.09504901186955e-07
SNP.109	2.446e-36	0.283679	742838	3.31238661965635e-06	12.5883937695757	0.999852804486613	74.8102915689093	0.00122046	0.283679	584	0.00421329906125391	3.23405488265223	0.842277097576276	3.48127703753876	78.2915686064481	2.27438988671395e-05
SNP.11	1.764e-40	0.194588	753596	4.23347763135353e-06	13.3202988392613	0.999811880834086	84.4092740904912	0.19522	0.194588	584	0.00546289693335188	1.29529060193448	0.804637661599497	-0.141448069405336	84.2678260210858	0.00896025837817738
SNP.110	2.758e-36	0.266753	742633	3.44220042076894e-06	12.5789126181544	0.999847036715978	74.709763391044	0.000486717	0.266753	584	0.00437721168677551	3.4879621358766	0.837140409586116	4.18484139608345	78.8946047871274	4.15681025881551e-05
SNP.111	3.864e-35	0.253866	754931	3.49656313472812e-06	12.3686206311901	0.999844621340292	72.0946803025916	0.000687446	0.253866	584	0.00451997243812232	3.39453759832677	0.832717355708879	3.90361816632937	75.998298468921	2.29567470689523e-06
SNP.112	7.887e-36	0.255155	756131	3.47938887634354e-06	12.4956290135363	0.999845384404064	73.6710170510269	0.000912597	0.255155	584	0.00450492087407281	3.31617182616507	0.833181482179496	3.68582215014856	77.3568392011755	8.93134967149307e-06
SNP.113	1.678e-35	0.249333	752689	3.54917446530715e-06	12.4354467571881	0.999842283790979	72.9306167389588	0.00290316	0.249333	584	0.00457435715602324	2.97780988635911	0.831044662310455	2.79552222107007	75.7261389600288	1.74869060357626e-06
SNP.114	1.476e-34	0.265544	753790	3.40108398741924e-06	12.2604925399136	0.999848863557347	70.7498155022836	0.000696655	0.265544	584	0.00438990256656978	3.39089218886166	0.83674531524605	3.90428959762262	74.6541050999062	5.98597069732869e-07
SNP.115	4.179e-35	0.255236	755062	3.48358799011334e-06	12.3623235587327	0.999845197834527	72.0150116027085	0.00121083	0.255236	584	0.00450398101882013	3.23631661420835	0.833210480496149	3.46790583488737	75.4829174375959	1.37114445388447e-06
SNP.116	2.292e-35	0.255155	754835	3.4853627487577e-06	12.4105058932034	0.99984511898079	72.6119741475797	0.000912597	0.255155	584	0.00450492087407281	3.31617182616507	0.833181482179496	3.68582215014856	76.2977962977282	3.09728096655965e-06
SNP.117	2.489e-35	0.255814	754834	3.47946719565601e-06	12.4039024155308	0.999845380924282	72.5292299483501	0.000844653	0.255814	584	0.00449729476227022	3.33773158908663	0.833416836691528	3.74618989211321	76.2754198404633	3.02874445325e-06
SNP.118	1.246e-32	0.315104	727897	3.18288926036706e-06	11.8957025808459	0.99985855826369	66.3120510541562	0.00179539	0.315104	584	0.0039671499040298	3.1221441605163	0.850110422980384	3.19441825269293	69.5064693068491	3.47972374546675e-09
SNP.119	1.472e-32	0.313802	708300	3.27829179996889e-06	11.8817794501672	0.999854319368162	66.1610112043284	0.00117136	0.313802	584	0.00397605151013351	3.24576375716046	0.849824604374572	3.52846792928035	69.6894791336088	4.17854347103819e-09
SNP.12	1.817e-40	0.194588	753644	4.23320799883963e-06	13.3180885922932	0.999811892813245	84.3798101430313	0.19522	0.194588	584	0.00546289693335188	1.29529060193448	0.804637661599497	-0.141448069405336	84.238362073626	0.00870010518625326
SNP.120	1.965e-40	0.192208	753114	4.27600570351474e-06	13.3122402938458	0.999809991412191	84.306813920228	0.219598	0.192208	584	0.00551424616335069	1.22759776830431	0.803162786133984	-0.207507442927621	84.0993064773004	0.00757065447134118
SNP.121	3.369e-35	0.253866	755077	3.49588704710041e-06	12.3796281694652	0.999844651379295	72.2307734152405	0.000687446	0.253866	584	0.00451997243812232	3.39453759832677	0.832717355708879	3.90361816632937	76.1343915815699	2.63035785345881e-06
SNP.122	6.287e-35	0.251938	750735	3.53388220706555e-06	12.3294556471052	0.999842963232994	71.6162869698386	0.00109561	0.251938	584	0.00454282373068725	3.2647493027678	0.832013706263514	3.5421092129314	75.15839618277	9.91163775032452e-07
SNP.123	9.75e-36	0.254522	753581	3.4968733690656e-06	12.4787543709867	0.999844607556384	73.4627781503141	0.00087035	0.254522	584	0.00451228994920175	3.32939459701561	0.832954186494837	3.72185017712008	77.1846283274342	7.51842480613926e-06
SNP.13	8.346e-34	0.297927	752747	3.17562224920174e-06	12.1193088300251	0.999858881150709	68.9955055966024	0.000796564	0.297927	584	0.00409321938565045	3.35398597548188	0.846080336258229	3.82321049558761	72.81871609219	9.55070142553631e-08
SNP.14	2.219e-35	0.239529	756200	3.62988254734155e-06	12.4130971374048	0.999838697909347	72.6639473507518	0.000569111	0.239529	584	0.00470020065462274	3.44592371068898	0.82719978009339	4.03343691431478	76.6973842650665	4.61869679539964e-06
SNP.15	2.273e-40	0.194588	751175	4.24712192109361e-06	13.3013586737567	0.99981127464971	84.1587671734179	0.184445	0.194588	584	0.00546289693335188	1.32719253847463	0.804637661599497	-0.107789154419653	84.0509780189982	0.00721347685141038
SNP.16	1.057e-40	0.196382	754763	4.19766781861794e-06	13.3584803643015	0.999813471785105	84.9143919132125	0.181721	0.196382	584	0.00542507595168413	1.3354747928411	0.805727441491275	-0.100741987972103	84.8136499252404	0.0154656736923247
SNP.17	9.448e-41	0.197165	754694	4.18545798272147e-06	13.3668318882878	0.999814014242349	85.0245618936439	0.188462	0.197165	584	0.00540880141577396	1.31514254600312	0.80619728754396	-0.123257911199395	84.9013039824446	0.0168824905848537
SNP.18	3.372e-40	0.195876	753311	4.21397004598672e-06	13.2718395878137	0.999812747512462	83.7628452086127	0.176444	0.195876	584	0.00543566778991833	1.35178532506649	0.805421949072576	-0.0825776994713503	83.6802675091413	0.00497905717825156
SNP.19	2.883e-42	0.194301	747937	4.27028760546379e-06	13.6240082760905	0.999810245453379	88.5043006506597	0.170901	0.194301	584	0.00546901729583523	1.36931445967953	0.804461585547033	-0.0618075912243341	88.4424930594353	0.582579759222797
SNP.2	1.588e-40	0.19509	751270	4.2382993331952e-06	13.328143671706	0.999811666616891	84.5143307253414	0.180166	0.19509	584	0.00545223825350951	1.34024409547484	0.804944484085278	-0.0942930625469329	84.4200376627944	0.0104333844176859
SNP.20	2.915e-35	0.252577	756448	3.50131082735179e-06	12.391240231486	0.999844410397343	72.3753280181855	0.000867021	0.252577	584	0.00453520474782296	3.33046166879134	0.832248181949199	3.72300315106575	76.0983311692513	2.53719588920966e-06
SNP.21	8.657e-39	0.19509	744981	4.27407831884244e-06	13.0264247044924	0.999810077041189	80.5433104680344	0.192445	0.19509	584	0.00545223825350951	1.30338017900455	0.804944484085278	-0.133515731047766	80.4097947369866	0.00018914672909991
SNP.22	2.019e-40	0.194588	750286	4.25215425727989e-06	13.3102149650257	0.999811051074787	84.2771570314341	0.184445	0.194588	584	0.00546289693335188	1.32719253847463	0.804637661599497	-0.107789154419653	84.1693678770145	0.00812008741370198
SNP.23	1.256e-34	0.263636	739862	3.48114425452232e-06	12.2735643095726	0.999845306411386	70.9215067574366	0.000738803	0.263636	584	0.00441021635349211	3.3747592200859	0.836113679074163	3.85695813088486	74.7784648883215	6.7786522745833e-07
SNP.24	6.937e-36	0.253247	749736	3.52647130358617e-06	12.505831648888	0.999843292503151	73.8050936321697	0.000795329	0.253247	584	0.00452726453641349	3.35441529145796	0.832492684181414	3.79028215043552	77.5953757826052	1.13373672214369e-05
SNP.25	1.723e-39	0.199742	747148	4.18662389259772e-06	13.149061374345	0.999813962443408	82.1380437758851	0.217057	0.199742	584	0.00535621176045651	1.23439164724593	0.807719304889118	-0.209029374723062	81.929014401162	0.000864146852454371
SNP.26	2.095e-40	0.195876	753251	4.21430570860484e-06	13.3074539392532	0.99981273259971	84.2360972298317	0.176444	0.195876	584	0.00543566778991833	1.35178532506649	0.805421949072576	-0.0825776994713503	84.1535195303603	0.00799241184915645
SNP.27	2.13e-35	0.270161	754400	3.361387669578e-06	12.416373411903	0.999850627307998	72.6671171889249	0.00071957	0.270161	584	0.00434217612659186	3.38201200467458	0.838233081173691	3.88305779431195	76.5501749832369	3.98645874629307e-06
SNP.28	1.42e-35	0.238402	748150	3.68082893877272e-06	12.4487795061675	0.999836434360816	73.1142334477292	0.000958317	0.238402	584	0.00471543179887467	3.30248650222241	0.826736836890104	3.6318965533123	76.7461300010415	4.84941617957834e-06
SNP.29	8.2e-41	0.197674	754443	4.17871887176911e-06	13.3773679735528	0.99981431364708	85.1646465034236	0.210226	0.197674	584	0.00539829657838031	1.25294424027337	0.806500853440503	-0.188190635819922	84.9764558676037	0.0182001331490731
SNP.3	1.692e-40	0.193798	753196	4.24882493724065e-06	13.3234096483315	0.999811198988676	84.4524565147309	0.17955	0.193798	584	0.00547979100587313	1.34214187062456	0.804151824982435	-0.0909304140633767	84.3615261006675	0.00984042737955863
SNP.30	9.78e-36	0.254522	756004	3.48566585670687e-06	12.4785097257423	0.999845105513498	73.4581597267115	0.0010118	0.254522	584	0.00451228994920175	3.28722488062614	0.832954186494837	3.60564433589998	77.0638040626115	6.66275047764511e-06
SNP.31	1.05e-35	0.255155	755211	3.48362747690185e-06	12.4728516860568	0.999845196080102	73.3872973738186	0.000912597	0.255155	584	0.00450492087407281	3.31617182616507	0.833181482179496	3.68582215014856	77.0731195239671	6.72510706148554e-06
SNP.32	1.598e-40	0.194588	752730	4.23834815814103e-06	13.3276752767483	0.999811664447711	84.5080947416591	0.19522	0.194588	584	0.00546289693335188	1.29529060193448	0.804637661599497	-0.141448069405336	84.3666466722537	0.00989094522212648
SNP.33	1.184e-35	0.242857	755930	3.59716107890444e-06	12.4632792156582	0.999840151729825	73.2836067697386	0.000934825	0.242857	584	0.00465616776434286	3.30944089835051	0.828541059079161	3.6555504318904	76.939157201629	5.88193343269301e-06
SNP.34	3.057e-40	0.197165	753019	4.19476802950788e-06	13.2791858005337	0.999813600616563	83.8581437477001	0.225041	0.197165	584	0.00540880141577396	1.21323234757123	0.80619728754396	-0.227123204869744	83.6310205428303	0.00473979357492955
SNP.35	1.695e-35	0.265464	754787	3.39724503904195e-06	12.4346412779499	0.999849034125734	72.8992522885176	0.000699165	0.265464	584	0.00439074724534821	3.38990636538386	0.836719031818361	3.90142238850465	76.8006746770222	5.12127278173064e-06
SNP.36	6.297e-35	0.252577	748526	3.53836683392241e-06	12.3293275738881	0.99984276397888	71.6153270249462	0.000867021	0.252577	584	0.00453520474782296	3.33046166879134	0.832248181949199	3.72300315106575	75.338330176012	1.18656015759209e-06
SNP.37	1.434e-36	0.255814	751245	3.49609001213427e-06	12.6304804461809	0.999844642361429	75.367235746867	0.000468868	0.255814	584	0.00449729476227022	3.49793920422478	0.833416836691528	4.20253833034486	79.5697740772118	8.16549464343936e-05
SNP.38	1.858e-36	0.264175	750369	3.42790569382314e-06	12.6100818317232	0.999847671843233	75.1002340150669	0.000777045	0.264175	584	0.00440444206775406	3.36084471158962	0.836293127481988	3.81824243085812	78.9184764459251	4.25723408780848e-05
SNP.39	3.539e-36	0.248677	746168	3.58650202902082e-06	12.5591983918768	0.999840625314161	74.4820364559768	0.00102568	0.248677	584	0.00458241959929864	3.28338632762649	0.830797260100892	3.58992835927962	78.0719648152565	1.82596395768521e-05
SNP.4	2.144e-40	0.194588	752736	4.23831437459813e-06	13.3057261284166	0.999811665948636	84.2158556994301	0.19522	0.194588	584	0.00546289693335188	1.29529060193448	0.804637661599497	-0.141448069405336	84.0744076300248	0.00738448126906178
SNP.40	1.258e-40	0.196104	748365	4.23809040318427e-06	13.3455139199093	0.999811675899172	84.745927304475	0.210759	0.196104	584	0.00543088788455307	1.25148111354395	0.805559783598696	-0.187979395533438	84.5579479089416	0.011976195260208
SNP.41	9.471e-36	0.265464	755006	3.39625962082865e-06	12.4810660749909	0.999849077908879	73.4773766844975	0.000699165	0.265464	584	0.00439074724534821	3.38990636538386	0.836719031818361	3.90142238850465	77.3787990730022	9.1296503250746e-06
SNP.42	3.969e-40	0.194588	752973	4.23698035530822e-06	13.259620342945	0.999811725216056	83.6034107928632	0.19522	0.194588	584	0.00546289693335188	1.29529060193448	0.804637661599497	-0.141448069405336	83.4619627234578	0.0040025664416692
SNP.43	9.218e-41	0.193798	752102	4.25500523523393e-06	13.3686653550227	0.99981092441255	85.057028933458	0.164511	0.193798	584	0.00547979100587313	1.39005887503331	0.804151824982435	-0.0382910878649484	85.0187378455931	0.0189861713013667
SNP.44	5.117e-35	0.233766	750335	3.7202492241207e-06	12.3460379902706	0.999834682924293	71.8459052009841	0.00242698	0.233766	584	0.00477985137256954	3.03229983439968	0.824784552258383	2.9210124726861	74.7669176736702	6.70082791376709e-07
SNP.45	1.195e-35	0.255155	755506	3.48226723607558e-06	12.4625418898436	0.999845256516537	73.2585873111363	0.000912597	0.255155	584	0.00450492087407281	3.31617182616507	0.833181482179496	3.68582215014856	76.9444094612848	5.91290814677413e-06
SNP.46	3.013e-35	0.238402	752501	3.65954619401543e-06	12.3885884685104	0.999837379952069	72.3640358561816	0.000958317	0.238402	584	0.00471543179887467	3.30248650222241	0.826736836890104	3.6318965533123	75.9959324094939	2.29024942491427e-06
SNP.47	7.675e-41	0.197674	755148	4.17481765398849e-06	13.3822859958267	0.999814486970181	85.2299851645328	0.165338	0.197674	584	0.00539829657838031	1.38734036540227	0.806500853440503	-0.0450996332388977	85.1848855312939	0.0224178736980261
SNP.48	1.775e-35	0.254545	755088	3.48968665940872e-06	12.4309554672907	0.999844926866544	72.8665384318176	0.000920582	0.254545	584	0.00451202143883495	3.31373655277322	0.832962466394756	3.67854955521466	76.5450879870323	3.96623113828334e-06
SNP.49	8.217e-41	0.195822	754978	4.20554261525984e-06	13.3772140081202	0.99981312192482	85.1656793282601	0.195613	0.195822	584	0.00543680163113638	1.29415177682175	0.805389260269619	-0.143932388209196	85.0217469400509	0.0190433885270503
SNP.5	3.845e-36	0.237598	755662	3.65271353106184e-06	12.5526347072786	0.999837683527312	74.4085497577728	0.000864436	0.237598	584	0.00472639865121448	3.33129288362406	0.826403825501775	3.71000154277014	78.118551300543	1.91304177733137e-05
SNP.50	7.818e-36	0.255155	756172	3.47920022224907e-06	12.4963277856794	0.999845392786098	73.6797210902392	0.000912597	0.255155	584	0.00450492087407281	3.31617182616507	0.833181482179496	3.68582215014856	77.3655432403878	9.0094277938374e-06
SNP.51	1.519e-40	0.194588	752203	4.24131758192602e-06	13.3314578422828	0.999811532523044	84.5588435972491	0.19522	0.194588	584	0.00546289693335188	1.29529060193448	0.804637661599497	-0.141448069405336	84.4173955278438	0.0104058543930978
SNP.52	2.59e-36	0.26615	742377	3.44835307783086e-06	12.583876945464	0.999846763348278	74.7730831299273	0.000456775	0.26615	584	0.00438352399462473	3.50490222648416	0.8369438472612	4.23382090906186	79.0069040389891	4.6508372972417e-05
SNP.53	4.148e-41	0.193506	753609	4.25136459592762e-06	13.4279382291881	0.999811086157586	85.850621307298	0.204642	0.193506	584	0.00548607298248701	1.26843681919816	0.803971318665536	-0.167979572069381	85.6826417352286	0.0368779856279479
SNP.54	2.777e-35	0.243557	755717	3.59115365823281e-06	12.3951285640409	0.99984041864102	72.4358687433498	0.000725184	0.243557	584	0.00464708196770329	3.37987652853804	0.828818361648154	3.85151532120017	76.28738406455	3.06519866894775e-06
SNP.55	3.719e-35	0.251938	756135	3.50864469799884e-06	12.3716927745637	0.999844084549063	72.1343606001732	0.00106507	0.251938	584	0.00454282373068725	3.27274903535562	0.832013706263514	3.56386563855339	75.6982262387265	1.70055481578504e-06
SNP.56	3.821e-35	0.251938	756122	3.5087050221014e-06	12.3695195663697	0.999844081868828	72.1074892791321	0.000980601	0.251938	584	0.00454282373068725	3.29603413430807	0.832013706263514	3.62749586947134	75.7349851486035	1.76422847455623e-06
SNP.57	8.845e-35	0.252577	747439	3.54351267826352e-06	12.3019167195574	0.999842535346655	71.2785075870941	0.000867021	0.252577	584	0.00453520474782296	3.33046166879134	0.832248181949199	3.72300315106575	75.0015107381599	8.47248752825548e-07
SNP.58	9.905e-35	0.252577	747644	3.54254106597339e-06	12.2927722038319	0.999842578515827	71.1659382018449	0.000867021	0.252577	584	0.00453520474782296	3.33046166879134	0.832248181949199	3.72300315106575	74.8889413529106	7.57046708169e-07
SNP.59	3.056e-34	0.273196	750922	3.35338587761321e-06	12.2013800855971	0.999850982837086	70.0200210945324	0.000889553	0.273196	584	0.00431186854450183	3.3233121898978	0.839180602525144	3.72038811527655	73.7404092098089	2.4006094055966e-07
SNP.6	2.504e-40	0.194588	753013	4.23675528719623e-06	13.2941205574653	0.999811735215317	84.0613537593018	0.19522	0.194588	584	0.00546289693335188	1.29529060193448	0.804637661599497	-0.141448069405336	83.9199056898964	0.0063273324423919
SNP.60	3.622e-35	0.251295	755741	3.51643374787085e-06	12.3738151067489	0.99984373847713	72.1616976826781	0.000701668	0.251295	584	0.00455053622782477	3.38892656101702	0.831776487183127	3.88517208837201	76.0468697710501	2.40993094211438e-06
SNP.61	1.001e-38	0.193005	745134	4.3082036066895e-06	13.0153367784517	0.999808560940078	80.4028104239513	0.184518	0.193005	584	0.00549689894908728	1.32697183405098	0.803660435425957	-0.106390377235911	80.2964200467154	0.0001688732389389
SNP.62	2.199e-35	0.241979	755147	3.60977047079694e-06	12.413821857604	0.999839591491871	72.6702334317852	0.000927376	0.241979	584	0.00466764955772414	3.31167987481311	0.82819089491689	3.66079172487999	76.3310251566652	3.20192911941768e-06
SNP.63	1.279e-40	0.193798	751533	4.25822678103278e-06	13.3442801954867	0.999810781286896	84.7317563974277	0.226291	0.193798	584	0.00547979100587313	1.20996844868347	0.804151824982435	-0.226559124890313	84.5051972725374	0.0113608168313123
SNP.64	1.259e-40	0.192408	751001	4.28464017414014e-06	13.3454547082379	0.999809607803907	84.7504139375176	0.250556	0.192408	584	0.00550987851955381	1.14899995309902	0.803288025126302	-0.28275655454385	84.4676573829738	0.0109422388628293
SNP.65	2.443e-40	0.19201	748707	4.30455515962291e-06	13.2959652628246	0.999808723031228	84.0935448653578	0.188018	0.19201	584	0.00551857976009553	1.31646505462388	0.803038562006088	-0.116508525910578	83.9770363394472	0.00669934246335146
SNP.66	1.252e-35	0.255155	754183	3.48837588550593e-06	12.4588260739904	0.999844985105098	73.2131480082953	0.000912597	0.255155	584	0.00450492087407281	3.31617182616507	0.833181482179496	3.68582215014856	76.8989701584439	5.65024258571521e-06
SNP.67	1.015e-35	0.244845	756584	3.57425480471032e-06	12.475552280018	0.999841169462049	73.4335058389636	0.000954609	0.244845	584	0.0046305205430941	3.30357362225695	0.829324301546703	3.64146128866754	77.0749671276312	6.73754387955077e-06
SNP.68	6.032e-36	0.254522	756117	3.48514493171536e-06	12.5169346843861	0.999845128658549	73.9382368966763	0.000996156	0.254522	584	0.00451228994920175	3.29161014294234	0.832954186494837	3.61765966560306	77.5558965622793	1.08984969321864e-05
SNP.69	3.139e-36	0.275773	741230	3.37746269349352e-06	12.5686853908343	0.999849913076422	74.5719235016185	0.000805764	0.275773	584	0.00428677512379829	3.35080713475752	0.839966733435195	3.79934800918658	78.3712715108051	2.46308527051179e-05
SNP.7	1.927e-40	0.203608	752921	4.09542396457043e-06	13.3136989834008	0.99981801428196	84.3053702361009	0.257549	0.203608	584	0.00528001833361016	1.13220323590588	0.809934670661393	-0.311072498175319	83.9942977379256	0.00681598630485652
SNP.70	1.324e-36	0.264249	754118	3.41025208993936e-06	12.6367588814193	0.999848456209449	75.4344197116574	0.00108707	0.264249	584	0.00440365151637138	3.26696531009796	0.836317701569555	3.55812151402547	78.9925412256829	4.58451561253483e-05
SNP.71	3.613e-35	0.243557	755214	3.59354549722161e-06	12.3740148791707	0.999840312371002	72.1747512450931	0.000725184	0.243557	584	0.00464708196770329	3.37987652853804	0.828818361648154	3.85151532120017	76.0262665662933	2.36078664490776e-06
SNP.72	1.478e-35	0.250646	753947	3.53086716122741e-06	12.4455836493815	0.999843097192966	73.0541826448503	0.000851723	0.250646	584	0.00455836764316082	3.33541463286801	0.831535748819904	3.73489791114932	76.7890805559996	5.06223900895573e-06
SNP.73	5.926e-34	0.301813	754841	3.14343744818037e-06	12.1473434149631	0.999860311184661	69.330623244314	0.00119769	0.301813	584	0.00406300593633891	3.23942966901731	0.847042689894497	3.50559437396501	72.836217618279	9.71932455260121e-08
SNP.74	5.218e-35	0.253866	752966	3.50568804416592e-06	12.3444649115046	0.999844215914944	71.7975175435944	0.00125468	0.253866	584	0.00451997243812232	3.22614904739384	0.832717355708879	3.4394415976327	75.2369591412271	1.07217303465207e-06
SNP.75	4.466e-34	0.301546	753457	3.15079502800165e-06	12.1704524657936	0.999859984272571	69.6127091509281	0.00159682	0.301546	584	0.00406504892022781	3.15648700952503	0.846977548114639	3.28080707651499	72.8935162274431	1.02924923844465e-07
SNP.76	4.339e-40	0.191099	747352	4.32803751462468e-06	13.2529343818624	0.999807679771313	83.5250709177937	0.108176	0.191099	584	0.00553864296683183	1.60644577554489	0.802463943301973	0.224529448887495	83.7496003666812	0.005336518152908
SNP.77	1.74e-40	0.194588	752984	4.23691845919368e-06	13.3213215182909	0.999811727965958	84.4232870188117	0.19522	0.194588	584	0.00546289693335188	1.29529060193448	0.804637661599497	-0.141448069405336	84.2818389494063	0.00908670168803309
SNP.78	1.992e-40	0.191906	752466	4.28482103754626e-06	13.311220804384	0.999809599768594	84.2942401662578	0.100188	0.191906	584	0.00552085984047651	1.6439428882124	0.802973218098698	0.272829115147988	84.5670692814058	0.0120859343224593
SNP.79	6.02e-36	0.247382	756488	3.54997474794027e-06	12.5170927809742	0.999842248234082	73.9492038276985	0.000724444	0.247382	584	0.0045984816731504	3.38015713217035	0.830304821922674	3.85643243375084	77.8056362614494	1.39903049026347e-05
SNP.8	3.308e-40	0.194588	753048	4.23655837221199e-06	13.273275278548	0.999811743963799	83.7844810377139	0.19522	0.194588	584	0.00546289693335188	1.29529060193448	0.804637661599497	-0.141448069405336	83.6430329683086	0.00479707333769163
SNP.80	2.571e-35	0.279639	742847	3.34135560349218e-06	12.4013056087052	0.999851517356881	72.4772514067016	0.00235145	0.279639	584	0.00425019860614274	3.04182955948964	0.841115250442785	2.97151683038322	75.4487682370848	1.32511143581329e-06
SNP.81	2.81e-41	0.191906	750001	4.29890379724598e-06	13.4567517591474	0.999808974106875	86.2432372847016	0.129875	0.191906	584	0.00552085984047651	1.51459499683336	0.802973218098698	0.108801674592256	86.3520389592939	0.0720249078555025
SNP.82	2.04e-36	0.253866	753395	3.5036918268152e-06	12.6027147861164	0.999844304608082	75.0180410258157	0.000799006	0.253866	584	0.00451997243812232	3.35313889228012	0.832717355708879	3.7873104200155	78.8053514458312	3.80187617121303e-05
SNP.83	8.853e-36	0.264858	755507	3.39896882272267e-06	12.4864373134875	0.999848957536262	73.5448090202866	0.000794015	0.264858	584	0.00439716564785743	3.35487274962189	0.83651936767517	3.802053957299	77.3468629775856	8.84269150237799e-06
SNP.84	7.812e-34	0.313144	753602	3.08473719984937e-06	12.124727092797	0.999862919362573	69.0469568877377	0.00139715	0.313144	584	0.0039805892521933	3.19523918338551	0.849678977522617	3.38993040257636	72.4368872903141	6.51942249493879e-08
SNP.85	1.524e-35	0.253866	755070	3.49591945629337e-06	12.4431364009181	0.999844649939334	73.0188804275166	0.00114121	0.253866	584	0.00451997243812232	3.25318045236452	0.832717355708879	3.51236489633462	76.5312453238513	3.91170619243494e-06
SNP.86	5.477e-34	0.302835	753421	3.14333479683001e-06	12.1537849880503	0.999860315745669	69.4088650693959	0.00151056	0.302835	584	0.00405523021568915	3.17264712736033	0.847290715134028	3.32467312026315	72.7335381896591	8.77087608414745e-08
SNP.87	8.321e-36	0.244845	756785	3.57330549253349e-06	12.4913684123061	0.999841211640301	73.6307850351655	0.000954609	0.244845	584	0.0046305205430941	3.30357362225695	0.829324301546703	3.64146128866754	77.272246323833	8.20689492237259e-06
SNP.88	2.186e-35	0.254522	754957	3.49049989646274e-06	12.4142964463408	0.999844890733885	72.6597354420827	0.000777012	0.254522	584	0.00451228994920175	3.36085644220279	0.832954186494837	3.80951345861601	76.4692489006987	3.67655885889099e-06
SNP.89	2.003e-35	0.262735	754814	3.41970394690712e-06	12.4212921374757	0.999848036254405	72.7365917625066	0.00101279	0.262735	584	0.00441993221743279	3.28694948407642	0.835811911347587	3.61170005722326	76.3482918197298	3.25769581756721e-06
SNP.9	4.921e-34	0.31201	753790	3.0900748077297e-06	12.1625310338521	0.999862682200646	69.5068177509999	0.00108146	0.31201	584	0.00398847172828522	3.26842980380489	0.84942612887605	3.59040322151612	73.097220972516	1.26179383470009e-07
SNP.90	3.356e-34	0.313144	754694	3.08027375768309e-06	12.1937534990881	0.999863117683437	69.8854413427866	0.00139715	0.313144	584	0.0039805892521933	3.19523918338551	0.849678977522617	3.38993040257636	73.2753717453629	1.50785054965998e-07
SNP.91	1.007e-33	0.313144	745810	3.11696561226168e-06	12.1039084349628	0.999861487383413	68.7998787622799	0.00139715	0.313144	584	0.0039805892521933	3.19523918338551	0.849678977522617	3.38993040257636	72.1898091648563	5.09218836403274e-08
SNP.92	1.929e-35	0.255208	754563	3.48614310969465e-06	12.4243031331604	0.999845084308826	72.7833827645609	0.000665003	0.255208	584	0.00450430582753514	3.40361546513601	0.833200458611963	3.93066501164906	76.7140477762099	4.69630532037303e-06
SNP.93	1.07e-35	0.265464	755611	3.39354031543129e-06	12.4713483744681	0.999849198730434	73.3557638945849	0.000699165	0.265464	584	0.00439074724534821	3.38990636538386	0.836719031818361	3.90142238850465	77.2571862830895	8.08422477765935e-06
SNP.94	2.845e-35	0.253866	754166	3.50010992787189e-06	12.3931891540532	0.999844463754048	72.3993083293247	0.000687446	0.253866	584	0.00451997243812232	3.39453759832677	0.832717355708879	3.90361816632937	76.3029264956541	3.11321145930099e-06
SNP.95	2.044e-35	0.255155	754864	3.4852288497776e-06	12.4196711259297	0.999845124930013	72.7257249522901	0.000912597	0.255155	584	0.00450492087407281	3.31617182616507	0.833181482179496	3.68582215014856	76.4115471024386	3.47041930472881e-06
SNP.96	1.027e-35	0.246134	756735	3.56090524139096e-06	12.4746160773187	0.999841762587868	73.4200039758771	0.00106007	0.246134	584	0.00461414662302052	3.2740789207995	0.829825120916658	3.56222935216855	76.9822333280456	6.14084066777872e-06
SNP.97	6.388e-35	0.251295	755744	3.51641978904188e-06	12.3281713081942	0.999843739097328	71.5980375912498	0.000810383	0.251295	584	0.00455053622782477	3.34922382870182	0.831776487183127	3.77391242559098	75.3719500168408	1.22713028048708e-06
SNP.98	1.224e-35	0.25651	755455	3.47041947748048e-06	12.4606298954055	0.99984578292091	73.2331015887801	0.000685514	0.25651	584	0.00448929066157537	3.39530814287987	0.83366399962609	3.90841550485582	77.141517093636	7.20118369759747e-06
SNP.99	1.103e-33	0.274238	753448	3.33422467837976e-06	12.0964334552494	0.999851834192876	68.7424217874682	0.000819981	0.274238	584	0.00430165225252718	3.34596041824591	0.839500482582317	3.78456113759995	72.5269829250682	7.13406667066005e-08
