snp	pvalues.df1	MAF.df1	N.df1	V.df1	z.df1	r.df1	lABF.df1	pvalues.df2	MAF.df2	N.df2	V.df2	z.df2	r.df2	lABF.df2	internal.sum.lABF	SNP.PP.H4
SNP.1	4.74e-35	0.249307	754748	3.53973862270804e-06	12.3521954278317	0.999842703029665	71.8976785105835	1.51416e-05	0.249307	532	0.00502182452257829	4.32661832069151	0.817533008450857	6.80136312314854	78.6990416337321	1.76069667158317e-06
SNP.10	4.599e-35	0.225762	749702	3.81553997713293e-06	12.3546242416474	0.99983044919781	71.9642512562244	2.13606e-05	0.225762	532	0.00537691344348968	4.25017244393848	0.807119484214441	6.46704719548564	78.43129845171	1.34711650357133e-06
SNP.100	2.73e-35	0.243733	754614	3.59464214524121e-06	12.3964968172859	0.999840263646657	72.4533001308067	2.50358e-05	0.243733	532	0.0050988106913328	4.21447669612925	0.815252521264112	6.3957990673212	78.8490991981279	2.04575544338971e-06
SNP.101	4.775e-34	0.296399	754033	3.17962914536343e-06	12.1649906534422	0.999858703116726	69.5507200853937	5.51586e-05	0.296399	532	0.0045066641040711	4.03261928852452	0.833127701862603	5.87890575742112	75.4296258428148	6.69568950522933e-08
SNP.102	9.043e-36	0.246518	753570	3.57211051020783e-06	12.4847472920404	0.999841264733765	73.5479501583916	1.94076e-05	0.246518	532	0.00505984082176186	4.27159938300292	0.816405295861996	6.60078231086436	80.148732469256	7.50373129163183e-06
SNP.103	2.744e-34	0.297222	754604	3.17213594684299e-06	12.2101449131712	0.999859036053776	70.0998082089606	7.022e-05	0.297222	532	0.00449944825945772	3.97553911759831	0.833350362710409	5.68958344668908	75.7893916556497	9.59488145738999e-08
SNP.104	1.831e-35	0.238889	754570	3.64440235470187e-06	12.4284723389084	0.999838052793159	72.8568345162347	3.91789e-05	0.238889	532	0.00516909151275826	4.11226924310149	0.813181740702445	6.03695044172309	78.8937849579577	2.13924484604824e-06
SNP.105	4.997e-34	0.295833	753942	3.18353611409329e-06	12.1612792243286	0.999858529522768	69.5061849247432	5.59069e-05	0.295833	532	0.00451165711453332	4.02945254534445	0.832973701117142	5.86748167396646	75.3736665987097	6.33129450127975e-08
SNP.106	3.732e-35	0.239612	755662	3.63160497468352e-06	12.3714125266185	0.999838621381721	72.1476956602733	3.5445e-05	0.239612	532	0.00515839450823177	4.13532671072233	0.813496242282013	6.11611798307505	78.2638136433484	1.13937694835563e-06
SNP.107	5.339e-34	0.246537	743259	3.62147749110228e-06	12.1558705626529	0.99983907134704	69.5034300213077	9.18206e-06	0.246537	532	0.00505957845593832	4.43558967086967	0.816413068000025	7.18370789129672	76.6871379126044	2.35464727391731e-07
SNP.108	4.076e-34	0.298023	754815	3.16633467694865e-06	12.1779086210743	0.999859293815374	69.7058774060793	3.60168e-05	0.298023	532	0.00449247539319737	4.13165034488289	0.833565639025105	6.21812839182472	75.924005797904	1.09774582148926e-07
SNP.109	2.446e-36	0.278552	742838	3.34938119347909e-06	12.5883937695757	0.999851160770037	74.8157138328278	5.82179e-05	0.278552	532	0.00467678125376245	4.01992002908862	0.827912613708992	5.80955690837724	80.625270741205	1.20846816873696e-05
SNP.11	1.764e-40	0.177285	753596	4.54893794577006e-06	13.3202988392613	0.999797865846664	84.4439587379112	0.0026115	0.177285	532	0.00644372451161755	3.01011359492201	0.777370583076441	2.7706700653	87.2146288032112	0.00878935611788559
SNP.110	2.758e-36	0.257618	742633	3.52040089629415e-06	12.5789126181544	0.999843562214552	74.7207187450203	9.86865e-06	0.257618	532	0.00491422157672484	4.42003153303488	0.820741888914435	7.15782103623641	81.8785397812568	4.23177963207827e-05
SNP.111	3.864e-35	0.247922	754931	3.55209680884789e-06	12.3686206311901	0.999842153950027	72.102369112073	1.32437e-05	0.247922	532	0.00504057893985027	4.35603931357775	0.816976289755597	6.90202483078357	79.0043939428565	2.389446803017e-06
SNP.112	7.887e-36	0.25	756131	3.52672574813976e-06	12.4956290135363	0.999843281198049	73.6776084123252	1.43641e-05	0.25	532	0.0050125313283208	4.33822050947129	0.817809155089957	6.84429815316836	80.5219065654936	1.08979478254595e-05
SNP.113	1.678e-35	0.24058	752689	3.63590798707663e-06	12.4354467571881	0.999838430198483	72.9423887706601	1.19396e-05	0.24058	532	0.00514418787008406	4.3786878514412	0.813914306534901	6.96177777790851	79.9041665485687	5.87575452570474e-06
SNP.114	1.476e-34	0.254875	753790	3.49271588220432e-06	12.2604925399136	0.99984479227619	70.7628001808398	1.76174e-05	0.254875	532	0.00494882388129097	4.29312720908815	0.819707252205291	6.69740141071262	77.4602015915525	5.10109191436e-07
SNP.115	4.179e-35	0.25	755062	3.53171880808022e-06	12.3623235587327	0.999843059353873	72.0217080607789	3.0136e-05	0.25	532	0.0050125313283208	4.17243619898929	0.817809155089957	6.26736104604099	78.2890691068199	1.16851888889141e-06
SNP.116	2.292e-35	0.248611	754835	3.54595158621686e-06	12.4105058932034	0.999842426984892	72.6203827034323	1.82246e-05	0.248611	532	0.00503121873229699	4.28560078748445	0.817254049622044	6.65516763903158	79.2755503424639	3.13371209782329e-06
SNP.117	2.489e-35	0.249304	754834	3.53936377823271e-06	12.4039024155308	0.999842719684179	72.5375577975674	2.07609e-05	0.249304	532	0.00502186488379419	4.25654636289293	0.817531809526787	6.5555073670153	79.0930651645827	2.61099949865684e-06
SNP.118	1.246e-32	0.300847	727897	3.26574420022646e-06	11.8957025808459	0.999854876877101	66.3246378972071	3.44465e-05	0.300847	532	0.00446828083855684	4.14188370686296	0.83431347124773	6.25757867000815	72.5822165672152	3.88312320399259e-09
SNP.119	1.472e-32	0.3	708300	3.36150272617871e-06	11.8817794501672	0.999850622195899	66.1732811881527	7.11159e-05	0.3	532	0.00447547440028643	3.97252121567306	0.834090984504098	5.68320568499592	71.8564868731486	1.87932014276977e-09
SNP.12	1.817e-40	0.177285	753644	4.5486482214156e-06	13.3180885922932	0.999797878718098	84.4144952826125	0.0026115	0.177285	532	0.00644372451161755	3.01011359492201	0.777370583076441	2.7706700653	87.1851653479125	0.0085341691224023
SNP.120	1.965e-40	0.174095	753114	4.61735099797466e-06	13.3122402938458	0.999794826504892	84.3438635244204	0.00677624	0.174095	532	0.00653645052535468	2.70764530625748	0.774888100746094	2.0949064318873	86.4387699563077	0.00404581336921227
SNP.121	3.369e-35	0.247922	755077	3.55140998335315e-06	12.3796281694652	0.999842184465969	72.2384619254275	1.32437e-05	0.247922	532	0.00504057893985027	4.35603931357775	0.816976289755597	6.90202483078357	79.1404867562111	2.73780003053786e-06
SNP.122	6.287e-35	0.245833	750735	3.5923251151203e-06	12.3294556471052	0.999840366592888	71.6242896141851	1.11429e-05	0.245833	532	0.00506933119417263	4.39371671495466	0.816124259291276	7.03078846227199	78.6550780764571	1.68496705145324e-06
SNP.123	9.75e-36	0.247911	753581	3.55856604352892e-06	12.4787543709867	0.999841866519329	73.471307573799	1.88449e-05	0.247911	532	0.00504072886776047	4.27815474570868	0.816971842249926	6.62730006415537	80.0986076379543	7.13687903663843e-06
SNP.13	8.346e-34	0.285515	752747	3.2561089336174e-06	12.1193088300251	0.999855304987072	69.0077558323697	9.70237e-05	0.285515	532	0.00460719216438665	3.89791689222343	0.830038015872424	5.41960733804017	74.4273631704099	2.457639384705e-08
SNP.14	2.219e-35	0.23662	756200	3.66050583709979e-06	12.4130971374048	0.999837337315138	72.6680423733145	4.54745e-05	0.23662	532	0.0052031475827347	4.07774551643394	0.812182079050922	5.91634411017913	78.5843864834937	1.56996671204448e-06
SNP.15	2.273e-40	0.177778	751175	4.55367225592051e-06	13.3013586737567	0.999797655517979	84.1924017913771	0.00292837	0.177778	532	0.00642970818955092	2.97515870880858	0.777747215857737	2.6901717672931	86.8825735586702	0.00630590321428456
SNP.16	1.057e-40	0.179167	754763	4.50449980409156e-06	13.3584803643015	0.999799840080721	84.9484426959686	0.00177667	0.179167	532	0.00639065749179616	3.12522848664134	0.778798475126055	3.04894247007293	87.9973851660415	0.0192266592811889
SNP.17	9.448e-41	0.17867	754694	4.51470921607824e-06	13.3668318882878	0.999799386510911	85.0611101181889	0.00209261	0.17867	532	0.00640455631037397	3.07676386683287	0.778423988190563	2.93097116911396	87.9920812873029	0.019124953368153
SNP.18	3.372e-40	0.17867	753311	4.52299774876373e-06	13.2718395878137	0.999799018279605	83.7970140900882	0.00209261	0.17867	532	0.00640455631037397	3.07676386683287	0.778423988190563	2.93097116911396	86.7279852592022	0.0054026950550758
SNP.19	2.883e-42	0.176389	747937	4.60162633521293e-06	13.6240082760905	0.999795525092529	88.5402914455625	0.00230004	0.176389	532	0.00646941089526345	3.04847767760819	0.776681309859801	2.85935593446048	91.399647380023	0.577414300604971
SNP.2	1.588e-40	0.178273	751270	4.543189244808e-06	13.328143671706	0.999798121241271	84.5478544321107	0.00264073	0.178273	532	0.00641571763899794	3.00673138016884	0.778123520256498	2.76446978106339	87.3123242131741	0.00969138035558649
SNP.20	2.915e-35	0.246537	756448	3.55833545539044e-06	12.391240231486	0.99984187676445	72.3832099637466	9.18206e-06	0.246537	532	0.00505957845593832	4.43558967086967	0.816413068000025	7.18370789129672	79.5669178550433	4.19371001877212e-06
SNP.21	8.657e-39	0.177285	744981	4.60154210668532e-06	13.0264247044924	0.999795528834489	80.5789803696768	0.0026115	0.177285	532	0.00644372451161755	3.01011359492201	0.777370583076441	2.7706700653	83.3496504349768	0.000184254576279549
SNP.22	2.019e-40	0.177285	750286	4.56900627251546e-06	13.3102149650257	0.999796974282367	84.3118380549801	0.0026115	0.177285	532	0.00644372451161755	3.01011359492201	0.777370583076441	2.7706700653	87.0825081202802	0.00770154358551482
SNP.23	1.256e-34	0.253482	739862	3.57134555255748e-06	12.2735643095726	0.999841298721091	70.9339935841547	1.5032e-05	0.253482	532	0.00496673470527496	4.32821894265962	0.819172728081103	6.81787113667588	77.7518647208306	6.82858683729353e-07
SNP.24	6.937e-36	0.247899	749736	3.57693211975589e-06	12.505831648888	0.999841050508079	73.812021063142	2.41545e-05	0.247899	532	0.00504089244311523	4.22255819943301	0.816966989957677	6.43421541557265	80.2462364787146	8.27223239741902e-06
SNP.25	1.723e-39	0.180055	747148	4.53287202828707e-06	13.149061374345	0.999798579599316	82.1764367953301	0.0020402	0.180055	532	0.00636602682366659	3.08431711860548	0.779463004640208	2.95167558331383	85.128112378644	0.00109092398824123
SNP.26	2.095e-40	0.17867	753251	4.52335802689801e-06	13.3074539392532	0.999799002273679	84.2702595158909	0.00209261	0.17867	532	0.00640455631037397	3.07676386683287	0.778423988190563	2.93097116911396	87.2012306850049	0.00867238066100575
SNP.27	2.13e-35	0.260174	754400	3.44329982724469e-06	12.416373411903	0.999846987868418	72.6788730184555	1.29858e-05	0.260174	532	0.00488275449186728	4.36034422500007	0.821685050226869	6.94908336053033	79.6279563789858	4.45766154875835e-06
SNP.28	1.42e-35	0.231302	748150	3.75877374748498e-06	12.4487795061675	0.99983297129225	73.1244407720379	4.01152e-05	0.231302	532	0.00528595221650543	4.10681515421907	0.809761703492549	5.99895349147276	79.1233942635106	2.69140186327752e-06
SNP.29	8.2e-41	0.179167	754443	4.50641040560461e-06	13.3773679735528	0.999799755199096	85.2010846807928	0.0023801	0.179167	532	0.00639065749179616	3.03818220237719	0.778798475126055	2.84002900076075	88.0411136815535	0.0200860658967022
SNP.3	1.692e-40	0.177778	753196	4.54145369444486e-06	13.3234096483315	0.999798198345708	84.4845984692129	0.00248883	0.177778	532	0.00642970818955092	3.02469618298462	0.777747215857737	2.80575186981837	87.2903503390313	0.00948074588639667
SNP.30	9.78e-36	0.248611	756004	3.54046852342316e-06	12.4785097257423	0.999842670599838	73.4657689249887	1.87741e-05	0.248611	532	0.00503121873229699	4.27899272313995	0.817254049622044	6.63204123523987	80.0978101602285	7.13118980339471e-06
SNP.31	1.05e-35	0.250693	755211	3.524517733273e-06	12.4728516860568	0.999843379301296	73.3929898874755	2.13686e-05	0.250693	532	0.00500329804861435	4.25008857273927	0.818083706187869	6.5365221184501	79.9295120059256	6.02658152705352e-06
SNP.32	1.598e-40	0.175	752730	4.60085749631802e-06	13.3276752767483	0.999795559249175	84.5476908741921	0.00487108	0.175	532	0.00650978094587117	2.81543796654388	0.775600479092977	2.32680902651784	86.8744999007099	0.00625519647846094
SNP.33	1.184e-35	0.238162	755930	3.64546827617626e-06	12.4632792156582	0.999838005434217	73.2901089422322	3.67789e-05	0.238162	532	0.0051799226203194	4.12683567734881	0.812863544043403	6.08388852192617	79.3739974641584	3.45791358572771e-06
SNP.34	3.057e-40	0.17867	753019	4.5247516425468e-06	13.2791858005337	0.999798940360106	83.8947061692404	0.00254915	0.17867	532	0.00640455631037397	3.01744535053018	0.778423988190563	2.79027124777742	86.6849774170178	0.0051752625447937
SNP.35	1.695e-35	0.254167	754787	3.49449830995317e-06	12.4346412779499	0.999844713081774	72.9130285669866	1.97186e-05	0.254167	532	0.00495789830051621	4.26805354790685	0.819436351382254	6.60770548544761	79.5207340524342	4.00443295231642e-06
SNP.36	6.297e-35	0.246537	748526	3.59599498021336e-06	12.3293275738881	0.999840203539869	71.6232088585536	9.18206e-06	0.246537	532	0.00505957845593832	4.43558967086967	0.816413068000025	7.18370789129672	78.8069167498504	1.9612552128282e-06
SNP.37	1.434e-36	0.247922	751245	3.56952524941975e-06	12.6304804461809	0.999841379597783	75.377367561935	1.87407e-05	0.247922	532	0.00504057893985027	4.27938908566449	0.816976289755597	6.63164344158938	82.0090110035244	4.8215422398248e-05
SNP.38	1.858e-36	0.254848	750369	3.50888406747157e-06	12.6100818317232	0.999844073913737	75.1116204387641	8.35876e-06	0.254848	532	0.00494916885117401	4.45578287012468	0.819696950461131	7.28057391360248	82.3921943523666	7.07294677192161e-05
SNP.39	3.539e-36	0.239255	746168	3.68157163380443e-06	12.5591983918768	0.999836401362946	74.4947824009768	7.35736e-06	0.239255	532	0.00516366718581313	4.48307922052569	0.813341190409447	7.33402889859915	81.8288112995759	4.0264864204533e-05
SNP.4	2.144e-40	0.177285	752736	4.55413510205508e-06	13.3057261284166	0.999797634955364	84.2505416409884	0.0026115	0.177285	532	0.00644372451161755	3.01011359492201	0.777370583076441	2.7706700653	87.0212117062884	0.00724364375179193
SNP.40	1.258e-40	0.179167	748365	4.54301014295906e-06	13.3455139199093	0.99979812919814	84.7794526916272	0.00343162	0.179167	532	0.00639065749179616	2.92617123293363	0.778798475126055	2.57988187987721	87.3593345715044	0.0101578542669171
SNP.41	9.471e-36	0.254848	755006	3.48733364877176e-06	12.4810660749909	0.999845031412373	73.4902908514754	1.64568e-05	0.254848	532	0.00494916885117401	4.30822759071627	0.819696950461131	6.75056769676165	80.2408585482371	8.22786431785015e-06
SNP.42	3.969e-40	0.177285	752973	4.55270167745794e-06	13.259620342945	0.999797698637346	83.6381057174021	0.0026115	0.177285	532	0.00644372451161755	3.01011359492201	0.777370583076441	2.7706700653	86.4087757827021	0.00392626438962093
SNP.43	9.218e-41	0.175487	752102	4.59463274751109e-06	13.3686653550227	0.999795835791647	85.0940694772682	0.001953	0.175487	532	0.00649554977193343	3.09728804930434	0.775981148037384	2.97405602470018	88.0681255019684	0.0206360213113489
SNP.44	5.117e-35	0.224234	750335	3.83073926881787e-06	12.3460379902706	0.999829773903243	71.8601621898311	1.54853e-05	0.224234	532	0.00540289050614372	4.32166953479712	0.806368071259352	6.70930061334493	78.5694628031761	1.54671099280169e-06
SNP.45	1.195e-35	0.249307	755506	3.53618719905818e-06	12.4625418898436	0.999842860821089	73.2660828184493	1.87622e-05	0.249307	532	0.00502182452257829	4.27913386504412	0.817533008450857	6.63432500042313	79.9004078188725	5.85371060720022e-06
SNP.46	3.013e-35	0.231302	752501	3.73704032178148e-06	12.3885884685104	0.999833936900565	72.3742473152036	4.01152e-05	0.231302	532	0.00528595221650543	4.10681515421907	0.809761703492549	5.99895349147276	78.3732008066763	1.27108229685284e-06
SNP.47	7.675e-41	0.180055	755148	4.484851009591e-06	13.3822859958267	0.999800713011683	85.2645622143602	0.00148471	0.180055	532	0.00636602682366659	3.17765559630165	0.779463004640208	3.17946702121216	88.4440292355723	0.0300523809176935
SNP.48	1.775e-35	0.247899	755088	3.55157912685317e-06	12.4309554672907	0.999842176950853	72.8751147758938	2.26107e-05	0.247899	532	0.00504089244311523	4.23741596967019	0.816966989957677	6.48556030091404	79.3606750768079	3.41215142894655e-06
SNP.49	8.217e-41	0.17688	754978	4.54876838642064e-06	13.3772140081202	0.999797873379589	85.2035339332423	0.00150835	0.17688	532	0.00645530086248699	3.17307221827019	0.777059789737839	3.16144363064089	88.3649775638832	0.0277681649275244
SNP.5	3.845e-36	0.236034	755662	3.66938958318318e-06	12.5526347072786	0.999836942610573	74.41076851342	5.73792e-05	0.236034	532	0.00521206441956272	4.02333741282791	0.811920745396241	5.73593366283429	80.1467021762543	7.48851197356914e-06
SNP.50	7.818e-36	0.249307	756172	3.53307269511652e-06	12.4963277856794	0.999842999200005	73.68721575321	1.87622e-05	0.249307	532	0.00502182452257829	4.27913386504412	0.817533008450857	6.63432500042313	80.3215407536331	8.91922167621774e-06
SNP.51	1.519e-40	0.177285	752203	4.55736209531275e-06	13.3314578422828	0.999797491591504	84.5935238421193	0.0026115	0.177285	532	0.00644372451161755	3.01011359492201	0.777370583076441	2.7706700653	87.3641939074193	0.0102073348169154
SNP.52	2.59e-36	0.257618	742377	3.52161486524719e-06	12.583876945464	0.999843508277259	74.7833352277595	9.86865e-06	0.257618	532	0.00491422157672484	4.42003153303488	0.820741888914435	7.15782103623641	81.9411562639959	4.5052307207608e-05
SNP.53	4.148e-41	0.178273	753609	4.5290884051901e-06	13.4279382291881	0.999798747692636	85.8811431011798	0.00205896	0.178273	532	0.00641571763899794	3.08159321318874	0.778123520256498	2.94179757139021	88.82294067257	0.0438973224726732
SNP.54	2.777e-35	0.238227	755717	3.6458118748646e-06	12.3951285640409	0.999837990168111	72.4432337611368	2.54132e-05	0.238227	532	0.00517895115157341	4.21109841191643	0.812892073720105	6.36961491926047	78.8128486803972	1.9729238169941e-06
SNP.55	3.719e-35	0.245833	756135	3.56667023124157e-06	12.3716927745637	0.999841506447244	72.1423633179707	1.06266e-05	0.245833	532	0.00506933119417263	4.40401416496945	0.816124259291276	7.06775652200083	79.2101198399715	2.93523574812103e-06
SNP.56	3.821e-35	0.244413	756122	3.58071166435962e-06	12.3695195663697	0.999840882581744	72.11740019563	6.59237e-06	0.244413	532	0.00508920087420851	4.50644198084752	0.815536488446605	7.43581358231027	79.5532137779402	4.13663109361323e-06
SNP.57	8.845e-35	0.246537	747439	3.60122463312617e-06	12.3019167195574	0.999839971185181	71.2863900015236	9.18206e-06	0.246537	532	0.00505957845593832	4.43558967086967	0.816413068000025	7.18370789129672	78.4700978928203	1.40041108539224e-06
SNP.58	9.905e-35	0.246537	747644	3.6002371965256e-06	12.2927722038319	0.99984001505721	71.1738209580791	9.18206e-06	0.246537	532	0.00505957845593832	4.43558967086967	0.816413068000025	7.18370789129672	78.3575288493758	1.25131723253334e-06
SNP.59	3.056e-34	0.264543	750922	3.42232788570073e-06	12.2013800855971	0.999847919670358	70.0299667716275	0.000211824	0.264543	532	0.00483064154245519	3.70448098029382	0.823251805671985	4.78230148776218	74.8122682593897	3.61143925504959e-08
SNP.6	2.504e-40	0.176389	753013	4.57060714261261e-06	13.2941205574653	0.999796903161478	84.0979598484901	0.00229636	0.176389	532	0.00646941089526345	3.04895876330531	0.776681309859801	2.86049508884484	86.958454937335	0.00680302653251545
SNP.60	3.622e-35	0.243017	755741	3.59645175440291e-06	12.3738151067489	0.999840183245282	72.1726739314014	5.81777e-06	0.243017	532	0.00510899632579739	4.5329060331997	0.814951754656013	7.5289341152302	79.7016080466316	4.79836857414023e-06
SNP.61	1.001e-38	0.17688	745134	4.60886237756307e-06	13.0153367784517	0.999795203622256	80.4354024024612	0.00271265	0.17688	532	0.00645530086248699	2.99855296705687	0.777059789737839	2.74297074457726	83.1783731470385	0.00015525067679013
SNP.62	2.199e-35	0.235632	755147	3.67622205561367e-06	12.413821857604	0.999836639044246	72.6791251751948	2.30275e-05	0.235632	532	0.00521821063276409	4.23331169597815	0.811740710758726	6.43860584757277	79.1177310227676	2.67620288494831e-06
SNP.63	1.279e-40	0.176389	751533	4.57960807613259e-06	13.3442801954867	0.999796503282626	84.7668583145047	0.00333451	0.176389	532	0.00646941089526345	2.93508995905202	0.776681309859801	2.59588113640524	87.36273945091	0.0101924994836368
SNP.64	1.259e-40	0.178873	751001	4.53288149710859e-06	13.3454547082379	0.999798579178649	84.7775869437364	0.00347992	0.178873	532	0.00639886943084595	2.92182052908636	0.778577170772779	2.56952978254181	87.3471167262782	0.0100345022579816
SNP.65	2.443e-40	0.174515	748707	4.63570897011295e-06	13.2959652628246	0.999794010930456	84.1292947584487	0.00348615	0.174515	532	0.00652403713512473	2.9212633586111	0.775219515302047	2.56146075833396	86.6907555167827	0.0052052522865091
SNP.66	1.252e-35	0.249307	754183	3.54239043575849e-06	12.4588260739904	0.999842585208395	73.2206432983675	1.87622e-05	0.249307	532	0.00502182452257829	4.27913386504412	0.817533008450857	6.63432500042313	79.8549682987906	5.59367352765022e-06
SNP.67	1.015e-35	0.239612	756584	3.62717937252083e-06	12.475552280018	0.999838818011709	73.4406709767264	3.5445e-05	0.239612	532	0.00515839450823177	4.13532671072233	0.813496242282013	6.11611798307505	79.5567889598014	4.1514467706544e-06
SNP.68	6.032e-36	0.247911	756117	3.5466306902881e-06	12.5169346843861	0.999842396812001	73.9467657367676	2.72153e-05	0.247911	532	0.00504072886776047	4.195597649737	0.816971842249926	6.34153622607802	80.2883019628456	8.62763044859603e-06
SNP.69	3.139e-36	0.263158	741230	3.47877280400216e-06	12.5686853908343	0.999845411776591	74.5863431332253	1.99733e-05	0.263158	532	0.00484693752915512	4.26518905892558	0.822761231527746	6.61864065783051	81.2049837910559	2.1577513357912e-05
SNP.7	1.927e-40	0.18144	752921	4.47133324064157e-06	13.3136989834008	0.999801313562339	84.3477899366662	0.00247652	0.18144	532	0.00632812160691182	3.02619564853462	0.780487896741958	2.81562553137603	87.1634154680422	0.00835055598922864
SNP.70	1.324e-36	0.254902	754118	3.49095344052372e-06	12.6367588814193	0.999844870582625	75.4458259662636	1.1426e-05	0.254902	532	0.00494847899748284	4.38826215238085	0.819717551637865	7.03597155207929	82.4817975183429	7.73596596415188e-05
SNP.71	3.613e-35	0.238227	755214	3.64824011821425e-06	12.3740148791707	0.999837882281162	72.1821167732892	2.54132e-05	0.238227	532	0.00517895115157341	4.21109841191643	0.812892073720105	6.36961491926047	78.5517316925496	1.5195277953999e-06
SNP.72	1.478e-35	0.244444	753947	3.59073327578569e-06	12.4455836493815	0.999840437318722	73.062381787958	1.63067e-05	0.244444	532	0.00508876425014811	4.310254187748	0.815549395253512	6.73057027326504	79.792952061223	5.25731265627204e-06
SNP.73	5.926e-34	0.288889	754841	3.22437927318775e-06	12.1473434149631	0.999856714788119	69.3430678716231	1.66012e-05	0.288889	532	0.00457498811081262	4.30629451152111	0.831025295668161	6.81633505722209	76.1594029288452	1.38909986045155e-07
SNP.74	5.218e-35	0.246537	752966	3.5747905463981e-06	12.3444649115046	0.999841145658871	71.8070419670765	9.18206e-06	0.246537	532	0.00505957845593832	4.43558967086967	0.816413068000025	7.18370789129672	78.9907498583732	2.35706639183042e-06
SNP.75	4.466e-34	0.290859	753457	3.21733608673071e-06	12.1704524657936	0.999857027729027	69.622938162991	4.86524e-05	0.290859	532	0.00455662480432304	4.06200804513076	0.831589311775688	5.96989927902296	75.592837442014	7.88274001543194e-08
SNP.76	4.339e-40	0.172753	747352	4.68148896892059e-06	13.2529343818624	0.999791977106132	83.5629350575579	0.0108973	0.172753	532	0.00657654162387357	2.54597497567053	0.773819675360778	1.76473379745961	85.3276688550175	0.00133186672280478
SNP.77	1.74e-40	0.177285	752984	4.55263516911453e-06	13.3213215182909	0.999797701592077	84.457970459304	0.0026115	0.177285	532	0.00644372451161755	3.01011359492201	0.777370583076441	2.7706700653	87.228640524604	0.00891337697078939
SNP.78	1.992e-40	0.175562	752466	4.59086584966435e-06	13.311220804384	0.999796003141002	84.3275237120252	0.00229819	0.175562	532	0.00649336553089011	3.04871943955648	0.776039607269051	2.85838084398309	87.1859045560083	0.00854047998154017
SNP.79	6.02e-36	0.24221	756488	3.60103233813421e-06	12.5170927809742	0.99983997972889	73.9561650186485	7.05346e-05	0.24221	532	0.0051205596831024	3.97447523705085	0.81461057480906	5.59133066346287	79.5474956821113	4.11304493882341e-06
SNP.8	3.308e-40	0.177285	753048	4.5522482500193e-06	13.273275278548	0.999797718781525	83.8191735450138	0.0026115	0.177285	532	0.00644372451161755	3.01011359492201	0.777370583076441	2.7706700653	86.5898436103138	0.00470561400217537
SNP.80	2.571e-35	0.269444	742847	3.41938971822402e-06	12.4013056087052	0.99984805021588	72.4885258110528	1.82531e-05	0.269444	532	0.00477459284589015	4.28525342015557	0.824943570271862	6.70305963944883	79.1915854505017	2.88133400654967e-06
SNP.81	2.81e-41	0.17867	750001	4.54295921887965e-06	13.4567517591474	0.999798131460518	86.2698594218751	0.00209261	0.17867	532	0.00640455631037397	3.07676386683287	0.778423988190563	2.93097116911396	89.2008305909891	0.0640550740361502
SNP.82	2.04e-36	0.245152	753395	3.58634711196673e-06	12.6027147861164	0.999840632197169	75.0294060210502	1.62888e-05	0.245152	532	0.00507882703462439	4.3104970527489	0.815843254383224	6.7333568156641	81.7627628367143	3.7691355453167e-05
SNP.83	8.853e-36	0.254167	755507	3.49116804460398e-06	12.4864373134875	0.999844861047624	73.5578697603203	1.52483e-05	0.254167	532	0.00495789830051621	4.32507062775708	0.819436351382254	6.80844889164898	80.3663186519693	9.32768243815575e-06
SNP.84	7.812e-34	0.295833	753602	3.1849724190378e-06	12.124727092797	0.999858465705057	69.062615877739	5.12891e-05	0.295833	532	0.00451165711453332	4.04967368545999	0.832973701117142	5.93552277403134	74.9981386517704	4.34913411333466e-08
SNP.85	1.524e-35	0.247222	755070	3.55818688870832e-06	12.4431364009181	0.999841883365326	73.0274922151578	9.83629e-06	0.247222	532	0.00505015070311464	4.42074125032131	0.816692447256061	7.13199617834118	80.159488393499	7.58487647033676e-06
SNP.86	5.477e-34	0.289474	753421	3.22658229520853e-06	12.1537849880503	0.999856616904096	69.421659628733	2.17999e-05	0.289474	532	0.00456950161548554	4.24561054197445	0.831193729371379	6.60171851877263	76.0233781475057	1.21243553283736e-07
SNP.87	8.321e-36	0.239612	756785	3.62621600372536e-06	12.4913684123061	0.999838860814301	73.6379497576794	3.5445e-05	0.239612	532	0.00515839450823177	4.13532671072233	0.813496242282013	6.11611798307505	79.7540677407545	5.0568091108491e-06
SNP.88	2.186e-35	0.247922	754957	3.55197447801708e-06	12.4142964463408	0.999842159385236	72.6682529441767	1.92231e-05	0.247922	532	0.00504057893985027	4.2737286031776	0.816976289755597	6.6118665808285	79.2801195250052	3.14806336223542e-06
SNP.89	2.003e-35	0.251429	754814	3.51950584862864e-06	12.4212921374757	0.999843601982005	72.7506307732868	1.31073e-05	0.251429	532	0.00499355693162929	4.35830606020907	0.818373557701275	6.9195323960264	79.6701631693132	4.64983205822157e-06
SNP.9	4.921e-34	0.294118	753790	3.19496364704046e-06	12.1625310338521	0.999858021776365	69.52316092352	6.95305e-05	0.294118	532	0.00452693918703501	3.97788665480125	0.832502705700148	5.69319347304689	75.2163543965669	5.40969392610912e-08
SNP.90	3.356e-34	0.295833	754694	3.18036394211657e-06	12.1937534990881	0.999858670468321	69.9010970769698	4.48711e-05	0.295833	532	0.00451165711453332	4.08085107042832	0.832973701117142	6.04109740117779	75.9421944781476	1.11789505774131e-07
SNP.91	1.007e-33	0.295833	745810	3.21824805906562e-06	12.1039084349628	0.999856987208514	68.8155354447403	5.43794e-05	0.295833	532	0.00451165711453332	4.03596035017349	0.832973701117142	5.88934229116704	74.7048777359073	3.24370389718679e-08
SNP.92	1.929e-35	0.2507	754563	3.52747895986253e-06	12.4243031331604	0.999843247732465	72.7891338167147	3.09908e-05	0.2507	532	0.00500320508720065	4.16606086025401	0.818086471328062	6.24726829427271	79.0364021109874	2.46716580416127e-06
SNP.93	1.07e-35	0.255556	755611	3.4781925203776e-06	12.4713483744681	0.999845437559002	73.3677890431345	1.79179e-05	0.255556	532	0.00494015136938917	4.28937205239602	0.819966322237561	6.68585668039679	80.0536457235313	6.82309824385862e-06
SNP.94	2.845e-35	0.247922	754166	3.55569993343686e-06	12.3931891540532	0.999841993861732	72.4069961948758	1.32437e-05	0.247922	532	0.00504057893985027	4.35603931357775	0.816976289755597	6.90202483078357	79.3090210256593	3.24037465954728e-06
SNP.95	2.044e-35	0.249307	754864	3.53919467084355e-06	12.4196711259297	0.999842727197699	72.7332215792606	1.87622e-05	0.249307	532	0.00502182452257829	4.27913386504412	0.817533008450857	6.63432500042313	79.3675465796837	3.43567877885434e-06
SNP.96	1.027e-35	0.239612	756735	3.62645559988543e-06	12.4746160773187	0.999838850169014	73.4288963892188	3.5445e-05	0.239612	532	0.00515839450823177	4.13532671072233	0.813496242282013	6.11611798307505	79.5450143722938	4.10285185137075e-06
SNP.97	6.388e-35	0.246518	755744	3.56183485039552e-06	12.3281713081942	0.999841721284989	71.6042994712238	6.68031e-06	0.246518	532	0.00505984082176186	4.50362800231488	0.816405295861996	7.43192531200626	79.0362247832301	2.46672834597019e-06
SNP.98	1.224e-35	0.251397	755455	3.51681684048326e-06	12.4606298954055	0.999843721456113	73.2395809189853	2.82461e-05	0.251397	532	0.00499397907185579	4.18716458699472	0.818360992462969	6.32102754121904	79.5606084602044	4.16733354372198e-06
SNP.99	1.103e-33	0.261765	753448	3.43408081227874e-06	12.0964334552494	0.999847397477205	68.7568495319908	0.000501471	0.261765	532	0.00486353631550713	3.479969429313	0.822262142603589	4.11515148637914	72.8720010183699	5.18839411630585e-09
