snp	pvalues.df1	MAF.df1	N.df1	V.df1	z.df1	r.df1	lABF.df1	pvalues.df2	MAF.df2	N.df2	V.df2	z.df2	r.df2	lABF.df2	internal.sum.lABF	SNP.PP.H4
SNP.1	4.74e-35	0.235821	754748	3.67612658749592e-06	12.3521954278317	0.999836643285887	71.9161165678155	0.0225497	0.235821	517	0.00536663286201039	2.28097882364057	0.807417247408942	1.27682655676211	73.1929431245776	2.04496218939332e-08
SNP.10	4.599e-35	0.213433	749702	3.97268420997459e-06	12.3546242416474	0.999823467426586	71.9838948245328	0.0237923	0.213433	517	0.00576079167811677	2.26046671455933	0.796156040363953	1.23886290721746	73.2227577317502	2.10684992874988e-08
SNP.100	2.73e-35	0.231231	754614	3.72737618709995e-06	12.3964968172859	0.999834366275205	72.4709741014512	0.0155116	0.231231	517	0.00544048405039118	2.42020874068946	0.805283113900992	1.54033250164375	74.0113066030949	4.63549402244356e-08
SNP.101	4.775e-34	0.285928	754033	3.2477378060156e-06	12.1649906534422	0.999855676929666	69.5610917165433	0.0776774	0.285928	517	0.00473675334832371	1.76432427051883	0.826089648507419	0.41113483813922	69.9722265546825	8.16480559121722e-10
SNP.102	9.043e-36	0.232036	753570	3.72348982582654e-06	12.4847472920404	0.999834538945188	73.5681750009177	0.0195023	0.232036	517	0.00542729251073135	2.33578787244607	0.805663491774369	1.37872970848876	74.9469047094065	1.18146570653824e-07
SNP.103	2.744e-34	0.287425	754604	3.23516011606594e-06	12.2101449131712	0.999856235777076	70.1094346954995	0.0750719	0.287425	517	0.00472198213582945	1.78002481300915	0.826537901896042	0.433539771170767	70.5429744666703	1.44483587690388e-09
SNP.104	1.831e-35	0.223054	754570	3.82357504767285e-06	12.4284723389084	0.999830092204779	72.8802124476474	0.0228959	0.223054	517	0.00558057064549808	2.27516722796612	0.801265767852451	1.26593698567531	74.1461494333227	5.30465962466044e-08
SNP.105	4.997e-34	0.286567	753942	3.24378974124103e-06	12.1612792243286	0.999855852348597	69.5153604908027	0.0701122	0.286567	517	0.00473042422648113	1.81118512498205	0.826281655139222	0.480103683099717	69.9954641739024	8.35675785377792e-10
SNP.106	3.732e-35	0.223881	755662	3.80799936621922e-06	12.3714125266185	0.999830784222549	72.1708066242737	0.0265132	0.223881	517	0.00556588088409275	2.21861100800712	0.801685152620761	1.16409159391093	73.3348982181846	2.35686982573698e-08
SNP.107	5.339e-34	0.232836	743259	3.76609683903706e-06	12.1558705626529	0.999832645930338	69.5225306089414	0.0177575	0.232836	517	0.00541428504929563	2.37063620029199	0.80603891377715	1.44488662845608	70.9674172373974	2.20877597768511e-09
SNP.108	4.076e-34	0.287462	754815	3.23400739771244e-06	12.1779086210743	0.999856286994276	69.7162266360025	0.0513549	0.287462	517	0.00472161952399287	1.94850221536946	0.826548911984047	0.69313314473537	70.4093597807379	1.26412609466164e-09
SNP.109	2.446e-36	0.27259	742838	3.39458513790822e-06	12.5883937695757	0.999849152307886	74.8222566628838	0.204568	0.27259	517	0.0048774213436624	1.26864417868605	0.821845115270819	-0.201188364875152	74.6210682980087	8.52927593572729e-08
SNP.11	1.764e-40	0.183582	753596	4.42678828100397e-06	13.3202988392613	0.999803292555609	84.4308331537293	0.00940555	0.183582	517	0.00645263044760438	2.59695041724899	0.777131461015892	1.8699595461436	86.3007926998729	0.0100774818035341
SNP.110	2.758e-36	0.240299	742633	3.68808650449548e-06	12.5789126181544	0.999836111907954	74.7433920353136	0.0285488	0.240299	517	0.00529766875259767	2.18966143397051	0.809420394215518	1.11158782342959	75.8549798587432	2.92949760132212e-07
SNP.111	3.864e-35	0.234328	754931	3.69143982770902e-06	12.3686206311901	0.999835962920236	72.1211317054241	0.0204966	0.234328	517	0.00539029470130019	2.31713094096309	0.806732242917143	1.34387199303004	73.4650036984542	2.68435338473653e-08
SNP.112	7.887e-36	0.23503	756131	3.67794521906479e-06	12.4956290135363	0.99983656248423	73.698072690667	0.0194671	0.23503	517	0.00537912649214058	2.3364634573984	0.807055414965852	1.380206439423	75.07827913009	1.34733721666977e-07
SNP.113	1.678e-35	0.231366	752689	3.73538444187206e-06	12.4354467571881	0.999834010470793	72.955540762811	0.00782829	0.231366	517	0.00543826456512232	2.65938736645103	0.805347087595721	2.02957605840549	74.9851168212165	1.22748566655137e-07
SNP.114	1.476e-34	0.243243	753790	3.60348596353769e-06	12.2604925399136	0.999839870713782	70.7780388542436	0.0531397	0.243243	517	0.00525391041480672	1.93378392530841	0.810696570815342	0.683606076677607	71.4616449309212	3.62069573502598e-09
SNP.115	4.179e-35	0.235562	755062	3.67739168466109e-06	12.3623235587327	0.999836587077718	72.0414197810183	0.0386716	0.235562	517	0.00537071319188312	2.06766431199987	0.807299039859258	0.902388980260734	72.9438087612791	1.59399738004495e-08
SNP.116	2.292e-35	0.233533	754835	3.70063503044716e-06	12.4105058932034	0.99983555437879	72.6411989450659	0.017309	0.233533	517	0.00540303451297404	2.38007744218177	0.806363909614856	1.4630451379734	74.1042440830393	5.08695926677732e-08
SNP.117	2.489e-35	0.234234	754834	3.69294241645232e-06	12.4039024155308	0.999835896160426	72.5582677404081	0.0153229	0.234234	517	0.00539179593032954	2.42465596327958	0.806688821910299	1.54951722938293	74.1077849697911	5.10500354096453e-08
SNP.118	1.246e-32	0.290274	727897	3.33427350867824e-06	11.8957025808459	0.999851832023284	66.3348045132237	0.0870441	0.290274	517	0.00469440557861967	1.71120053482904	0.827376054790092	0.333044400710893	66.6678489139346	2.99828472964785e-11
SNP.119	1.472e-32	0.291159	708300	3.4203749243153e-06	11.8817794501672	0.999848006442251	66.181776267433	0.0668693	0.291159	517	0.00468597980443428	1.83255147556881	0.827632484164872	0.510633108032589	66.6924093754656	3.07283574255735e-11
SNP.12	1.817e-40	0.183582	753644	4.42650633642869e-06	13.3180885922932	0.99980330508155	84.4013695078625	0.00940555	0.183582	517	0.00645263044760438	2.59695041724899	0.777131461015892	1.8699595461436	86.2713290540061	0.00978489396679048
SNP.120	1.965e-40	0.179758	753114	4.50276262504939e-06	13.3122402938458	0.99979991725778	84.3317521318347	0.0149414	0.179758	517	0.00655917518684999	2.43379632252916	0.774282127944974	1.54894294349515	85.8806950753299	0.00662073099336762
SNP.121	3.369e-35	0.234328	755077	3.69072605915979e-06	12.3796281694652	0.999835994632877	72.2572237678056	0.0204966	0.234328	517	0.00539029470130019	2.31713094096309	0.806732242917143	1.34387199303004	73.6010957608357	3.07569821197126e-08
SNP.122	6.287e-35	0.232036	750735	3.73755083757665e-06	12.3294556471052	0.99983391421851	71.6436113987978	0.018432	0.232036	517	0.00542729251073135	2.35682360592391	0.805663491774369	1.41849424702329	73.0621056458211	1.79416874733578e-08
SNP.123	9.75e-36	0.233533	753581	3.70679308953859e-06	12.4787543709867	0.999835280777357	73.4911962365485	0.0174525	0.233533	517	0.00540303451297404	2.37703356390477	0.806363909614856	1.45720703631398	74.9484032728625	1.18323753513786e-07
SNP.13	8.346e-34	0.271772	752747	3.35620814675314e-06	12.1193088300251	0.999850857440299	69.0225664382211	0.0399351	0.271772	517	0.00488660660317985	2.05441957576437	0.821569474671153	0.871996425187292	69.8945628634084	7.55469500418697e-10
SNP.14	2.219e-35	0.220365	756200	3.84856996253043e-06	12.4130971374048	0.999828981698372	72.6924446054226	0.0294745	0.220365	517	0.00562918492391781	2.17708132725594	0.799880979873988	1.09116968895126	73.7836142943738	3.69156493519604e-08
SNP.15	2.273e-40	0.187126	751175	4.37594154262177e-06	13.3013586737567	0.999805551526779	84.1731981002254	0.0188121	0.187126	517	0.00635802299473676	2.34923360758837	0.779679190223933	1.39514988919879	85.5683479894242	0.00484457101635196
SNP.16	1.057e-40	0.183582	754763	4.41994366630514e-06	13.3584803643015	0.999803596641132	84.9393048004467	0.00940555	0.183582	517	0.00645263044760438	2.59695041724899	0.777131461015892	1.8699595461436	86.8092643465903	0.0167563125691272
SNP.17	9.448e-41	0.185075	754694	4.3927218858514e-06	13.3668318882878	0.999804806024311	85.0479011235012	0.00939586	0.185075	517	0.00641230338669388	2.59730446125508	0.778215408819867	1.87189252451323	86.9197936480144	0.0187146073098929
SNP.18	3.372e-40	0.183582	753311	4.42846306692915e-06	13.2718395878137	0.999803218149966	83.786824873452	0.00940555	0.183582	517	0.00645263044760438	2.59695041724899	0.777131461015892	1.8699595461436	85.6567844195956	0.00529252331907382
SNP.19	2.883e-42	0.184132	747937	4.44995701986371e-06	13.6240082760905	0.99980226324001	88.5241624839898	0.0094358	0.184132	517	0.00643769343049478	2.59584726095099	0.777532599619336	1.86818442548585	90.3923469094756	0.602964076277964
SNP.2	1.588e-40	0.187688	751270	4.36530489169425e-06	13.328143671706	0.999806024083214	84.5285897093069	0.0179877	0.187688	517	0.00634337061118596	2.36587122176874	0.780075265935602	1.42594087905599	85.9545305883629	0.00712807561904545
SNP.20	2.915e-35	0.232836	756448	3.70043330207211e-06	12.391240231486	0.999835563341547	72.4023006434288	0.0177575	0.232836	517	0.00541428504929563	2.37063620029199	0.80603891377715	1.44488662845608	73.8471872718849	3.93386910765144e-08
SNP.21	8.657e-39	0.183582	744981	4.4779798966839e-06	13.0264247044924	0.999801018272866	80.5658391306056	0.00940555	0.183582	517	0.00645263044760438	2.59695041724899	0.777131461015892	1.8699595461436	82.4357986767492	0.000211254732047911
SNP.22	2.019e-40	0.186567	750286	4.39123365412794e-06	13.3102149650257	0.999804872142128	84.2926988377079	0.0177925	0.186567	517	0.00637269078031149	2.36990824872196	0.779283100809673	1.4329709733346	85.7256698110425	0.00566995125966871
SNP.23	1.256e-34	0.241742	739862	3.6868050216334e-06	12.2735643095726	0.999836168844084	70.949513537957	0.0281693	0.241742	517	0.00527606757623932	2.1949205141558	0.810049872547377	1.12078207640651	72.0702956143635	6.65465681690456e-09
SNP.24	6.937e-36	0.231118	749736	3.75291021942388e-06	12.505831648888	0.999833231806517	73.8354188041556	0.0238761	0.231118	517	0.00544234409336553	2.25911712767654	0.805229508477146	1.23682207494963	75.0722408791053	1.33922616930872e-07
SNP.25	1.723e-39	0.186567	747148	4.409676708525e-06	13.149061374345	0.999804052771351	82.1631355010115	0.00854029	0.186567	517	0.00637269078031149	2.62992821326316	0.779283100809673	1.93952731514917	84.1026628161606	0.00111870696926734
SNP.26	2.095e-40	0.183582	753251	4.42881581492951e-06	13.3074539392532	0.999803202478446	84.2600723168397	0.00940555	0.183582	517	0.00645263044760438	2.59695041724899	0.777131461015892	1.8699595461436	86.1300318629833	0.00849555064965486
SNP.27	2.13e-35	0.248437	754400	3.54965918546611e-06	12.416373411903	0.999842262254657	72.6937170555597	0.0640196	0.248437	517	0.00517961874180974	1.85204333761149	0.812872468001664	0.556120055033041	73.2498371105928	2.16468160515276e-08
SNP.28	1.42e-35	0.21791	748150	3.92145675840902e-06	12.4487795061675	0.999825743403613	73.1450623136905	0.021115	0.21791	517	0.00567473476557777	2.30592184081112	0.798587819449117	1.3219548272602	74.4670171409507	7.31153557296864e-08
SNP.29	8.2e-41	0.185629	754443	4.38404946861206e-06	13.3773679735528	0.999805191314769	85.1878097645453	0.00981176	0.185629	517	0.00639751534477386	2.58239364154664	0.778613653511534	1.84226963009887	87.0300793946442	0.0208966760389957
SNP.3	1.692e-40	0.184685	753196	4.40864311097057e-06	13.3234096483315	0.999804098691021	84.4702850145492	0.0099848	0.184685	517	0.00642277051568779	2.57635525685314	0.777933773246098	1.82941928829479	86.299704302844	0.0100665194690482
SNP.30	9.78e-36	0.233533	756004	3.69491278248208e-06	12.4785097257423	0.999835808617349	73.4865801829451	0.0223271	0.233533	517	0.00540303451297404	2.28475666423932	0.806363909614856	1.28376801749983	74.7703482004449	9.90247153414649e-08
SNP.31	1.05e-35	0.235821	755211	3.67387285097724e-06	12.4728516860568	0.999836743419242	73.4132217725628	0.0245709	0.235821	517	0.00536663286201039	2.24808296670778	0.807417247408942	1.21667907119687	74.6299008437597	8.60494483823946e-08
SNP.32	1.598e-40	0.182635	752730	4.44970001486605e-06	13.3276752767483	0.999802274657937	84.5315876428626	0.0149831	0.182635	517	0.00647857387270817	2.43278729048267	0.776435724505765	1.54862139992222	86.0802090427849	0.00808264971069912
SNP.33	1.184e-35	0.221386	755930	3.83721436193393e-06	12.4632792156582	0.999829486219378	73.3150739472828	0.0201382	0.221386	517	0.00561057147508069	2.32376299646628	0.800410622030423	1.35531187265349	74.6703858199363	8.96046385688373e-08
SNP.34	3.057e-40	0.185075	753019	4.40249296620767e-06	13.2791858005337	0.999804371923779	83.8814919146154	0.00855462	0.185075	517	0.00641230338669388	2.62935820080753	0.778215408819867	1.93708132723149	85.8185732418469	0.0062219536702476
SNP.35	1.695e-35	0.242515	754787	3.60606001163357e-06	12.4346412779499	0.999839756348293	72.9283558556605	0.0392103	0.242515	517	0.00526461744294172	2.06197306937552	0.810383937262565	0.891391052743773	73.8197469084042	3.82738990471945e-08
SNP.36	6.297e-35	0.232036	748526	3.74858084829132e-06	12.3293275738881	0.999833424158876	71.6434684972123	0.0165297	0.232036	517	0.00542729251073135	2.39700495903609	0.805663491774369	1.49544125939347	73.1389097566058	1.93739818668683e-08
SNP.37	1.434e-36	0.229042	751245	3.76914255240398e-06	12.6304804461809	0.999832510610621	75.4038631623903	0.0290949	0.229042	517	0.00547688490673255	2.18219830979553	0.804235356259604	1.09945907698592	76.5033222393762	5.6022781181729e-07
SNP.38	1.858e-36	0.237313	750369	3.68152070404156e-06	12.6100818317232	0.999836403625751	75.1350206828846	0.0158368	0.237313	517	0.0053433249693829	2.41265504833643	0.808093143499976	1.52654388660794	76.6615645694926	6.56278891407507e-07
SNP.39	3.539e-36	0.222393	746168	3.87482514625459e-06	12.5591983918768	0.999827815201766	74.5196813461142	0.0199949	0.222393	517	0.005592399477235	2.32644356180259	0.800928379871329	1.36040290266223	75.8800842487765	3.00397175451992e-07
SNP.4	2.144e-40	0.185075	752736	4.40414813549602e-06	13.3057261284166	0.999804298389484	84.2343904388763	0.010626	0.185075	517	0.00641230338669388	2.55476339678285	0.778215408819867	1.78661005705273	86.021000495929	0.00761797972361088
SNP.40	1.258e-40	0.188623	748365	4.3655523031984e-06	13.3455139199093	0.999806013091413	84.7602361517574	0.0176334	0.188623	517	0.00631920028894211	2.37322748246748	0.780729505829946	1.43989116205596	86.2001273138134	0.00911241732230234
SNP.41	9.471e-36	0.243284	755006	3.59727083667781e-06	12.4810660749909	0.999840146853262	73.5054269629547	0.049042	0.243284	517	0.00525330960409433	1.96822634762108	0.810714120981112	0.738070369275133	74.2434973322298	5.84702805682879e-08
SNP.42	3.969e-40	0.183582	752973	4.43045094765877e-06	13.259620342945	0.999803129834487	83.6249761538385	0.00940555	0.183582	517	0.00645263044760438	2.59695041724899	0.777131461015892	1.8699595461436	85.4949356999822	0.00450166086801737
SNP.43	9.218e-41	0.182635	752102	4.45341548379093e-06	13.3686653550227	0.999802109591308	85.0790244943366	0.0113817	0.182635	517	0.00647857387270817	2.53075598236724	0.776435724505765	1.73740081472392	86.8164253090605	0.0168767345486148
SNP.44	5.117e-35	0.211712	750335	3.99286299850372e-06	12.3460379902706	0.999822570908958	71.8803349867161	0.0298251	0.211712	517	0.00579494169822493	2.17240537436255	0.795195135581832	1.08355132049581	72.9638863072119	1.62632437307193e-08
SNP.45	1.195e-35	0.234328	755506	3.68863034915963e-06	12.4625418898436	0.999836087745003	73.2866565142674	0.0204966	0.234328	517	0.00539029470130019	2.31713094096309	0.806732242917143	1.34387199303004	74.6305285072975	8.61034754372231e-08
SNP.46	3.013e-35	0.21791	752501	3.89878269105783e-06	12.3885884685104	0.999826750789776	72.394877486524	0.021115	0.21791	517	0.00567473476557777	2.30592184081112	0.798587819449117	1.3219548272602	73.7168323137842	3.45308657065577e-08
SNP.47	7.675e-41	0.184132	755148	4.40746383962588e-06	13.3822859958267	0.999804151082551	85.2561688660538	0.00936463	0.184132	517	0.00643769343049478	2.59844773407196	0.777532599619336	1.87343573468852	87.1296046007424	0.0230834361657693
SNP.48	1.775e-35	0.233533	755088	3.69939509462153e-06	12.4309554672907	0.999835609468929	72.894992554202	0.0207754	0.233533	517	0.00540303451297404	2.31204143553135	0.806363909614856	1.33433614042773	74.2293286946297	5.76476776949741e-08
SNP.49	8.217e-41	0.182779	754978	4.43373663954053e-06	13.3772140081202	0.99980298386125	85.1911868498325	0.0140087	0.182779	517	0.00647461048481051	2.4570402251022	0.776541931833571	1.59474419248078	86.7859310423133	0.0163698585869266
SNP.5	3.845e-36	0.217523	755662	3.88745751587405e-06	12.5526347072786	0.999827253956757	74.4388653677503	0.00419234	0.217523	517	0.00568201919025226	2.86331466059274	0.798381402273064	2.47210449595371	76.910969863704	8.42177780043977e-07
SNP.50	7.818e-36	0.234328	756172	3.68538158060891e-06	12.4963277856794	0.999836232087406	73.7077870619092	0.0204966	0.234328	517	0.00539029470130019	2.31713094096309	0.806732242917143	1.34387199303004	75.0516590549392	1.3119441714883e-07
SNP.51	1.519e-40	0.183582	752203	4.4349862223515e-06	13.3314578422828	0.999802928346121	84.5803999626301	0.00940555	0.183582	517	0.00645263044760438	2.59695041724899	0.777131461015892	1.8699595461436	86.4503595087737	0.0117032925793931
SNP.52	2.59e-36	0.240299	742377	3.68935829786348e-06	12.583876945464	0.999836055402333	74.8060078480836	0.0285488	0.240299	517	0.00529766875259767	2.18966143397051	0.809420394215518	1.11158782342959	75.9175956715132	3.11879513940975e-07
SNP.53	4.148e-41	0.182229	753609	4.45220066901096e-06	13.4279382291881	0.999802163561712	85.872891677377	0.00879129	0.182229	517	0.00648978432103033	2.62006542135824	0.776135474166933	1.91562810605049	87.7885197834274	0.0446132318782148
SNP.54	2.777e-35	0.223881	755717	3.80772222548381e-06	12.3951285640409	0.999830796535747	72.4644035977368	0.0265132	0.223881	517	0.00556588088409275	2.21861100800712	0.801685152620761	1.16409159391093	73.6284951916478	3.1611357168649e-08
SNP.55	3.719e-35	0.232036	756135	3.71085881231276e-06	12.3716927745637	0.999835100138124	72.1616852850708	0.0183786	0.232036	517	0.00542729251073135	2.35790087042675	0.805663491774369	1.42054023160333	73.5822255166741	3.01820321415483e-08
SNP.56	3.821e-35	0.230422	756122	3.72907865785666e-06	12.3695195663697	0.999834290634907	72.1371924111324	0.0216471	0.230422	517	0.00545384605983733	2.29650366232476	0.804898186526357	1.30537110443778	73.4425635155702	2.62478684547382e-08
SNP.57	8.845e-35	0.232836	747439	3.74503520753646e-06	12.3019167195574	0.99983358169044	71.305481849603	0.0177575	0.232836	517	0.00541428504929563	2.37063620029199	0.80603891377715	1.44488662845608	72.7503684780591	1.31364360409298e-08
SNP.58	9.905e-35	0.232836	747644	3.74400833884288e-06	12.2927722038319	0.999833627313861	71.1929136578826	0.0177575	0.232836	517	0.00541428504929563	2.37063620029199	0.80603891377715	1.44488662845608	72.6378002863387	1.17378839428441e-08
SNP.59	3.056e-34	0.249254	750922	3.55827912391209e-06	12.2013800855971	0.99984187926728	70.0489921464395	0.0159687	0.249254	517	0.00516825933517662	2.40963013453314	0.813206198750427	1.52199167598553	71.570983822425	4.03903212750443e-09
SNP.6	2.504e-40	0.184132	753013	4.41996021790567e-06	13.2941205574653	0.999803595905794	84.0817969348332	0.00975433	0.184132	517	0.00643769343049478	2.58441869406043	0.777532599619336	1.8451682880266	85.9269652228598	0.00693427102816704
SNP.60	3.622e-35	0.232733	755741	3.70503686009276e-06	12.3738151067489	0.999835358806293	72.1871749166284	0.0183711	0.232733	517	0.00541595408449392	2.3580523909775	0.805990722434156	1.42089522185477	73.6080701384831	3.09722427100796e-08
SNP.61	1.001e-38	0.182229	745134	4.50283907857202e-06	13.0153367784517	0.999799913861205	80.4241672381192	0.0152235	0.182229	517	0.00648978432103033	2.42701801259874	0.776135474166933	1.53752347308051	81.9616907111997	0.000131493405314891
SNP.62	2.199e-35	0.220313	755147	3.85458906919909e-06	12.413821857604	0.999828714274084	72.70219999431	0.0271896	0.220313	517	0.00563013804997773	2.20878498369609	0.799853877717383	1.14678221212412	73.8489822064341	3.94093648606816e-08
SNP.63	1.279e-40	0.183582	751533	4.43894006172911e-06	13.3442801954867	0.999802752689212	84.7518189559389	0.00940555	0.183582	517	0.00645263044760438	2.59695041724899	0.777131461015892	1.8699595461436	86.6217785020825	0.0138916676751411
SNP.64	1.259e-40	0.188854	751001	4.34614558862195e-06	13.3454547082379	0.999806875278202	84.7572956407747	0.0247825	0.188854	517	0.00631326824603611	2.24477625277782	0.780890241532922	1.20836969114779	85.9656653319225	0.00720788843614757
SNP.65	2.443e-40	0.18209	748707	4.48400921911765e-06	13.2959652628246	0.999800750409684	84.1132580474021	0.016163	0.18209	517	0.00649363460428998	2.40521395051693	0.776032405287705	1.49656779047576	85.6098258378779	0.00504973894736359
SNP.66	1.252e-35	0.234328	754183	3.69510100409609e-06	12.4588260739904	0.999835800254691	73.2412163800129	0.0204966	0.234328	517	0.00539029470130019	2.31713094096309	0.806732242917143	1.34387199303004	74.585088373043	8.22784841451947e-08
SNP.67	1.015e-35	0.223881	756584	3.80335880361725e-06	12.475552280018	0.999830990400024	73.4637725489371	0.0265132	0.223881	517	0.00556588088409275	2.21861100800712	0.801685152620761	1.16409159391093	74.627864142848	8.58743697443558e-08
SNP.68	6.032e-36	0.232733	756117	3.70319442848575e-06	12.5169346843861	0.999835440665188	73.9678162130356	0.0227481	0.232733	517	0.00541595408449392	2.27763891391536	0.805990722434156	1.27066981232889	75.2384860253645	1.58144202969177e-07
SNP.69	3.139e-36	0.249254	741230	3.60480562886866e-06	12.5686853908343	0.999839812080775	74.6036921673374	0.0577965	0.249254	517	0.00516825933517662	1.89723825514715	0.813206198750427	0.624698171924331	75.2283903392617	1.56555660940241e-07
SNP.7	1.927e-40	0.192537	752921	4.27153296540879e-06	13.3136989834008	0.999810190125055	84.3257241529232	0.00504529	0.192537	517	0.00622074830144788	2.80412781444163	0.783405772156212	2.31514701442229	86.6408711673455	0.0141594447910795
SNP.70	1.324e-36	0.237952	754118	3.65644470584846e-06	12.6367588814193	0.999837517751178	75.4683934072005	0.0182426	0.237952	517	0.00533344442685692	2.36065689131725	0.808380006977843	1.42630948428117	76.8947028914816	8.28588921927727e-07
SNP.71	3.613e-35	0.223881	755214	3.81025830701755e-06	12.3740148791707	0.999830683859165	72.2032881218277	0.0265132	0.223881	517	0.00556588088409275	2.21861100800712	0.801685152620761	1.16409159391093	73.3673797157386	2.43468136373739e-08
SNP.72	1.478e-35	0.230539	753947	3.7385067514145e-06	12.4455836493815	0.999833871747563	73.0820349409183	0.0227105	0.230539	517	0.00545190705939789	2.27826993136073	0.804954021641079	1.27180253022442	74.3538374711427	6.52912963060089e-08
SNP.73	5.926e-34	0.277612	754841	3.30297863923957e-06	12.1473434149631	0.999853222496165	69.3548505780076	0.033556	0.277612	517	0.00482248297683217	2.12536701957902	0.823497630836797	0.992735069725523	70.3475856477331	1.18839887288981e-09
SNP.74	5.218e-35	0.232836	752966	3.71754550734806e-06	12.3444649115046	0.99983480304977	71.826134060759	0.0177575	0.232836	517	0.00541428504929563	2.37063620029199	0.80603891377715	1.44488662845608	73.2710206892151	2.21102644989091e-08
SNP.75	4.466e-34	0.279104	753457	3.29816862391313e-06	12.1704524657936	0.999853436211919	69.63507719791	0.0303962	0.279104	517	0.00480663101908649	2.16488882774186	0.823975685036839	1.06231482908771	70.6973920269977	1.68609178136506e-09
SNP.76	4.339e-40	0.181818	747352	4.49736365904075e-06	13.2529343818624	0.99980015711587	83.5435950961901	0.0104347	0.181818	517	0.00650118708957722	2.56108108165197	0.775830311031865	1.79671239356112	85.3403074897512	0.00385672431537677
SNP.77	1.74e-40	0.185629	752984	4.39254410883643e-06	13.3213215182909	0.999804813922427	84.4407062644975	0.0102281	0.185629	517	0.00639751534477386	2.56802086311275	0.778613653511534	1.81345089383752	86.254157158335	0.00961830322147595
SNP.78	1.992e-40	0.183333	752466	4.4381039595448e-06	13.311220804384	0.999802789834652	84.3112076706966	0.0245443	0.183333	517	0.00645942424375791	2.24850039395833	0.776949148250065	1.21385414105146	85.525061811748	0.00463934189047711
SNP.79	6.02e-36	0.227692	756488	3.75863069087402e-06	12.5170927809742	0.999832977648198	73.9770300564792	0.0577836	0.227692	517	0.00549972729995726	1.89733604960745	0.803579254860612	0.632647954532048	74.6096780110112	8.43267622852371e-08
SNP.8	3.308e-40	0.183582	753048	4.43000969581151e-06	13.273275278548	0.999803149437959	83.8060449174239	0.00940555	0.183582	517	0.00645263044760438	2.59695041724899	0.777131461015892	1.8699595461436	85.6760044635675	0.00539522969884487
SNP.80	2.571e-35	0.261976	742847	3.48127746441865e-06	12.4013056087052	0.999845300492777	72.4972816046067	0.102692	0.261976	517	0.00500204356017601	1.63194060038516	0.81812102256215	0.237215389738708	72.7344969943454	1.29295871517912e-08
SNP.81	2.81e-41	0.178788	750001	4.54061321506888e-06	13.4567517591474	0.999798235685273	86.2696106418684	0.0123682	0.178788	517	0.00658697186057035	2.50146118317916	0.773542192974047	1.67754757899487	87.9471582208633	0.0522828777057556
SNP.82	2.04e-36	0.226866	753395	3.78375566586989e-06	12.6027147861164	0.999831861356874	75.0554965614862	0.0204715	0.226866	517	0.00551385415839081	2.31759209926286	0.803174024994369	1.34429981141432	76.3997963729005	5.05130919063146e-07
SNP.83	8.853e-36	0.242515	755507	3.60262342771261e-06	12.4864373134875	0.999839909036433	73.5731942203768	0.0560829	0.242515	517	0.00526461744294172	1.91039091280138	0.810383937262565	0.647408963706381	74.2206031840832	5.71468603960278e-08
SNP.84	7.812e-34	0.285928	753602	3.24959525198097e-06	12.124727092797	0.999855594400345	69.0724467987491	0.0718503	0.285928	517	0.00473675334832371	1.80006547697508	0.826089648507419	0.463754927161871	69.536201725911	5.27937694202645e-10
SNP.85	1.524e-35	0.232836	755070	3.70718657937124e-06	12.4431364009181	0.999835263294681	73.0474874765471	0.0177575	0.232836	517	0.00541428504929563	2.37063620029199	0.80603891377715	1.44488662845608	74.4923741050032	7.49930448159883e-08
SNP.86	5.477e-34	0.277612	753421	3.30920388338291e-06	12.1537849880503	0.999852945899939	69.4340287515844	0.033556	0.277612	517	0.00482248297683217	2.12536701957902	0.823497630836797	0.992735069725523	70.4267638213099	1.28631956432609e-09
SNP.87	8.321e-36	0.223881	756785	3.80234864205283e-06	12.4913684123061	0.999831035280921	73.6610499475888	0.0265132	0.223881	517	0.00556588088409275	2.21861100800712	0.801685152620761	1.16409159391093	74.8251415414997	1.04602014439148e-07
SNP.88	2.186e-35	0.232836	754957	3.70774146141547e-06	12.4142964463408	0.999835238641382	72.6891758293074	0.0212331	0.232836	517	0.00541428504929563	2.30381376668399	0.80603891377715	1.31900022754231	74.0081760568497	4.62100508501442e-08
SNP.89	2.003e-35	0.240625	754814	3.62520871620538e-06	12.4212921374757	0.99983890556821	72.7650617572362	0.0410182	0.240625	517	0.00529276265360512	2.04334598966246	0.80956327661372	0.860852079946141	73.6259138371823	3.15298622795144e-08
SNP.9	4.921e-34	0.284848	753790	3.25617772203135e-06	12.1625310338521	0.999855301930693	69.5324475538262	0.0784704	0.284848	517	0.00474753231158609	1.75963095195579	0.825762852309111	0.404736213671202	69.9371837674974	7.88364317545299e-10
SNP.90	3.356e-34	0.286567	754694	3.24055753072205e-06	12.1937534990881	0.999855995961007	69.9102717839224	0.0701122	0.286567	517	0.00473042422648113	1.81118512498205	0.826281655139222	0.480103683099717	70.3903754670221	1.24035389174574e-09
SNP.91	1.007e-33	0.286567	745810	3.27915866653805e-06	12.1039084349628	0.999854280851985	68.8247107219938	0.0701122	0.286567	517	0.00473042422648113	1.81118512498205	0.826281655139222	0.480103683099717	69.3048144050935	4.18882710078689e-10
SNP.92	1.929e-35	0.23565	754563	3.67887290642761e-06	12.4243031331604	0.999836521267158	72.8096227880835	0.0300572	0.23565	517	0.0053693256806436	2.16933578906382	0.807339232309707	1.07626422661783	73.8858870147013	4.08909302078219e-08
SNP.93	1.07e-35	0.244012	755611	3.58711785963049e-06	12.4713483744681	0.999840597952636	73.3828284036439	0.0409939	0.244012	517	0.00524268029600243	2.04359169921413	0.811024737333766	0.860458357850253	74.2432867614942	5.84579697344897e-08
SNP.94	2.845e-35	0.234328	754166	3.69518429705423e-06	12.3931891540532	0.999835796553997	72.4257564197783	0.0204966	0.234328	517	0.00539029470130019	2.31713094096309	0.806732242917143	1.34387199303004	73.7696284128084	3.64029451198073e-08
SNP.95	2.044e-35	0.234328	754864	3.69176747145472e-06	12.4196711259297	0.999835948363069	72.7537984405616	0.0204966	0.234328	517	0.00539029470130019	2.31713094096309	0.806732242917143	1.34387199303004	74.0976704335916	5.05362905040665e-08
SNP.96	1.027e-35	0.223054	756735	3.81263589462957e-06	12.4746160773187	0.999830578224396	73.453281145548	0.0280133	0.223054	517	0.00558057064549808	2.19710007177167	0.801265767852451	1.12606114642703	74.5793422919751	8.18070610199983e-08
SNP.97	6.388e-35	0.231231	755744	3.72180295715512e-06	12.3281713081942	0.999834613892327	71.625722011288	0.0181151	0.231231	517	0.00544048405039118	2.36325704749363	0.805283113900992	1.43064228120008	73.0563642924881	1.78389730482356e-08
SNP.98	1.224e-35	0.23716	755455	3.65836055063778e-06	12.4606298954055	0.999837432630196	73.2588189677083	0.0137864	0.23716	517	0.00534569974812778	2.46278124785036	0.80802422648807	1.62525817888966	74.884077146598	1.10952082070124e-07
SNP.99	1.103e-33	0.248418	753448	3.55432624624305e-06	12.0964334552494	0.999842054895208	68.773664100722	0.162258	0.248418	517	0.0051798839488962	1.39751752630534	0.812864679690871	-0.0441768333560617	68.7294872673659	2.35630244267822e-10
