snp	pvalues.df1	MAF.df1	N.df1	V.df1	z.df1	r.df1	lABF.df1	pvalues.df2	MAF.df2	N.df2	V.df2	z.df2	r.df2	lABF.df2	internal.sum.lABF	SNP.PP.H4
SNP.1	4.74e-35	0.249201	754748	3.54074432074618e-06	12.3521954278317	0.999842658346036	71.8978171174551	2.42013e-06	0.249201	469	0.00569801640638494	4.71474554213566	0.797928466872772	8.06893957666789	79.966756694123	7.80921150986145e-13
SNP.10	4.599e-35	0.231629	749702	3.74729115007867e-06	12.3546242416474	0.999833481459706	71.9554597017567	1.56639e-06	0.231629	469	0.0059900888481797	4.80257387472323	0.789748326862012	8.32793535389956	80.2833950556563	1.07181906767471e-12
SNP.100	2.73e-35	0.240323	754614	3.62928297550661e-06	12.3964968172859	0.999838724548389	72.4579764308529	3.86343e-06	0.240323	469	0.00583946213918751	4.61859719792592	0.793945907988396	7.67819649915314	80.1361729300061	9.25089437087314e-13
SNP.101	4.775e-34	0.29393	754033	3.19512591250188e-06	12.1649906534422	0.999858014566615	69.5530997564631	1.87814e-06	0.29393	469	0.00513695176371328	4.76611294838923	0.814127411458669	8.40544408794643	77.9585438444095	1.04821754975161e-13
SNP.102	9.043e-36	0.24359	753570	3.60105443623152e-06	12.4847472920404	0.999839978747067	73.5518843431629	4.78319e-06	0.24359	469	0.00578602684757139	4.57407915283855	0.795445755646372	7.52777659019066	81.0796609333536	2.37648652260922e-12
SNP.103	2.744e-34	0.294872	754604	3.18676035337966e-06	12.2101449131712	0.999858386263807	70.1020592843465	1.54088e-06	0.294872	469	0.00512738189701856	4.80585961063792	0.814409417579598	8.56281055732922	78.6648698416757	2.12424649150973e-13
SNP.104	1.831e-35	0.240385	754570	3.62885465018048e-06	12.4284723389084	0.99983874357893	72.8547505565349	2.98906e-06	0.240385	469	0.00583843252321254	4.67157013569264	0.793974754304771	7.87380255202126	80.7285531085561	1.6728275211605e-12
SNP.105	4.997e-34	0.293269	753942	3.19971846182503e-06	12.1612792243286	0.999857810511312	69.5086665258196	1.51535e-06	0.293269	469	0.00514371457685562	4.80920070312589	0.813928241714587	8.57162217220789	78.0802886980275	1.18392596342395e-13
SNP.106	3.732e-35	0.240385	755662	3.62361062669114e-06	12.3714125266185	0.999838976571534	72.1466211426736	3.54587e-06	0.240385	469	0.00583843252321254	4.63636651465022	0.793974754304771	7.74372047760192	79.8903416202755	7.23470022962394e-13
SNP.107	5.339e-34	0.242812	743259	3.65894565275278e-06	12.1558705626529	0.999837406634113	69.5084526673128	2.88245e-06	0.242812	469	0.0057986018910861	4.67902307892456	0.795092283590426	7.9109820584637	77.4194347257765	6.11391379864404e-14
SNP.108	4.076e-34	0.294408	754815	3.18879225964625e-06	12.1779086210743	0.999858295982446	69.7093367058203	4.32285e-06	0.294408	469	0.00513208577711064	4.59522382307696	0.814270778597472	7.75537152664827	77.4647082324686	6.39707356964505e-14
SNP.109	2.446e-36	0.277244	742838	3.35909302019056e-06	12.5883937695757	0.99985072926196	74.8171271233338	0.00017714	0.277244	469	0.00532038793375759	3.74956723542802	0.808759390903325	4.85816557885789	79.6752927021917	5.83480010822995e-13
SNP.11	1.764e-40	0.201278	753596	4.12704747259127e-06	13.3202988392613	0.9998166093062	84.3969651740602	9.38716e-13	0.201278	469	0.00663139971674817	7.13920594835004	0.772362475499739	18.9429859802376	103.339951154298	0.0110523992373178
SNP.110	2.758e-36	0.253994	742633	3.55328450853297e-06	12.5789126181544	0.99984210118004	74.7252511829896	2.35133e-06	0.253994	469	0.00562641009472359	4.72061467461058	0.799959892649824	8.1086155844008	82.8338667673903	1.3733374702263e-11
SNP.111	3.864e-35	0.244409	754931	3.58640040237323e-06	12.3686206311901	0.999840629829461	72.1070572410698	4.10895e-06	0.244409	469	0.00577288878926231	4.60579400134114	0.795815389354385	7.64658520219474	79.7536424432645	6.31034120542913e-13
SNP.112	7.887e-36	0.246795	756131	3.55732389459882e-06	12.4956290135363	0.999841921708493	73.6818209250089	4.47201e-06	0.246795	469	0.00573518736406588	4.58814546229957	0.796878012881016	7.59059663556052	81.2724175605694	2.88169820003985e-12
SNP.113	1.678e-35	0.241722	752689	3.6241803412906e-06	12.4354467571881	0.99983895125904	72.9408139597632	5.80524e-06	0.241722	469	0.00581637670982022	4.53336126740321	0.794593186500338	7.37360565004152	80.3144196098048	1.10559297765652e-12
SNP.114	1.476e-34	0.250804	753790	3.53012207548449e-06	12.2604925399136	0.999843130297498	70.7680008503264	2.66001e-06	0.250804	469	0.00567371155496686	4.69546493347596	0.7986168224979	8.00243573404519	78.7704365843716	2.36076068194048e-13
SNP.115	4.179e-35	0.246753	755062	3.56276796049911e-06	12.3623235587327	0.999841679826557	72.0259785027842	8.44154e-06	0.246753	469	0.00573584371383877	4.45366850572285	0.79685948923752	7.10599030779074	79.131968810575	3.3889363671653e-13
SNP.116	2.292e-35	0.245192	754835	3.57911114008752e-06	12.4105058932034	0.999840953693525	72.6249224731198	4.25835e-06	0.245192	469	0.00576042293694661	4.59835741453947	0.796166428584632	7.62220041779934	80.2471228909191	1.03363850176525e-12
SNP.117	2.489e-35	0.245192	754834	3.57911588167459e-06	12.4039024155308	0.999840953482855	72.5430054543676	4.25835e-06	0.245192	469	0.00576042293694661	4.59835741453947	0.796166428584632	7.62220041779934	80.165205872167	9.52341190286825e-13
SNP.118	1.246e-32	0.29902	727897	3.2771340820383e-06	11.8957025808459	0.999854370807305	66.3263426455029	4.8049e-06	0.29902	469	0.00508617498275785	4.5731307877683	0.815625943577286	7.68341252841406	74.009755173917	2.02075795340581e-15
SNP.119	1.472e-32	0.298046	708300	3.37412223440968e-06	11.8817794501672	0.99985006149673	66.175114877876	4.76449e-06	0.298046	469	0.00509571594591125	4.57489934198195	0.815343948462904	7.6878235627812	73.8629384406572	1.74482791061494e-15
SNP.12	1.817e-40	0.201278	753644	4.1267846186726e-06	13.3180885922932	0.999816620984312	84.3675010605507	9.38716e-13	0.201278	469	0.00663139971674817	7.13920594835004	0.772362475499739	18.9429859802376	103.310487040788	0.0107315008005215
SNP.120	1.965e-40	0.198387	753114	4.17475815362221e-06	13.3122402938458	0.999814489613661	84.2952332969775	2.84304e-12	0.198387	469	0.00670377145438601	6.98527230792747	0.770448434550422	18.0608279180658	102.356061215043	0.00413198363496821
SNP.121	3.369e-35	0.244409	755077	3.58570694401236e-06	12.3796281694652	0.999840660640011	72.2431498695478	4.10895e-06	0.244409	469	0.00577288878926231	4.60579400134114	0.795815389354385	7.64658520219474	79.8897350717426	7.23031336337131e-13
SNP.122	6.287e-35	0.241987	750735	3.63090303803155e-06	12.3294556471052	0.999838652568838	71.6294993433996	2.00331e-06	0.241987	469	0.0058120383630205	4.75309011830884	0.794714944628931	8.18536876274398	79.8148681061435	6.70876856462551e-13
SNP.123	9.75e-36	0.244373	753581	3.59318332988829e-06	12.4787543709867	0.999840328462188	73.4760274840766	8.17974e-06	0.244373	469	0.00577346415121653	4.4604246878149	0.795799194596814	7.12204131619628	80.5980688002729	1.46819097378595e-12
SNP.13	8.346e-34	0.282051	752747	3.28019552822935e-06	12.1193088300251	0.999854234782675	69.0113617671552	2.40264e-06	0.282051	469	0.00526472781084874	4.71622223095397	0.810380715895525	8.18118020554414	77.1925419726993	4.87282753500578e-14
SNP.14	2.219e-35	0.236156	756200	3.665470052303e-06	12.4130971374048	0.999837116755171	72.6687028889141	2.66385e-06	0.236156	469	0.00591008199051499	4.69517007025658	0.791972371199487	7.94432358560192	80.613026474516	1.49031675872126e-12
SNP.15	2.273e-40	0.201923	751175	4.13045879217461e-06	13.3013586737567	0.999816457747624	84.1453017432085	1.14004e-12	0.201923	469	0.0066155594524771	7.11244617879959	0.772782677822999	18.8054122316689	102.950713974877	0.00748881332594802
SNP.16	1.057e-40	0.202875	754763	4.09641963823815e-06	13.3584803643015	0.999817970045904	84.9025876395476	8.52801e-13	0.202875	469	0.00659237947849795	7.15238962090536	0.773398408907379	19.0399654558305	103.942553095378	0.0201912526002099
SNP.17	9.448e-41	0.204473	754694	4.07294189130623e-06	13.3668318882878	0.999819013122566	85.0113856887245	1.40124e-12	0.204473	469	0.00655399745781975	7.08392872233241	0.77442011319321	18.6864524684188	103.697838157143	0.0158082907400047
SNP.18	3.372e-40	0.202875	753311	4.10431544928395e-06	13.2718395878137	0.999817619248838	83.7500935837743	8.52801e-13	0.202875	469	0.00659237947849795	7.15238962090536	0.773398408907379	19.0399654558305	102.790059039605	0.00637736763137223
SNP.19	2.883e-42	0.200321	747937	4.17313866229259e-06	13.6240082760905	0.999814561564356	88.4931969983807	1.1036e-12	0.200321	469	0.00665510620822843	7.11692687296883	0.771734454997452	18.8058023308868	107.298999329268	0.579227723401213
SNP.2	1.588e-40	0.201923	751270	4.12993648516747e-06	13.328143671706	0.999816480952749	84.5018107107769	9.66115e-13	0.201923	469	0.0066155594524771	7.13524986187886	0.772782677822999	18.9309507564767	103.432761467254	0.0121272846388942
SNP.20	2.915e-35	0.242812	756448	3.59515034334069e-06	12.391240231486	0.999840241067291	72.3882300427849	2.88245e-06	0.242812	469	0.0057986018910861	4.67902307892456	0.795092283590426	7.9109820584637	80.2992121012486	1.08890686169443e-12
SNP.21	8.657e-39	0.201278	744981	4.1747728695831e-06	13.0264247044924	0.999814488959861	80.531932735221	9.38716e-13	0.201278	469	0.00663139971674817	7.13920594835004	0.772362475499739	18.9429859802376	99.4749187154586	0.000231683072303408
SNP.22	2.019e-40	0.201278	750286	4.14525456579876e-06	13.3102149650257	0.999815800399486	84.2648493376852	8.37826e-13	0.201278	469	0.00663139971674817	7.15482030321972	0.772362475499739	19.0291785424388	103.294027880124	0.01055631496544
SNP.23	1.256e-34	0.249196	739862	3.6120324024654e-06	12.2735643095726	0.999839490993834	70.9395206098051	2.29708e-06	0.249196	469	0.00569809278753274	4.72536004072094	0.797926305496376	8.10889780304402	79.0484184128491	3.11729524890093e-13
SNP.24	6.937e-36	0.242718	749736	3.62829023987327e-06	12.505831648888	0.999838768655744	73.8189695088364	9.89404e-06	0.242718	469	0.00580012752938514	4.41947623585439	0.795049420771598	6.97186808887039	80.7908375977068	1.78033190481302e-12
SNP.25	1.723e-39	0.209265	747148	4.04422962411898e-06	13.149061374345	0.999820288763084	82.1212920557467	2.54998e-12	0.209265	469	0.00644272510703891	7.00052891351722	0.77739742601252	18.2979316396324	100.419223695379	0.000595663166251691
SNP.26	2.095e-40	0.202875	753251	4.1046423773955e-06	13.3074539392532	0.999817604723999	84.2233479453384	8.52801e-13	0.202875	469	0.00659237947849795	7.15238962090536	0.773398408907379	19.0399654558305	103.263313401169	0.010237011965811
SNP.27	2.13e-35	0.257475	754400	3.46674723096857e-06	12.416373411903	0.999845946081557	72.6821854398585	3.50635e-06	0.257475	469	0.00557636271011234	4.63868381509486	0.80138585728899	7.81366936981429	80.4958548096728	1.32553615419360e-12
SNP.28	1.42e-35	0.234824	748150	3.71943953258594e-06	12.4487795061675	0.999834718898688	73.1193171713305	1.16093e-06	0.234824	469	0.00593325945907073	4.8621918856717	0.791326792216292	8.57034978629627	81.6896669576267	4.37378676379824e-12
SNP.29	8.2e-41	0.205128	754443	4.06463382023041e-06	13.3773679735528	0.99981938223666	85.1512620344396	2.08632e-12	0.205128	469	0.0065384531625503	7.02858935405552	0.774834660580934	18.3933698449704	103.54463187941	0.0135627661498038
SNP.3	1.692e-40	0.201923	753196	4.11937581082714e-06	13.3234096483315	0.999816950144014	84.4374994391181	1.28995e-12	0.201923	469	0.0066155594524771	7.09538165426512	0.772782677822999	18.7117317185351	103.149231157653	0.00913330418502328
SNP.30	9.78e-36	0.245192	756004	3.57357680306977e-06	12.4785097257423	0.999841199585885	73.4703076263185	5.1035e-06	0.245192	469	0.00576042293694661	4.5604875018458	0.796166428584632	7.48412738173803	80.9544350080565	2.09676822873583e-12
SNP.31	1.05e-35	0.247604	755211	3.5538374771296e-06	12.4728516860568	0.999842076611419	73.3970300977114	3.64308e-06	0.247604	469	0.0057225952130928	4.63077021520554	0.797233558080512	7.75010103143921	81.1471311291506	2.54236141922905e-12
SNP.32	1.598e-40	0.198718	752730	4.1716530799498e-06	13.3276752767483	0.999814627565757	84.5004287739305	3.84988e-13	0.198718	469	0.00669536977157913	7.26073659739916	0.770670149959981	19.577911558323	104.078340332254	0.0231278312399074
SNP.33	1.184e-35	0.23871	755930	3.63971757091095e-06	12.4632792156582	0.999838260938382	73.2893395442567	1.98782e-06	0.23871	469	0.00586646418630856	4.7546586407298	0.793190150602552	8.17775938156902	81.4670989258258	3.50104375033226e-12
SNP.34	3.057e-40	0.20607	753019	4.05851435184142e-06	13.2791858005337	0.999819654114868	83.8421699731723	1.76413e-12	0.20607	469	0.00651628660705603	7.05196151613615	0.775426583859582	18.5342682144746	102.376438187647	0.00421704465206433
SNP.35	1.695e-35	0.250799	754787	3.52550588453255e-06	12.4346412779499	0.99984333539722	72.9173384285375	2.68498e-06	0.250799	469	0.00567378680185217	4.69355481707106	0.79861468954258	7.99525629063248	80.91259471917	2.01084882065891e-12
SNP.36	6.297e-35	0.241987	748526	3.64161831687425e-06	12.3293275738881	0.999838176488115	71.6293575038073	5.11289e-06	0.241987	469	0.0058120383630205	4.56010150691863	0.794714944628931	7.47118231549578	79.1005398193031	3.28408188197857e-13
SNP.37	1.434e-36	0.248397	751245	3.56495094793065e-06	12.6304804461809	0.999841582835622	75.3767427201545	1.6607e-06	0.248397	469	0.0057103445093351	4.79085755212286	0.797579766973584	8.35444676667279	83.7311894868273	3.36883371700854e-11
SNP.38	1.858e-36	0.252396	750369	3.53135221786464e-06	12.6100818317232	0.999843075641659	75.1147319722068	2.07476e-06	0.252396	469	0.00564993013297841	4.74600264436799	0.799291504231502	8.19888632241539	83.3136182946222	2.21886413539066e-11
SNP.39	3.539e-36	0.247508	746168	3.59784340002616e-06	12.5591983918768	0.999840121414137	74.4835750870808	1.9957e-06	0.247508	469	0.00572408446505484	4.75385924791567	0.797191491821745	8.21018958453066	82.6937646716114	1.19380035152423e-11
SNP.4	2.144e-40	0.201278	752736	4.1317626195039e-06	13.3057261284166	0.999816399821016	84.2035463463826	9.38716e-13	0.201278	469	0.00663139971674817	7.13920594835004	0.772362475499739	18.9429859802376	103.14653232662	0.00910868817242463
SNP.40	1.258e-40	0.203526	748365	4.12159235515233e-06	13.3455139199093	0.999816851667005	84.7324541977978	3.68091e-12	0.203526	469	0.00657666409992233	6.94892084219925	0.773816415895526	17.9396262831251	102.672080480923	0.00566766296093463
SNP.41	9.471e-36	0.250799	755006	3.52448326247562e-06	12.4810660749909	0.999843380832851	73.4954596581756	2.68498e-06	0.250799	469	0.00567378680185217	4.69355481707106	0.79861468954258	7.99525629063248	81.4907159488081	3.58471209071009e-12
SNP.42	3.969e-40	0.201278	752973	4.1304621376263e-06	13.259620342945	0.999816457598992	83.5910984090736	9.38716e-13	0.201278	469	0.00663139971674817	7.13920594835004	0.772362475499739	18.9429859802376	102.534084389311	0.00493711308664332
SNP.43	9.218e-41	0.200321	752102	4.15002860205016e-06	13.3686653550227	0.999815588298302	85.0449576504379	1.1036e-12	0.200321	469	0.00665510620822843	7.11692687296883	0.771734454997452	18.8058023308868	103.850759981325	0.0184203559910173
SNP.44	5.117e-35	0.229032	750335	3.77382955500151e-06	12.3460379902706	0.999832302369212	71.8528723934652	2.25773e-06	0.229032	469	0.00603760426258435	4.72886989235268	0.788433387504071	8.0389489833634	79.8918213768286	7.24541374944364e-13
SNP.45	1.195e-35	0.246006	755506	3.56794784311309e-06	12.4625418898436	0.999841449682496	73.2704432834913	5.3805e-06	0.246006	469	0.00574756077432623	4.54937689311645	0.79652895270341	7.44669642916427	80.7171397126556	1.6538434209945e-12
SNP.46	3.013e-35	0.234824	752501	3.69793353936297e-06	12.3885884685104	0.999835674405589	72.3691216279519	1.16093e-06	0.234824	469	0.00593325945907073	4.8621918856717	0.791326792216292	8.57034978629627	80.9394714142481	2.06562661693764e-12
SNP.47	7.675e-41	0.203526	755148	4.08457078991612e-06	13.3822859958267	0.99981849646996	85.2194191771174	9.56276e-13	0.203526	469	0.00657666409992233	7.13665767608128	0.773816415895526	18.9627593507623	104.18217852788	0.0256585000715807
SNP.48	1.775e-35	0.245192	755088	3.57791192209115e-06	12.4309554672907	0.999841006975153	72.8787173130363	9.02868e-06	0.245192	469	0.00576042293694661	4.43921687797966	0.796166428584632	7.04965945530756	79.9283767683439	7.51517322820354e-13
SNP.49	8.217e-41	0.201299	754978	4.11917138815433e-06	13.3772140081202	0.999816959226141	85.1556489386046	5.44212e-13	0.201299	469	0.00663088225220891	7.21377613077033	0.772376195310524	19.356644337213	104.512293275818	0.0356942514305101
SNP.5	3.845e-36	0.236246	755662	3.6671144057226e-06	12.5526347072786	0.999837043696608	74.4104664105668	1.24536e-06	0.236246	469	0.00590852666536706	4.84828086057439	0.792015730524661	8.52334607665919	82.933812487226	1.5176902500856e-11
SNP.50	7.818e-36	0.246006	756172	3.56480536592072e-06	12.4963277856794	0.999841589303883	73.6915757209073	5.3805e-06	0.246006	469	0.00574756077432623	4.54937689311645	0.79652895270341	7.44669642916427	81.1382721500716	2.51993816283508e-12
SNP.51	1.519e-40	0.201278	752203	4.1346903258228e-06	13.3314578422828	0.999816269748528	84.5465361661954	9.38716e-13	0.201278	469	0.00663139971674817	7.13920594835004	0.772362475499739	18.9429859802376	103.489522146433	0.0128355481657622
SNP.52	2.59e-36	0.253205	742377	3.56181876081747e-06	12.583876945464	0.999841721999855	74.7888687270964	1.72073e-06	0.253205	469	0.00563797937355947	4.78372858555687	0.799630979228831	8.34560407118076	83.1344727982772	1.85493548759226e-11
SNP.53	4.148e-41	0.201613	753609	4.12184768463995e-06	13.4279382291881	0.999816840323184	85.8356737089395	2.45018e-12	0.201613	469	0.00662315887371819	7.00611987987692	0.772581027269842	18.2208657234691	104.056539432409	0.0226290800732161
SNP.54	2.777e-35	0.239617	755717	3.63128877569343e-06	12.3951285640409	0.999838635430474	72.4412879239438	3.39165e-06	0.239617	469	0.00585122955160067	4.64555402346524	0.793616374169905	7.77457651950177	80.2158644434455	1.00182832539116e-12
SNP.55	3.719e-35	0.242812	756135	3.59663854592021e-06	12.3716927745637	0.99984017494609	72.1464443630419	2.88245e-06	0.242812	469	0.0057986018910861	4.67902307892456	0.795092283590426	7.9109820584637	80.0574264215056	8.5503629051344e-13
SNP.56	3.821e-35	0.241158	756122	3.61347535024769e-06	12.3695195663697	0.999839426883411	72.1218423233732	3.3872e-06	0.241158	469	0.00582564650059698	4.64582503346082	0.794333149625581	7.78157149979187	79.9034138231651	7.32989454297667e-13
SNP.57	8.845e-35	0.242812	747439	3.63848325671979e-06	12.3019167195574	0.999838315779049	71.2914103832661	2.88245e-06	0.242812	469	0.0057986018910861	4.67902307892456	0.795092283590426	7.9109820584637	79.2023924417298	3.63620206177684e-13
SNP.58	9.905e-35	0.242812	747644	3.63748560400322e-06	12.2927722038319	0.999838360104835	71.1788415604887	2.88245e-06	0.242812	469	0.0057986018910861	4.67902307892456	0.795092283590426	7.9109820584637	79.0898236189524	3.24907689776332e-13
SNP.59	3.056e-34	0.265176	750922	3.41709952897482e-06	12.2013800855971	0.999848151971149	70.0292197357521	3.6314e-06	0.265176	469	0.00547116249999325	4.63143500398467	0.804399888635498	7.81142382647372	77.8406435622258	9.31639695189778e-14
SNP.6	2.504e-40	0.201278	753013	4.13024272775489e-06	13.2941205574653	0.999816467346962	84.0490435208725	9.38716e-13	0.201278	469	0.00663139971674817	7.13920594835004	0.772362475499739	18.9429859802376	102.99202950111	0.00780469813020957
SNP.60	3.622e-35	0.239482	755741	3.63257547515018e-06	12.3738151067489	0.999838578262289	72.1775473374396	2.21275e-06	0.239482	469	0.00585348874662148	4.73295459611857	0.793553139124053	8.0992799561489	80.2768272935886	1.06480268125813e-12
SNP.61	1.001e-38	0.2	745134	4.19387653764289e-06	13.0153367784517	0.999813640223655	80.3897954136074	4.1734e-13	0.2	469	0.00666311300639659	7.24981541305416	0.771522573569731	19.5373862236722	99.9271816372796	0.000364174552273867
SNP.62	2.199e-35	0.238255	755147	3.64826911999197e-06	12.413821857604	0.999837880992612	72.675405106183	1.3415e-05	0.238255	469	0.00587415667623577	4.35322392710704	0.792975109594867	6.7262025005953	79.4016076067783	4.43778293320973e-13
SNP.63	1.279e-40	0.201278	751533	4.13837644807998e-06	13.3442801954867	0.999816105981093	84.7179585057141	9.38716e-13	0.201278	469	0.00663139971674817	7.13920594835004	0.772362475499739	18.9429859802376	103.660944485952	0.0152356924337001
SNP.64	1.259e-40	0.200658	751001	4.15088189919611e-06	13.3454547082379	0.999815550387972	84.7350882210964	6.0025e-12	0.200658	469	0.00664673018588098	6.87959015631867	0.771956231677036	17.5287570361985	102.263845257295	0.00376798973683961
SNP.65	2.443e-40	0.201278	748707	4.15399677998855e-06	13.2959652628246	0.99981541199991	84.0763380318427	8.37826e-13	0.201278	469	0.00663139971674817	7.15482030321972	0.772362475499739	19.0291785424388	103.105516574282	0.00874264652529154
SNP.66	1.252e-35	0.246006	754183	3.5742067948482e-06	12.4588260739904	0.999841171595143	73.2250036354481	5.3805e-06	0.246006	469	0.00574756077432623	4.54937689311645	0.79652895270341	7.44669642916427	80.6717000646124	1.58037518420169e-12
SNP.67	1.015e-35	0.241214	756584	3.61069688863095e-06	12.475552280018	0.999839550330955	73.4384510737054	4.43029e-06	0.241214	469	0.00582472386948392	4.59010221640336	0.794359023716405	7.57737863783298	81.0158297115384	2.22953250422044e-12
SNP.68	6.032e-36	0.245192	756117	3.57304273998331e-06	12.5169346843861	0.999841223314484	73.9503829665665	4.74322e-06	0.245192	469	0.00576042293694661	4.57583600882008	0.796166428584632	7.53995016298764	81.4903331295541	3.58334005653918e-12
SNP.69	3.139e-36	0.258786	741230	3.51667816188147e-06	12.5686853908343	0.99984372761768	74.5916278916462	1.14747e-06	0.258786	469	0.00555792612778551	4.86449915083081	0.801912439911888	8.67844510308335	83.2700729947295	2.12431652283771e-11
SNP.7	1.927e-40	0.207668	752921	4.03593178707471e-06	13.3136989834008	0.999820657423437	84.2982892908923	2.42865e-13	0.207668	469	0.00647918506834985	7.32279149881645	0.776419348816464	20.0680827212502	104.366372012142	0.0308478910870437
SNP.70	1.324e-36	0.251613	754118	3.52104346739972e-06	12.6367588814193	0.999843533664772	75.4500098001744	1.17772e-06	0.251613	469	0.00566158263869625	4.85934961633215	0.798960778897533	8.63091413869277	84.0809239388672	4.77933329368298e-11
SNP.71	3.613e-35	0.239617	755214	3.63370734613065e-06	12.3740148791707	0.999838527973154	72.1801708004763	3.39165e-06	0.239617	469	0.00585122955160067	4.64555402346524	0.793616374169905	7.77457651950177	79.9547473199781	7.71598866151494e-13
SNP.72	1.478e-35	0.240385	753947	3.6318532382073e-06	12.4455836493815	0.999838610351347	73.0679326901094	3.98329e-06	0.240385	469	0.00583843252321254	4.6122523442202	0.793974754304771	7.65518325253656	80.7231159426459	1.66375676234546e-12
SNP.73	5.926e-34	0.285942	754841	3.24416611166669e-06	12.1473434149631	0.999855835625845	69.3460615095187	2.60343e-06	0.285942	469	0.00522138505734881	4.69985757185904	0.811647756901503	8.12938543839255	77.4754469479112	6.46614010156358e-14
SNP.74	5.218e-35	0.244409	752966	3.59575975829456e-06	12.3444649115046	0.999840213990836	71.8098948748372	3.6767e-06	0.244409	469	0.00577288878926231	4.62886801473124	0.795815389354385	7.73137165828531	79.5412665331225	5.10292466306814e-13
SNP.75	4.466e-34	0.285942	753457	3.25012521205138e-06	12.1704524657936	0.999855570853367	69.627899442045	1.00769e-05	0.285942	469	0.00522138505734881	4.41551669903745	0.811647756901503	7.07754129179406	76.7054407338391	2.99388876425662e-14
SNP.76	4.339e-40	0.199675	747352	4.18653500514487e-06	13.2529343818624	0.999813966392492	83.5090057609519	1.48436e-12	0.199675	469	0.00667124799395528	7.0759428779956	0.771307419026513	18.5715947820836	102.080600543036	0.0031370940783898
SNP.77	1.74e-40	0.201923	752984	4.1205356066155e-06	13.3213215182909	0.999816898616407	84.409821855243	6.55458e-13	0.201923	469	0.0066155594524771	7.18841911057819	0.772782677822999	19.2252181769662	103.635040032209	0.0148460881730403
SNP.78	1.992e-40	0.199029	752466	4.16821363480681e-06	13.311220804384	0.999814780373341	84.2809061154851	6.6382e-12	0.199029	469	0.00668750328556192	6.8652347511802	0.770877857549741	17.4295448792663	101.710450994751	0.00216657454664862
SNP.79	6.02e-36	0.243421	756488	3.58885272128283e-06	12.5170927809742	0.999840520872259	73.954513686905	1.81749e-06	0.243421	469	0.00578875057018722	4.77272597749354	0.795369167831405	8.26554876938195	82.2200624562869	7.43370708390641e-12
SNP.8	3.308e-40	0.201278	753048	4.13005076323805e-06	13.273275278548	0.999816475875587	83.7721694694687	9.38716e-13	0.201278	469	0.00663139971674817	7.13920594835004	0.772362475499739	18.9429859802376	102.715155449706	0.00591713172369968
SNP.80	2.571e-35	0.264423	742847	3.46053511961364e-06	12.4013056087052	0.999846222090411	72.4943648938516	7.22444e-06	0.264423	469	0.00548112608102268	4.48696658502487	0.804113456150713	7.27944566860644	79.7738105624581	6.43890096565284e-13
SNP.81	2.81e-41	0.194805	750001	4.2501767664807e-06	13.4567517591474	0.999811138930064	86.2377346323511	2.17363e-12	0.194805	469	0.0067966670043439	7.02286578163659	0.768005452520038	18.2087409701452	104.446475602496	0.0334205833503851
SNP.82	2.04e-36	0.247604	753395	3.56240372572226e-06	12.6027147861164	0.999841696009645	75.0261417118439	1.7484e-06	0.247604	469	0.0057225952130928	4.78052271686747	0.797233558080512	8.31189743288146	83.3380391447253	2.27371774361591e-11
SNP.83	8.853e-36	0.250799	755507	3.52214606888972e-06	12.4864373134875	0.999843484675598	73.5621788356796	2.68498e-06	0.250799	469	0.00567378680185217	4.69355481707106	0.79861468954258	7.99525629063248	81.5574351263121	3.8320401549592e-12
SNP.84	7.812e-34	0.29393	753602	3.196953268677e-06	12.124727092797	0.999857933373853	69.0644537944869	1.87814e-06	0.29393	469	0.00513695176371328	4.76611294838923	0.814127411458669	8.40544408794643	77.4698978824333	6.43035843596923e-14
SNP.85	1.524e-35	0.244409	755070	3.58574018589538e-06	12.4431364009181	0.999840659163064	73.0312537333421	3.79726e-06	0.244409	469	0.00577288878926231	4.62218125490697	0.795815389354385	7.70675726950427	80.7380110028463	1.68872400214254e-12
SNP.86	5.477e-34	0.285942	753421	3.25028050969723e-06	12.1537849880503	0.999855563953243	69.4252402537306	2.60343e-06	0.285942	469	0.00522138505734881	4.69985757185904	0.811647756901503	8.12938543839255	77.5546256921231	6.99893567246556e-14
SNP.87	8.321e-36	0.241214	756785	3.60973789753755e-06	12.4913684123061	0.999839592939107	73.6357299839802	4.43029e-06	0.241214	469	0.00582472386948392	4.59010221640336	0.794359023716405	7.57737863783298	81.2131086218132	2.71575726755948e-12
SNP.88	2.186e-35	0.244409	754957	3.58627689015934e-06	12.4142964463408	0.999840635317143	72.6729402146062	4.03662e-06	0.244409	469	0.00577288878926231	4.6094879126355	0.795815389354385	7.66013015279071	80.3330703673969	1.12640661600696e-12
SNP.89	2.003e-35	0.244966	754814	3.581440480549e-06	12.4212921374757	0.999840850200222	72.7591393592944	2.06813e-06	0.244966	469	0.00576401154559725	4.74665035764756	0.796065341386576	8.17297274243695	80.9321121017314	2.05048082478681e-12
SNP.9	4.921e-34	0.293548	753790	3.19858464382381e-06	12.1625310338521	0.999857860888896	69.5237152949866	2.29553e-06	0.293548	469	0.00514085526368432	4.72549719807087	0.814012438665797	8.24754291266412	77.7712582076507	8.69189173171224e-14
SNP.90	3.356e-34	0.29393	754694	3.19232745613656e-06	12.1937534990881	0.999858138907152	69.9029346045602	1.87814e-06	0.29393	469	0.00513695176371328	4.76611294838923	0.814127411458669	8.40544408794643	78.3083786925067	1.48724586694991e-13
SNP.91	1.007e-33	0.293269	745810	3.23460685234213e-06	12.1039084349628	0.999856260359506	68.8180169682507	2.02851e-06	0.293269	469	0.00514371457685562	4.75056308232768	0.813928241714587	8.34349363054966	77.1615105988003	4.72393905628885e-14
SNP.92	1.929e-35	0.247573	754563	3.55718824044972e-06	12.4243031331604	0.99984192773566	72.7932247633604	5.13049e-06	0.247573	469	0.00572307597074299	4.55937984839361	0.797219977840979	7.48846560636738	80.2816903697277	1.0699935092361e-12
SNP.93	1.07e-35	0.251603	755611	3.51417900367474e-06	12.4713483744681	0.999843838656677	73.372810481525	2.33416e-06	0.251603	469	0.00566173200670719	4.72210510077207	0.798956541261072	8.1055598764823	81.4783703580073	3.54072876083276e-12
SNP.94	2.845e-35	0.24359	754166	3.59820860594482e-06	12.3931891540532	0.999840105187953	72.4127922992297	2.77744e-06	0.24359	469	0.00578602684757139	4.68662736451662	0.795445755646372	7.94231358345521	80.3551058826849	1.15150305723595e-12
SNP.95	2.044e-35	0.246006	754864	3.57098232682841e-06	12.4196711259297	0.999841314859333	72.7375827038156	5.3805e-06	0.246006	469	0.00574756077432623	4.54937689311645	0.79652895270341	7.44669642916427	80.1842791329799	9.70679774547329e-13
SNP.96	1.027e-35	0.240385	756735	3.61847258734786e-06	12.4746160773187	0.999839204855354	73.4278222875814	4.43191e-06	0.240385	469	0.00583843252321254	4.59002590623012	0.793974754304771	7.57398588917664	81.001808176758	2.19848918277457e-12
SNP.97	6.388e-35	0.241158	755744	3.6152826999354e-06	12.3281713081942	0.999839346582559	71.6115649430092	3.52074e-06	0.241158	469	0.00582564650059698	4.63783715513849	0.794333149625581	7.75211891185538	79.3636838548646	4.27263682662881e-13
SNP.98	1.224e-35	0.248377	755455	3.54527530841372e-06	12.4606298954055	0.999842457032213	73.2435118969427	1.48269e-05	0.248377	469	0.00571065236272428	4.33124439268286	0.797571063253044	6.68240496820901	79.9259168651517	7.49670934857876e-13
SNP.99	1.103e-33	0.260274	753448	3.44679178964324e-06	12.0964334552494	0.999846832717604	68.7586552242963	4.41559e-06	0.260274	469	0.00553726733544376	4.59079588506153	0.802503315704961	7.64552520022684	76.4041804245231	2.21513383347328e-14
