snp	pvalues.df1	MAF.df1	N.df1	V.df1	z.df1	r.df1	lABF.df1	pvalues.df2	MAF.df2	N.df2	V.df2	z.df2	r.df2	lABF.df2	internal.sum.lABF	SNP.PP.H4
SNP.1	4.74e-35	0.235821	754748	3.67612658749592e-06	12.3521954278317	0.999836643285887	71.9161165678155	8.66127e-05	0.235821	517	0.00536663286201039	3.92532505187123	0.807417247408942	5.3967991677056	77.312915735521	9.86061818822724e-09
SNP.10	4.599e-35	0.213433	749702	3.97268420997459e-06	12.3546242416474	0.999823467426586	71.9838948245328	1.08497e-05	0.213433	517	0.00576079167811677	4.39950715570637	0.796156040363953	6.90986385039911	78.8937586749319	4.79132365131683e-08
SNP.100	2.73e-35	0.231231	754614	3.72737618709995e-06	12.3964968172859	0.999834366275205	72.4709741014512	9.55199e-05	0.231231	517	0.00544048405039118	3.90169897098352	0.805283113900992	5.3114107179765	77.7823848194277	1.57685578388212e-08
SNP.101	4.775e-34	0.285928	754033	3.2477378060156e-06	12.1649906534422	0.999855676929666	69.5610917165433	6.60563e-06	0.285928	517	0.00473675334832371	4.5060153852935	0.826089648507419	7.51192658403583	77.0730183005792	7.75743259492287e-09
SNP.102	9.043e-36	0.232036	753570	3.72348982582654e-06	12.4847472920404	0.999834538945188	73.5681750009177	0.000152476	0.232036	517	0.00542729251073135	3.78700179354398	0.805663491774369	4.95808216283175	78.5262571637495	3.31781090158648e-08
SNP.103	2.744e-34	0.287425	754604	3.23516011606594e-06	12.2101449131712	0.999856235777076	70.1094346954995	6.99521e-06	0.287425	517	0.00472198213582945	4.49383419974327	0.826537901896042	7.46988068465072	77.5793153801502	1.28706369037334e-08
SNP.104	1.831e-35	0.223054	754570	3.82357504767285e-06	12.4284723389084	0.999830092204779	72.8802124476474	7.01094e-06	0.223054	517	0.00558057064549808	4.49335610720445	0.801265767852451	7.2809842947356	80.161196742383	1.70175434074766e-07
SNP.105	4.997e-34	0.286567	753942	3.24378974124103e-06	12.1612792243286	0.999855852348597	69.5153604908027	6.38645e-06	0.286567	517	0.00473042422648113	4.51317427994791	0.826281655139222	7.5399989604785	77.0553594512812	7.621647692873e-09
SNP.106	3.732e-35	0.223881	755662	3.80799936621922e-06	12.3714125266185	0.999830784222549	72.1708066242737	8.33788e-06	0.223881	517	0.00556588088409275	4.4563193469427	0.801685152620761	7.15129570167336	79.3221023259471	7.3533085930755e-08
SNP.107	5.339e-34	0.232836	743259	3.76609683903706e-06	12.1558705626529	0.999832645930338	69.5225306089414	4.89152e-05	0.232836	517	0.00541428504929563	4.06075060994245	0.80603891377715	5.82561926791638	75.3481498768577	1.38234731150963e-09
SNP.108	4.076e-34	0.287462	754815	3.23400739771244e-06	12.1779086210743	0.999856286994276	69.7162266360025	2.51822e-06	0.287462	517	0.00472161952399287	4.70664895507025	0.826548911984047	8.27915091367587	77.9953775496784	1.95116295968327e-08
SNP.109	2.446e-36	0.27259	742838	3.39458513790822e-06	12.5883937695757	0.999849152307886	74.8222566628838	8.84922e-05	0.27259	517	0.0048774213436624	3.92015455078736	0.821845115270819	5.45234732130114	80.274603984185	1.9061145934375e-07
SNP.11	1.764e-40	0.183582	753596	4.42678828100397e-06	13.3202988392613	0.999803292555609	84.4308331537293	1.22648e-05	0.183582	517	0.00645263044760438	4.37282684472809	0.777131461015892	6.67941755465339	91.1102507083827	0.0096830145970558
SNP.110	2.758e-36	0.240299	742633	3.68808650449548e-06	12.5789126181544	0.999836111907954	74.7433920353136	4.98058e-05	0.240299	517	0.00529766875259767	4.05653641606994	0.809420394215518	5.83086102172371	80.5742530570374	2.57208280012591e-07
SNP.111	3.864e-35	0.234328	754931	3.69143982770902e-06	12.3686206311901	0.999835962920236	72.1211317054241	5.93675e-05	0.234328	517	0.00539029470130019	4.01531083233839	0.806732242917143	5.68152011494187	77.802651820366	1.60913996827463e-08
SNP.112	7.887e-36	0.23503	756131	3.67794521906479e-06	12.4956290135363	0.99983656248423	73.698072690667	5.76113e-05	0.23503	517	0.00537912649214058	4.02238698336572	0.807055414965852	5.70623957540232	79.4043122660693	7.98336738702756e-08
SNP.113	1.678e-35	0.231366	752689	3.73538444187206e-06	12.4354467571881	0.999834010470793	72.955540762811	0.000317918	0.231366	517	0.00543826456512232	3.60024457517814	0.805347087595721	4.40108961478583	77.3566303775968	1.03012320573423e-08
SNP.114	1.476e-34	0.243243	753790	3.60348596353769e-06	12.2604925399136	0.999839870713782	70.7780388542436	2.17824e-05	0.243243	517	0.00525391041480672	4.24579058999202	0.810696570815342	6.47490517907149	77.2529440333151	9.28664327668868e-09
SNP.115	4.179e-35	0.235562	755062	3.67739168466109e-06	12.3623235587327	0.999836587077718	72.0414197810183	6.08524e-05	0.235562	517	0.00537071319188312	4.00948080192856	0.807299039859258	5.66573610982813	77.7071558908465	1.46258281703827e-08
SNP.116	2.292e-35	0.233533	754835	3.70063503044716e-06	12.4105058932034	0.99983555437879	72.6411989450659	7.16829e-05	0.233533	517	0.00540303451297404	3.97062976547603	0.806363909614856	5.53563932531195	78.1768382703778	2.33938086110124e-08
SNP.117	2.489e-35	0.234234	754834	3.69294241645232e-06	12.4039024155308	0.999835896160426	72.5582677404081	6.0893e-05	0.234234	517	0.00539179593032954	4.00932329703596	0.806688821910299	5.66190260016553	78.2201703405737	2.44297943737251e-08
SNP.118	1.246e-32	0.290274	727897	3.33427350867824e-06	11.8957025808459	0.999851832023284	66.3348045132237	1.11165e-05	0.290274	517	0.00469440557861967	4.39423209543154	0.827376054790092	7.10969628950059	73.4445008027243	2.06002686385194e-10
SNP.119	1.472e-32	0.291159	708300	3.4203749243153e-06	11.8817794501672	0.999848006442251	66.181776267433	1.98276e-05	0.291159	517	0.00468597980443428	4.26682338927102	0.827632484164872	6.65478504235939	72.8365613097924	1.12162612594752e-10
SNP.12	1.817e-40	0.183582	753644	4.42650633642869e-06	13.3180885922932	0.99980330508155	84.4013695078625	1.22648e-05	0.183582	517	0.00645263044760438	4.37282684472809	0.777131461015892	6.67941755465339	91.0807870625158	0.0094018796519035
SNP.120	1.965e-40	0.179758	753114	4.50276262504939e-06	13.3122402938458	0.99979991725778	84.3317521318347	9.55588e-06	0.179758	517	0.00655917518684999	4.4269862980193	0.774282127944974	6.8430362676469	91.1747883994816	0.0103285403304349
SNP.121	3.369e-35	0.234328	755077	3.69072605915979e-06	12.3796281694652	0.999835994632877	72.2572237678056	5.93675e-05	0.234328	517	0.00539029470130019	4.01531083233839	0.806732242917143	5.68152011494187	77.9387438827475	1.8437322564814e-08
SNP.122	6.287e-35	0.232036	750735	3.73755083757665e-06	12.3294556471052	0.99983391421851	71.6436113987978	4.81398e-05	0.232036	517	0.00542729251073135	4.06447935257409	0.805663491774369	5.83569536151667	77.4793067603144	1.16457334797097e-08
SNP.123	9.75e-36	0.233533	753581	3.70679308953859e-06	12.4787543709867	0.999835280777357	73.4911962365485	5.19243e-05	0.233533	517	0.00540303451297404	4.04679218735389	0.806363909614856	5.78183281977501	79.2730290563236	7.00116869138891e-08
SNP.13	8.346e-34	0.271772	752747	3.35620814675314e-06	12.1193088300251	0.999850857440299	69.0225664382211	3.00292e-06	0.271772	517	0.00488660660317985	4.67061999806413	0.821569474671153	8.09936419712717	77.1219306353482	8.14629940216009e-09
SNP.14	2.219e-35	0.220365	756200	3.84856996253043e-06	12.4130971374048	0.999828981698372	72.6924446054226	5.49146e-06	0.220365	517	0.00562918492391781	4.5450792064401	0.799880979873988	7.45744715901647	80.149891764439	1.68262438108307e-07
SNP.15	2.273e-40	0.187126	751175	4.37594154262177e-06	13.3013586737567	0.999805551526779	84.1731981002254	2.16177e-05	0.187126	517	0.00635802299473676	4.24749187739689	0.779679190223933	6.27683384803773	90.4500319482632	0.00500358431195424
SNP.16	1.057e-40	0.183582	754763	4.41994366630514e-06	13.3584803643015	0.999803596641132	84.9393048004467	1.22648e-05	0.183582	517	0.00645263044760438	4.37282684472809	0.777131461015892	6.67941755465339	91.6187223551001	0.0161004130161552
SNP.17	9.448e-41	0.185075	754694	4.3927218858514e-06	13.3668318882878	0.999804806024311	85.0479011235012	1.37743e-05	0.185075	517	0.00641230338669388	4.34742842383425	0.778215408819867	6.60116337592785	91.6490644994291	0.0165964209910444
SNP.18	3.372e-40	0.183582	753311	4.42846306692915e-06	13.2718395878137	0.999803218149966	83.786824873452	1.22648e-05	0.183582	517	0.00645263044760438	4.37282684472809	0.777131461015892	6.67941755465339	90.4662424281054	0.00508535580147389
SNP.19	2.883e-42	0.184132	747937	4.44995701986371e-06	13.6240082760905	0.99980226324001	88.5241624839898	1.08491e-05	0.184132	517	0.00643769343049478	4.39951915764823	0.777532599619336	6.77338327191829	95.297545755908	0.637572710137663
SNP.2	1.588e-40	0.187688	751270	4.36530489169425e-06	13.328143671706	0.999806024083214	84.5285897093069	1.97193e-05	0.187688	517	0.00634337061118596	4.26804562716578	0.780075265935602	6.3477738311198	90.8763635404267	0.00766363266942691
SNP.20	2.915e-35	0.232836	756448	3.70043330207211e-06	12.391240231486	0.999835563341547	72.4023006434288	4.89152e-05	0.232836	517	0.00541428504929563	4.06075060994245	0.80603891377715	5.82561926791638	78.2279199113452	2.4619850268799e-08
SNP.21	8.657e-39	0.183582	744981	4.4779798966839e-06	13.0264247044924	0.999801018272866	80.5658391306056	1.22648e-05	0.183582	517	0.00645263044760438	4.37282684472809	0.777131461015892	6.67941755465339	87.245256685259	0.000202985497170499
SNP.22	2.019e-40	0.186567	750286	4.39123365412794e-06	13.3102149650257	0.999804872142128	84.2926988377079	1.89011e-05	0.186567	517	0.00637269078031149	4.27749170374311	0.779283100809673	6.3738090295463	90.6665078672542	0.00621291653456756
SNP.23	1.256e-34	0.241742	739862	3.6868050216334e-06	12.2735643095726	0.999836168844084	70.949513537957	2.6609e-05	0.241742	517	0.00527606757623932	4.20070084166981	0.810049872547377	6.31652762078546	77.2660411587425	9.40907158790313e-09
SNP.24	6.937e-36	0.231118	749736	3.75291021942388e-06	12.505831648888	0.999833231806517	73.8354188041556	3.59071e-05	0.231118	517	0.00544234409336553	4.13235133976933	0.805229508477146	6.05721474800792	79.8926335521636	1.30095224682319e-07
SNP.25	1.723e-39	0.186567	747148	4.409676708525e-06	13.149061374345	0.999804052771351	82.1631355010115	3.40302e-05	0.186567	517	0.00637269078031149	4.14467095628388	0.779283100809673	5.93794120836903	88.1010767093805	0.000477686451523985
SNP.26	2.095e-40	0.183582	753251	4.42881581492951e-06	13.3074539392532	0.999803202478446	84.2600723168397	1.22648e-05	0.183582	517	0.00645263044760438	4.37282684472809	0.777131461015892	6.67941755465339	90.9394898714931	0.00816300565502243
SNP.27	2.13e-35	0.248437	754400	3.54965918546611e-06	12.416373411903	0.999842262254657	72.6937170555597	5.19956e-05	0.248437	517	0.00517961874180974	4.04647083261333	0.812872468001664	5.81697444756619	78.5106915031259	3.26656684155815e-08
SNP.28	1.42e-35	0.21791	748150	3.92145675840902e-06	12.4487795061675	0.999825743403613	73.1450623136905	5.50872e-06	0.21791	517	0.00567473476557777	4.54441817742287	0.798587819449117	7.44491172758865	80.5899740412792	2.61283798976092e-07
SNP.29	8.2e-41	0.185629	754443	4.38404946861206e-06	13.3773679735528	0.999805191314769	85.1878097645453	1.41156e-05	0.185629	517	0.00639751534477386	4.3420552861361	0.778613653511534	6.58585153425599	91.7736612988013	0.0187986276257289
SNP.3	1.692e-40	0.184685	753196	4.40864311097057e-06	13.3234096483315	0.999804098691021	84.4702850145492	1.89164e-05	0.184685	517	0.00642277051568779	4.27731152107564	0.777933773246098	6.36391257328261	90.8341975878318	0.00734720638697851
SNP.30	9.78e-36	0.233533	756004	3.69491278248208e-06	12.4785097257423	0.999835808617349	73.4865801829451	7.63722e-05	0.233533	517	0.00540303451297404	3.95550797595922	0.806363909614856	5.48731498988153	78.9738951728266	5.19108747267077e-08
SNP.31	1.05e-35	0.235821	755211	3.67387285097724e-06	12.4728516860568	0.999836743419242	73.4132217725628	3.79247e-05	0.235821	517	0.00536663286201039	4.11977229673457	0.807417247408942	6.02833954776158	79.4415613203244	8.28634811359094e-08
SNP.32	1.598e-40	0.182635	752730	4.44970001486605e-06	13.3276752767483	0.999802274657937	84.5315876428626	6.60094e-05	0.182635	517	0.00647857387270817	3.99022947383386	0.776435724505765	5.4321499542232	89.9637375970859	0.00307670791574503
SNP.33	1.184e-35	0.221386	755930	3.83721436193393e-06	12.4632792156582	0.999829486219378	73.3150739472828	1.16366e-05	0.221386	517	0.00561057147508069	4.38428751764838	0.800410622030423	6.88699073202981	80.2020646793126	1.77274221378966e-07
SNP.34	3.057e-40	0.185075	753019	4.40249296620767e-06	13.2791858005337	0.999804371923779	83.8814919146154	3.0679e-05	0.185075	517	0.00641230338669388	4.16836676845608	0.778215408819867	6.00783156522831	89.8893234798437	0.00285606855940286
SNP.35	1.695e-35	0.242515	754787	3.60606001163357e-06	12.4346412779499	0.999839756348293	72.9283558556605	3.24406e-05	0.242515	517	0.00526461744294172	4.15562043770022	0.810383937262565	6.16595654925128	79.0943124049117	5.85537732341058e-08
SNP.36	6.297e-35	0.232036	748526	3.74858084829132e-06	12.3293275738881	0.999833424158876	71.6434684972123	4.93869e-05	0.232036	517	0.00542729251073135	4.05850961693486	0.805663491774369	5.81616120552181	77.4596297027341	1.14188195323246e-08
SNP.37	1.434e-36	0.229042	751245	3.76914255240398e-06	12.6304804461809	0.999832510610621	75.4038631623903	5.72641e-06	0.229042	517	0.00547688490673255	4.53624703806956	0.804235356259604	7.45917040736664	82.8630335697569	2.53682022912183e-06
SNP.38	1.858e-36	0.237313	750369	3.68152070404156e-06	12.6100818317232	0.999836403625751	75.1350206828846	6.95772e-05	0.237313	517	0.0053433249693829	3.97772696172101	0.808093143499976	5.56757825914746	80.7025989420321	2.92431973307666e-07
SNP.39	3.539e-36	0.222393	746168	3.87482514625459e-06	12.5591983918768	0.999827815201766	74.5196813461142	1.42799e-05	0.222393	517	0.005592399477235	4.33951272244386	0.800928379871329	6.73424429060877	81.253925636723	5.07531493133439e-07
SNP.4	2.144e-40	0.185075	752736	4.40414813549602e-06	13.3057261284166	0.999804298389484	84.2343904388763	1.43313e-05	0.185075	517	0.00641230338669388	4.33872302826827	0.778215408819867	6.57174045820286	90.8061308970791	0.00714386157379315
SNP.40	1.258e-40	0.188623	748365	4.3655523031984e-06	13.3455139199093	0.999806013091413	84.7602361517574	3.41578e-05	0.188623	517	0.00631920028894211	4.14381321100928	0.780729505829946	5.94430194360757	90.704538095365	0.00645374553330912
SNP.41	9.471e-36	0.243284	755006	3.59727083667781e-06	12.4810660749909	0.999840146853262	73.5054269629547	2.79867e-05	0.243284	517	0.00525330960409433	4.18925886270329	0.810714120981112	6.28172333919227	79.787150302147	1.17071332657342e-07
SNP.42	3.969e-40	0.183582	752973	4.43045094765877e-06	13.259620342945	0.999803129834487	83.6249761538385	1.22648e-05	0.183582	517	0.00645263044760438	4.37282684472809	0.777131461015892	6.67941755465339	90.3043937084919	0.00432545041963958
SNP.43	9.218e-41	0.182635	752102	4.45341548379093e-06	13.3686653550227	0.999802109591308	85.0790244943366	1.27314e-05	0.182635	517	0.00647857387270817	4.36467138628902	0.776435724505765	6.6466604418518	91.7256849361884	0.0179180306711918
SNP.44	5.117e-35	0.211712	750335	3.99286299850372e-06	12.3460379902706	0.999822570908958	71.8803349867161	1.4828e-05	0.211712	517	0.00579494169822493	4.33122806029897	0.795195135581832	6.66589727236009	78.5462322590762	3.38475083059067e-08
SNP.45	1.195e-35	0.234328	755506	3.68863034915963e-06	12.4625418898436	0.999836087745003	73.2866565142674	5.93675e-05	0.234328	517	0.00539029470130019	4.01531083233839	0.806732242917143	5.68152011494187	78.9681766292093	5.16148672977302e-08
SNP.46	3.013e-35	0.21791	752501	3.89878269105783e-06	12.3885884685104	0.999826750789776	72.394877486524	5.50872e-06	0.21791	517	0.00567473476557777	4.54441817742287	0.798587819449117	7.44491172758865	79.8397892141127	1.23398917829232e-07
SNP.47	7.675e-41	0.184132	755148	4.40746383962588e-06	13.3822859958267	0.999804151082551	85.2561688660538	1.39186e-05	0.184132	517	0.00643769343049478	4.34514136292246	0.777532599619336	6.58851892695563	91.8446877930095	0.0201823884003894
SNP.48	1.775e-35	0.233533	755088	3.69939509462153e-06	12.4309554672907	0.999835609468929	72.894992554202	5.59666e-05	0.233533	517	0.00540303451297404	4.02920163229855	0.806363909614856	5.72455630184797	78.61954885605	3.64223276566724e-08
SNP.49	8.217e-41	0.182779	754978	4.43373663954053e-06	13.3772140081202	0.99980298386125	85.1911868498325	1.6985e-05	0.182779	517	0.00647461048481051	4.30123345185085	0.776541931833571	6.43398365847631	91.6251705083088	0.016204566383563
SNP.5	3.845e-36	0.217523	755662	3.88745751587405e-06	12.5526347072786	0.999827253956757	74.4388653677503	7.2357e-06	0.217523	517	0.00568201919025226	4.48663463565165	0.798381402273064	7.23497629594146	81.6738416636918	7.72378559122657e-07
SNP.50	7.818e-36	0.234328	756172	3.68538158060891e-06	12.4963277856794	0.999836232087406	73.7077870619092	5.93675e-05	0.234328	517	0.00539029470130019	4.01531083233839	0.806732242917143	5.68152011494187	79.389307176851	7.86447050708999e-08
SNP.51	1.519e-40	0.183582	752203	4.4349862223515e-06	13.3314578422828	0.999802928346121	84.5803999626301	1.22648e-05	0.183582	517	0.00645263044760438	4.37282684472809	0.777131461015892	6.67941755465339	91.2598175172835	0.0112451855621447
SNP.52	2.59e-36	0.240299	742377	3.68935829786348e-06	12.583876945464	0.999836055402333	74.8060078480836	4.98058e-05	0.240299	517	0.00529766875259767	4.05653641606994	0.809420394215518	5.83086102172371	80.6368688698073	2.73828499861948e-07
SNP.53	4.148e-41	0.182229	753609	4.45220066901096e-06	13.4279382291881	0.999802163561712	85.872891677377	2.33138e-05	0.182229	517	0.00648978432103033	4.23053322871514	0.776135474166933	6.19705083862495	92.0699425160019	0.0252813023697031
SNP.54	2.777e-35	0.223881	755717	3.80772222548381e-06	12.3951285640409	0.999830796535747	72.4644035977368	8.33788e-06	0.223881	517	0.00556588088409275	4.4563193469427	0.801685152620761	7.15129570167336	79.6156992994102	9.8625754281665e-08
SNP.55	3.719e-35	0.232036	756135	3.71085881231276e-06	12.3716927745637	0.999835100138124	72.1616852850708	5.15017e-05	0.232036	517	0.00542729251073135	4.04870550728836	0.805663491774369	5.78414251655582	77.9458278016266	1.85683947665119e-08
SNP.56	3.821e-35	0.230422	756122	3.72907865785666e-06	12.3695195663697	0.999834290634907	72.1371924111324	7.40946e-05	0.230422	517	0.00545384605983733	3.9627395508673	0.804898186526357	5.5026638889221	77.6398563000545	1.36739071301428e-08
SNP.57	8.845e-35	0.232836	747439	3.74503520753646e-06	12.3019167195574	0.99983358169044	71.305481849603	4.89152e-05	0.232836	517	0.00541428504929563	4.06075060994245	0.80603891377715	5.82561926791638	77.1311011175194	8.22134848778508e-09
SNP.58	9.905e-35	0.232836	747644	3.74400833884288e-06	12.2927722038319	0.999833627313861	71.1929136578826	4.89152e-05	0.232836	517	0.00541428504929563	4.06075060994245	0.80603891377715	5.82561926791638	77.018532925799	7.34607423981856e-09
SNP.59	3.056e-34	0.249254	750922	3.55827912391209e-06	12.2013800855971	0.99984187926728	70.0489921464395	2.91113e-06	0.249254	517	0.00516825933517662	4.67699242982123	0.813206198750427	8.05526620720708	78.1042583536466	2.17560413318436e-08
SNP.6	2.504e-40	0.184132	753013	4.41996021790567e-06	13.2941205574653	0.999803595905794	84.0817969348332	1.82886e-05	0.184132	517	0.00643769343049478	4.28482145645468	0.777532599619336	6.38614330560471	90.4679402404379	0.00509399711485743
SNP.60	3.622e-35	0.232733	755741	3.70503686009276e-06	12.3738151067489	0.999835358806293	72.1871749166284	5.60876e-05	0.232733	517	0.00541595408449392	4.02869385832082	0.805990722434156	5.72084086577934	77.9080157824077	1.78793945999804e-08
SNP.61	1.001e-38	0.182229	745134	4.50283907857202e-06	13.0153367784517	0.999799913861205	80.4241672381192	1.39952e-05	0.182229	517	0.00648978432103033	4.34393647566439	0.776135474166933	6.57439731398977	86.9985645521089	0.000158609054990832
SNP.62	2.199e-35	0.220313	755147	3.85458906919909e-06	12.413821857604	0.999828714274084	72.70219999431	3.50778e-05	0.220313	517	0.00563013804997773	4.1377174222212	0.799853877717383	6.04267754428596	78.7448775385959	4.12854718254057e-08
SNP.63	1.279e-40	0.183582	751533	4.43894006172911e-06	13.3442801954867	0.999802752689212	84.7518189559389	1.22648e-05	0.183582	517	0.00645263044760438	4.37282684472809	0.777131461015892	6.67941755465339	91.4312365105923	0.0133479001498832
SNP.64	1.259e-40	0.188854	751001	4.34614558862195e-06	13.3454547082379	0.999806875278202	84.7572956407747	4.67508e-05	0.188854	517	0.00631326824603611	4.07130345075416	0.780890241532922	5.71273645462971	90.4700320954044	0.0051046641710988
SNP.65	2.443e-40	0.18209	748707	4.48400921911765e-06	13.2959652628246	0.999800750409684	84.1132580474021	2.20295e-05	0.18209	517	0.00649363460428998	4.24326097043112	0.776032405287705	6.23820708216238	90.3514651295645	0.00453392359012949
SNP.66	1.252e-35	0.234328	754183	3.69510100409609e-06	12.4588260739904	0.999835800254691	73.2412163800129	5.93675e-05	0.234328	517	0.00539029470130019	4.01531083233839	0.806732242917143	5.68152011494187	78.9227364949548	4.93219700952594e-08
SNP.67	1.015e-35	0.223881	756584	3.80335880361725e-06	12.475552280018	0.999830990400024	73.4637725489371	8.33788e-06	0.223881	517	0.00556588088409275	4.4563193469427	0.801685152620761	7.15129570167336	80.6150682506104	2.67923469540224e-07
SNP.68	6.032e-36	0.232733	756117	3.70319442848575e-06	12.5169346843861	0.999835440665188	73.9678162130356	7.44269e-05	0.232733	517	0.00541595408449392	3.96167147951917	0.805990722434156	5.50502343315021	79.4728396461859	8.54962721056613e-08
SNP.69	3.139e-36	0.249254	741230	3.60480562886866e-06	12.5686853908343	0.999839812080775	74.6036921673374	5.49848e-05	0.249254	517	0.00516825933517662	4.03336061781866	0.813206198750427	5.77574338712845	80.3794355544659	2.11678514393089e-07
SNP.7	1.927e-40	0.192537	752921	4.27153296540879e-06	13.3136989834008	0.999810190125055	84.3257241529232	1.3465e-05	0.192537	517	0.00622074830144788	4.35240862123955	0.783405772156212	6.65534347326633	90.9810676261895	0.0085095596473415
SNP.70	1.324e-36	0.237952	754118	3.65644470584846e-06	12.6367588814193	0.999837517751178	75.4683934072005	5.56632e-05	0.237952	517	0.00533344442685692	4.0304794314447	0.808380006977843	5.7398508630432	81.2082442702437	4.8486834377209e-07
SNP.71	3.613e-35	0.223881	755214	3.81025830701755e-06	12.3740148791707	0.999830683859165	72.2032881218277	8.33788e-06	0.223881	517	0.00556588088409275	4.4563193469427	0.801685152620761	7.15129570167336	79.3545838235011	7.59607645609905e-08
SNP.72	1.478e-35	0.230539	753947	3.7385067514145e-06	12.4455836493815	0.999833871747563	73.0820349409183	7.27299e-05	0.230539	517	0.00545190705939789	3.96717398368463	0.804954021641079	5.51711214489606	78.5991470858143	3.56867764825648e-08
SNP.73	5.926e-34	0.277612	754841	3.30297863923957e-06	12.1473434149631	0.999853222496165	69.3548505780076	7.97196e-06	0.277612	517	0.00482248297683217	4.46593557220915	0.823497630836797	7.34494691951484	76.6997974975225	5.34109466401651e-09
SNP.74	5.218e-35	0.232836	752966	3.71754550734806e-06	12.3444649115046	0.99983480304977	71.826134060759	4.89152e-05	0.232836	517	0.00541428504929563	4.06075060994245	0.80603891377715	5.82561926791638	77.6517533286754	1.38375575411981e-08
SNP.75	4.466e-34	0.279104	753457	3.29816862391313e-06	12.1704524657936	0.999853436211919	69.63507719791	3.99914e-06	0.279104	517	0.00480663101908649	4.61142705186049	0.823975685036839	7.89246179316449	77.5275389910745	1.22211996355952e-08
SNP.76	4.339e-40	0.181818	747352	4.49736365904075e-06	13.2529343818624	0.99980015711587	83.5435950961901	1.03766e-05	0.181818	517	0.00650118708957722	4.40917322961888	0.775830311031865	6.79370829237709	90.3373033885672	0.0044701678502225
SNP.77	1.74e-40	0.185629	752984	4.39254410883643e-06	13.3213215182909	0.999804813922427	84.4407062644975	1.05863e-05	0.185629	517	0.00639751534477386	4.4048379185241	0.778613653511534	6.79964053853889	91.2403468030364	0.0110283515739813
SNP.78	1.992e-40	0.183333	752466	4.4381039595448e-06	13.311220804384	0.999802789834652	84.3112076706966	4.01869e-05	0.183333	517	0.00645942424375791	4.10640248567718	0.776949148250065	5.80049082969388	90.1116985003905	0.00356734303259803
SNP.79	6.02e-36	0.227692	756488	3.75863069087402e-06	12.5170927809742	0.999832977648198	73.9770300564792	3.92912e-06	0.227692	517	0.00549972729995726	4.61509687437256	0.803579254860612	7.74401702099851	81.7210470774777	8.09713276345606e-07
SNP.8	3.308e-40	0.183582	753048	4.43000969581151e-06	13.273275278548	0.999803149437959	83.8060449174239	1.22648e-05	0.183582	517	0.00645263044760438	4.37282684472809	0.777131461015892	6.67941755465339	90.4854624720773	0.00518404190122801
SNP.80	2.571e-35	0.261976	742847	3.48127746441865e-06	12.4013056087052	0.999845300492777	72.4972816046067	4.86572e-05	0.261976	517	0.00500204356017601	4.06198502060678	0.81812102256215	5.89717795704577	78.3944595616525	2.90812224526406e-08
SNP.81	2.81e-41	0.178788	750001	4.54061321506888e-06	13.4567517591474	0.999798235685273	86.2696106418684	1.06862e-05	0.178788	517	0.00658697186057035	4.40280136076247	0.773542192974047	6.75482781758229	93.0244384594507	0.0656646697158769
SNP.82	2.04e-36	0.226866	753395	3.78375566586989e-06	12.6027147861164	0.999831861356874	75.0554965614862	1.01243e-05	0.226866	517	0.00551385415839081	4.41450153017019	0.803174024994369	7.01333926567172	82.0688358271579	1.14649983096333e-06
SNP.83	8.853e-36	0.242515	755507	3.60262342771261e-06	12.4864373134875	0.999839909036433	73.5731942203768	2.38677e-05	0.242515	517	0.00526461744294172	4.22524873717688	0.810383937262565	6.40240456757176	79.9755987879485	1.41348986737834e-07
SNP.84	7.812e-34	0.285928	753602	3.24959525198097e-06	12.124727092797	0.999855594400345	69.0724467987491	6.37757e-06	0.285928	517	0.00473675334832371	4.51346925011945	0.826089648507419	7.53969559553066	76.6121423942798	4.89285277025834e-09
SNP.85	1.524e-35	0.232836	755070	3.70718657937124e-06	12.4431364009181	0.999835263294681	73.0474874765471	4.89152e-05	0.232836	517	0.00541428504929563	4.06075060994245	0.80603891377715	5.82561926791638	78.8731067444634	4.69338832596093e-08
SNP.86	5.477e-34	0.277612	753421	3.30920388338291e-06	12.1537849880503	0.999852945899939	69.4340287515844	7.97196e-06	0.277612	517	0.00482248297683217	4.46593557220915	0.823497630836797	7.34494691951484	76.7789756710992	5.78118569275955e-09
SNP.87	8.321e-36	0.223881	756785	3.80234864205283e-06	12.4913684123061	0.999831035280921	73.6610499475888	8.33788e-06	0.223881	517	0.00556588088409275	4.4563193469427	0.801685152620761	7.15129570167336	80.8123456492622	3.26352725648681e-07
SNP.88	2.186e-35	0.232836	754957	3.70774146141547e-06	12.4142964463408	0.999835238641382	72.6891758293074	5.82469e-05	0.232836	517	0.00541428504929563	4.01980270095245	0.80603891377715	5.69226748007676	78.3814433093842	2.87051467824603e-08
SNP.89	2.003e-35	0.240625	754814	3.62520871620538e-06	12.4212921374757	0.99983890556821	72.7650617572362	3.0348e-05	0.240625	517	0.00529276265360512	4.17083916874226	0.80956327661372	6.21232299727552	78.9773847545117	5.20923383964186e-08
SNP.9	4.921e-34	0.284848	753790	3.25617772203135e-06	12.1625310338521	0.999855301930693	69.5324475538262	8.41064e-06	0.284848	517	0.00474753231158609	4.45445542507435	0.825762852309111	7.31879574659428	76.8512433004205	6.2144450449224e-09
SNP.90	3.356e-34	0.286567	754694	3.24055753072205e-06	12.1937534990881	0.999855995961007	69.9102717839224	6.38645e-06	0.286567	517	0.00473042422648113	4.51317427994791	0.826281655139222	7.5399989604785	77.4502707444009	1.13124498074288e-08
SNP.91	1.007e-33	0.286567	745810	3.27915866653805e-06	12.1039084349628	0.999854280851985	68.8247107219938	6.38645e-06	0.286567	517	0.00473042422648113	4.51317427994791	0.826281655139222	7.5399989604785	76.3647096824723	3.82035293677e-09
SNP.92	1.929e-35	0.23565	754563	3.67887290642761e-06	12.4243031331604	0.999836521267158	72.8096227880835	6.05342e-05	0.23565	517	0.0053693256806436	4.01071869393957	0.807339232309707	5.66996256630186	78.4795853543854	3.16652062069478e-08
SNP.93	1.07e-35	0.244012	755611	3.58711785963049e-06	12.4713483744681	0.999840597952636	73.3828284036439	2.24651e-05	0.244012	517	0.00524268029600243	4.23886669465168	0.811024737333766	6.45317295288071	79.8360013565246	1.22932384440806e-07
SNP.94	2.845e-35	0.234328	754166	3.69518429705423e-06	12.3931891540532	0.999835796553997	72.4257564197783	5.93675e-05	0.234328	517	0.00539029470130019	4.01531083233839	0.806732242917143	5.68152011494187	78.1072765347202	2.18218041962233e-08
SNP.95	2.044e-35	0.234328	754864	3.69176747145472e-06	12.4196711259297	0.999835948363069	72.7537984405616	5.93675e-05	0.234328	517	0.00539029470130019	4.01531083233839	0.806732242917143	5.68152011494187	78.4353185555035	3.02940608940774e-08
SNP.96	1.027e-35	0.223054	756735	3.81263589462957e-06	12.4746160773187	0.999830578224396	73.453281145548	1.33405e-05	0.223054	517	0.00558057064549808	4.35444412636587	0.801265767852451	6.78858025636019	80.2418614019082	1.8447141691539e-07
SNP.97	6.388e-35	0.231231	755744	3.72180295715512e-06	12.3281713081942	0.999834613892327	71.625722011288	3.68165e-05	0.231231	517	0.00544048405039118	4.12660059370728	0.805283113900992	6.03841129395951	77.6641333052475	1.40099309673172e-08
SNP.98	1.224e-35	0.23716	755455	3.65836055063778e-06	12.4606298954055	0.999837432630196	73.2588189677083	0.000112866	0.23716	517	0.00534569974812778	3.8611253006071	0.80802422648807	5.19793612961055	78.4567550973189	3.09504712449199e-08
SNP.99	1.103e-33	0.248418	753448	3.55432624624305e-06	12.0964334552494	0.999842054895208	68.773664100722	0.000140037	0.248418	517	0.0051798839488962	3.80810290498176	0.812864679690871	5.05597697761678	73.8296410783388	3.02786968816255e-10
