snp	pvalues.df1	MAF.df1	N.df1	V.df1	z.df1	r.df1	lABF.df1	pvalues.df2	MAF.df2	N.df2	V.df2	z.df2	r.df2	lABF.df2	internal.sum.lABF	SNP.PP.H4
SNP.1	2.91e-107	0.147761	728285	5.45189412278073e-06	21.9995265378857	0.999757752292714	237.768187637926	2.15544e-05	0.147761	465	0.00853878002410616	4.24814902614071	0.724899625002189	5.89573883254188	243.663926470468	0.00395874363475548
SNP.10	5.33e-108	0.162687	734651	4.99629698630895e-06	22.076389982058	0.999777991654814	239.422999757032	0.00114316	0.162687	465	0.00789362274685776	3.25269531936658	0.740286874894707	3.24203869202502	242.665038449057	0.0014579607161467
SNP.11	1.73e-109	0.156716	736115	5.13969251894228e-06	22.2308061070342	0.999771621390084	242.855683863518	0.00171	0.156716	465	0.00813635431952946	3.1364613055894	0.734421588330343	2.9494730456635	245.805156909182	0.0336885207811176
SNP.12	1.58e-104	0.150746	729344	5.35493485234971e-06	21.7120085583238	0.999762059524595	231.477828892628	2.44721e-05	0.150746	465	0.00839911743000461	4.21961395774925	0.728176138071548	5.83133925792525	237.309168150553	6.88209884459835e-06
SNP.13	1.559e-70	0.0507463	732288	1.41742929939787e-05	17.7556340634857	0.999370428033046	153.846795075675	7.58908e-07	0.0507463	465	0.0223218595010208	4.94564847638722	0.501987205584088	5.79059792438833	159.637393000063	1.27437592521065e-39
SNP.14	1.029e-76	0.0477612	726721	1.51279886842466e-05	18.5374973249156	0.999328096704942	168.051259445257	2.90378e-06	0.0477612	465	0.0236426388486116	4.67751100134326	0.48761840591345	4.99998535228141	173.051244797538	8.52823924308092e-34
SNP.15	3.596e-62	0.3	734725	3.24060346517729e-06	16.6396690533619	0.999855993920063	133.996529484048	2.14837e-13	0.3	465	0.00512032770097286	7.33922325008708	0.814617416693702	21.0966900930238	155.093219577071	1.35452840255217e-41
SNP.16	7.11e-106	0.163174	728368	5.02727939337677e-06	21.8540731211472	0.999776615272181	234.543604143957	0.00129604	0.163174	465	0.00787464395095711	3.2168551825252	0.74074942364192	3.15771566067793	237.701319804635	1.01866223394352e-05
SNP.17	5.11e-109	0.161194	734423	5.03516068302413e-06	22.1821313316429	0.99977626514924	241.765906727016	0.000998947	0.161194	465	0.0079525544393734	3.29082313013039	0.738854273942576	3.32937906842713	245.095285795443	0.0165649006136081
SNP.18	1.02e-105	0.164474	728200	4.99645644910483e-06	21.8375878706279	0.999777984570725	234.180802779019	0.000143975	0.164474	465	0.00782455824997449	3.80123787111051	0.741972885953547	4.68318967570796	238.863992454727	3.25816085483125e-05
SNP.19	3.22e-106	0.158209	728052	5.15670326686048e-06	21.8902138568508	0.999770865702699	235.345231757859	0.00188911	0.158209	465	0.00807386693945013	3.10713360451006	0.735922611443296	2.88664465342132	238.231876411281	1.73160173366468e-05
SNP.2	3.87e-105	0.164179	726996	5.01195425340692e-06	21.7765679870881	0.999777296085708	232.85181774036	0.00144969	0.164179	465	0.00783585095572004	3.1845704881539	0.741696682016348	3.08414407620609	235.935961816566	1.74319099013468e-06
SNP.20	6.505e-81	0.0477612	733128	1.49957811795545e-05	19.0505222432373	0.99933396473509	177.683255343124	2.90378e-06	0.0477612	465	0.0236426388486116	4.67751100134326	0.48761840591345	4.99998535228141	182.683240695405	1.30011582123822e-29
SNP.21	3.735e-71	0.0477612	730487	1.50499968714082e-05	17.8356767432831	0.99933155836325	155.294082269725	9.38263e-07	0.0477612	465	0.0236426388486116	4.90416353116904	0.48761840591345	5.52946842484084	160.823550694566	4.17291270697457e-39
SNP.22	6.104e-72	0.0492537	733517	1.45564782588498e-05	17.93663631968	0.99935346369035	157.085517857766	5.29912e-07	0.0492537	465	0.022962202716122	5.01515329121912	0.494916626466517	5.88249684799865	162.968014705765	3.56260921178712e-38
SNP.23	3.29e-104	0.153731	734738	5.2307940132129e-06	21.6782722365016	0.999767574300344	230.735659665494	7.02393e-06	0.153731	465	0.00826508200361294	4.49296206616326	0.73134861130413	6.72459013177232	237.460249797266	8.00451147222764e-06
SNP.24	4.43e-102	0.149701	727236	5.40129957164953e-06	21.4514119172103	0.999759999855157	225.858881503246	9.43168e-06	0.149701	465	0.00844735375330777	4.42980850603541	0.727041160913317	6.48422115656892	232.343102659815	4.79718057578666e-08
SNP.25	4.183e-59	0.347761	730427	3.01790487413621e-06	16.2114904129266	0.999865888882687	126.930166736487	7.86219e-08	0.347761	465	0.00474055742688319	5.37026299215955	0.825974287067825	11.0361593773	137.966326113787	4.9393840244662e-49
SNP.26	3.412e-81	0.0477612	724210	1.5180440845341e-05	19.0842715844765	0.999325768634845	178.330961630054	2.90378e-06	0.0477612	465	0.0236426388486116	4.67751100134326	0.48761840591345	4.99998535228141	183.330946982335	2.48471916400504e-29
SNP.27	5.206e-80	0.041791	730388	1.70951677223285e-05	18.941335200582	0.999240791603225	175.659280280364	1.95911e-06	0.041791	465	0.0268518394889808	4.75759712747137	0.455910057922436	4.85538027454444	180.514660554909	1.48655045682929e-30
SNP.28	2.32e-109	0.146707	734205	5.4400594695538e-06	22.2176288048709	0.999758278022772	242.587993914803	3.73159e-05	0.146707	465	0.00858950293084677	4.12349966687697	0.72371694234055	5.50960518619926	248.097599101002	0.333485485113585
SNP.29	1.072e-80	0.0464072	732854	1.54171540713605e-05	19.0243541757408	0.999315262339318	177.195876317907	2.5364e-06	0.0464072	465	0.0242978989888447	4.70518166027799	0.480790815103972	4.9943258806518	182.190202198558	7.94068822652525e-30
SNP.3	1.268e-77	0.0358209	707395	2.04650972120856e-05	18.6497791369692	0.999091266671281	170.247366285602	4.01357e-05	0.0358209	465	0.0311331342846093	4.10669709529166	0.419516783796405	3.26561991013947	173.512986195742	1.35329075966046e-33
SNP.30	1.56e-106	0.147761	726032	5.46881227164831e-06	21.9232263203721	0.999757000739808	236.094303961307	2.15544e-05	0.147761	465	0.00853878002410616	4.24814902614071	0.724899625002189	5.89573883254188	241.990042793848	0.000742333284896199
SNP.31	1.175e-80	0.0477612	723706	1.51910127380516e-05	19.0195444367336	0.999325299406545	177.098880392868	2.90378e-06	0.0477612	465	0.0236426388486116	4.67751100134326	0.48761840591345	4.99998535228141	182.098865745149	7.24755011434327e-30
SNP.32	1.68e-109	0.149254	736696	5.34509954425176e-06	22.2321226479573	0.999762496441596	242.902279622388	2.61039e-05	0.149254	465	0.00846820097602601	4.20503738935706	0.726551730189892	5.77524575087263	248.67752537326	0.59557398056696
SNP.33	3.828e-71	0.0477612	730413	1.5051521624895e-05	17.8343020268796	0.999331490686999	155.269620463363	9.38263e-07	0.0477612	465	0.0236426388486116	4.90416353116904	0.48761840591345	5.52946842484084	160.799088888204	4.07207409987594e-39
SNP.34	1.218e-76	0.0477612	725580	1.51517779770727e-05	18.5284250563351	0.999327040824486	167.88384029333	2.90378e-06	0.0477612	465	0.0236426388486116	4.67751100134326	0.48761840591345	4.99998535228141	172.883825645611	7.21356851798358e-34
SNP.35	9.54e-107	0.157186	728431	5.18126709769167e-06	21.9456003668006	0.999769774478321	236.561022744599	0.00118592	0.157186	465	0.00811654961986804	3.24224505752084	0.734896658158993	3.19885527976017	239.759878024359	7.9808781626847e-05
SNP.36	3.09e-49	0.314417	714378	3.24695203480499e-06	14.7497077221536	0.999855711842752	104.339394637454	1.2983e-07	0.314417	465	0.00498828193703208	5.27908580705522	0.818530603387333	10.5523770050942	114.891771642548	4.70458276821509e-59
SNP.4	9.434e-81	0.041791	733096	1.70320194931851e-05	19.0310518257001	0.999243593939093	177.360022765395	1.95911e-06	0.041791	465	0.0268518394889808	4.75759712747137	0.455910057922436	4.85538027454444	182.21540303994	8.14334306206811e-30
SNP.5	2.199e-71	0.0477612	732247	1.50138232926928e-05	17.8652612878361	0.999333163931831	155.820881062077	9.38263e-07	0.0477612	465	0.0236426388486116	4.90416353116904	0.48761840591345	5.52946842484084	161.350349486917	7.06683755629348e-39
SNP.6	1.39e-103	0.163174	730853	5.01018595695038e-06	21.6118392803727	0.999777374641666	229.278797446111	0.000343265	0.163174	465	0.00787464395095711	3.58025047838597	0.74074942364192	4.07255461482694	233.351352060938	1.31481066387977e-07
SNP.7	9.47e-101	0.164179	726094	5.0181804207304e-06	21.308490239385	0.999777019490475	222.771042699221	0.000574672	0.164179	465	0.00783585095572004	3.44329504133196	0.741696682016348	3.72007167682339	226.491114376045	1.37879546630777e-10
SNP.8	6.8e-93	0.137313	727097	5.80514059359118e-06	20.4439543152519	0.99974206030145	204.792338030675	0.000510532	0.137313	465	0.00907720496812552	3.47516879348815	0.712539315075917	3.67926215055211	208.471600181227	2.05932202930886e-18
SNP.9	4.39e-109	0.158683	736117	5.08783583448883e-06	22.1889629632101	0.999773925084336	241.922062626052	0.00152923	0.158683	465	0.00805428484080949	3.16907866433034	0.736394260812419	3.03117536598964	244.953237992041	0.014371372867012
