snp	pvalues.df1	MAF.df1	N.df1	V.df1	z.df1	r.df1	lABF.df1	pvalues.df2	MAF.df2	N.df2	V.df2	z.df2	r.df2	lABF.df2	internal.sum.lABF	SNP.PP.H4
SNP.1	2.645e-40	0.383657	753099	2.80771058300487e-06	13.290022123935	0.999875228432864	83.8068121800683	1.34466e-06	0.383657	532	0.00397459404577141	4.83303667982296	0.849871388437541	8.97761996710107	92.7844321471694	0.0699170818343959
SNP.10	2.746e-38	0.33427	744292	3.01877763507199e-06	12.9380244996484	0.999865850103717	79.226734757855	1.43129e-07	0.33427	532	0.00422340609692294	5.26118619615436	0.84195854070379	10.7302910220393	89.9570257798943	0.00413672175450516
SNP.11	2.783e-40	0.383657	751439	2.81391308190071e-06	13.28621608123	0.999874952835109	83.7573222082506	1.19702e-06	0.383657	532	0.00397459404577141	4.85613021737903	0.849871388437541	9.07270236256512	92.8300245708157	0.0731785553498371
SNP.12	4.608e-40	0.382271	754157	2.80762366885119e-06	13.2484204140346	0.999875232294752	83.254843625767	1.19022e-06	0.382271	532	0.00398005459253723	4.85725877788242	0.84969613341889	9.07587652013261	92.3307201458996	0.0444159213190817
SNP.13	9.545e-39	0.33795	743367	3.0062388707092e-06	13.018969772801	0.999866407232936	80.2751081962466	1.63765e-07	0.33795	532	0.00420063678684679	5.23637055811898	0.842676531635527	10.6281912207916	90.9032994170382	0.010656577046218
SNP.14	2.533e-39	0.379501	752554	2.82148876536118e-06	13.1198907002168	0.99987461622238	81.5629090903496	3.41431e-06	0.379501	532	0.00399120800061582	4.64417927123883	0.849338391796892	8.2130760722705	89.7759851626201	0.00345168670009289
SNP.15	6.566e-38	0.336565	744187	3.00898896420913e-06	12.8708681058609	0.999866285039228	78.3586472484327	2.28329e-07	0.336565	532	0.00420911742539079	5.17465785491585	0.842408966258487	10.3547517924723	88.713399040905	0.00119276827667187
SNP.16	3.836e-38	0.333795	748132	3.00541229124584e-06	12.9123135196006	0.999866443959987	78.8922917627519	7.01742e-07	0.333795	532	0.00422640057946302	4.96088092913628	0.841864205885223	9.4371314197151	88.329423182467	0.000812451572197176
SNP.17	1.067e-38	0.33795	743437	3.00595581145745e-06	13.010458472803	0.999866419809986	80.1643048482231	1.63765e-07	0.33795	532	0.00420063678684679	5.23637055811898	0.842676531635527	10.6281912207916	90.7924960690147	0.00953885938072771
SNP.18	2.239e-38	0.34349	739314	2.99906328654724e-06	12.9536989476385	0.999866726062686	79.4264247074142	1.98566e-07	0.34349	532	0.00416776217035787	5.20067505175766	0.843715339002442	10.4819551511777	89.9083798585919	0.00394030332394995
SNP.19	8.11e-40	0.381944	752227	2.81574659603963e-06	13.2059225345026	0.999874871365977	82.6941998638069	2.08809e-06	0.381944	532	0.00398135453890808	4.74470637408043	0.84965442258407	8.61640214166556	91.3106020054725	0.0160142644469839
SNP.2	2.813e-40	0.385042	751429	2.81014346535695e-06	13.2854135480277	0.999875120331752	83.7460058329829	1.77431e-06	0.385042	532	0.00396921671810095	4.77756466432994	0.850044043222987	8.75247357305983	92.4984794060427	0.0525285721807607
SNP.20	7.179e-40	0.382271	750335	2.82192493117049e-06	13.2151008873163	0.999874596842095	82.8165072230214	2.18327e-06	0.382271	532	0.00398005459253723	4.73567520318737	0.84969613341889	8.58035786427004	91.3968650872914	0.0174570387629203
SNP.21	9.977e-40	0.382271	752358	2.81433711508325e-06	13.190313105742	0.999874933993903	82.4879656936229	2.18327e-06	0.382271	532	0.00398005459253723	4.73567520318737	0.84969613341889	8.58035786427004	91.068323557893	0.012568597050341
SNP.22	4.065e-40	0.385154	755004	2.79653324947554e-06	13.2578278723203	0.999875725079532	83.3775708716817	9.96914e-07	0.385154	532	0.00396878531858464	4.89224665059232	0.850057897602199	9.22392268948569	92.6014935611674	0.0582282952163459
SNP.23	4.808e-40	0.383008	753325	2.80866696258687e-06	13.2452310328145	0.999875185937713	83.2127813924462	1.26396e-06	0.383008	532	0.00397714105186233	4.8453384879492	0.849789633855405	9.02752597340313	92.2403073658493	0.0405763430538136
SNP.24	1.872e-40	0.385042	748634	2.82063504199609e-06	13.3158617200112	0.999874654156128	84.1527570561824	1.59342e-06	0.385042	532	0.00396921671810095	4.79914802239174	0.850044043222987	8.84032461293781	92.9930816691202	0.0861387627820484
SNP.3	2.511e-40	0.382271	751404	2.81791026296081e-06	13.2939117348025	0.999874775227076	83.8602791129056	1.19022e-06	0.382271	532	0.00398005459253723	4.85725877788242	0.84969613341889	9.07587652013261	92.9361556330382	0.0813721828493778
SNP.4	1.265e-40	0.409972	749880	2.7564582270081e-06	13.3451004174292	0.999877505752145	84.5312217282141	8.14939e-07	0.409972	532	0.00388536258509179	4.93175545911513	0.852745529929269	9.41253219154079	93.9437539197549	0.222879611576706
SNP.5	3.079e-40	0.382271	752751	2.81286779191234e-06	13.2786487965198	0.999874999280826	83.6566411764954	1.19022e-06	0.382271	532	0.00398005459253723	4.85725877788242	0.84969613341889	9.07587652013261	92.732517696628	0.0663799825994788
SNP.6	3.76e-40	0.381616	754548	2.80800781920896e-06	13.2636766060607	0.999875215225663	83.4571221120741	1.20636e-06	0.381616	532	0.00398266293979037	4.85459011945962	0.849612444607812	9.06415764700644	92.5212797590805	0.0537400001838982
SNP.7	2.851e-40	0.382271	753034	2.81181067950426e-06	13.2844091372219	0.999875046251857	83.7329539713359	1.36748e-06	0.382271	532	0.00398005459253723	4.82968676227752	0.84969613341889	8.96240443900577	92.6953584103417	0.0639586165540678
SNP.8	1.228e-38	0.33518	747091	3.00340795755498e-06	12.9997150416187	0.9998665330177	80.0241898989033	3.33413e-07	0.33518	532	0.00421770498950697	5.10350880059336	0.842138200449349	10.0440647879489	90.0682546868523	0.00462341002916296
SNP.9	5.545e-39	0.382271	746185	2.83761941506437e-06	13.0603804205985	0.999873899484898	80.7867980448875	2.18327e-06	0.382271	532	0.00398005459253723	4.73567520318737	0.84969613341889	8.58035786427004	89.3671559091575	0.00229339615641221
