snp	pvalues.df1	MAF.df1	N.df1	V.df1	z.df1	r.df1	lABF.df1	pvalues.df2	MAF.df2	N.df2	V.df2	z.df2	r.df2	lABF.df2	internal.sum.lABF	SNP.PP.H4
SNP.1	2.645e-40	0.375604	753099	2.83092010356872e-06	13.290022123935	0.999874197157077	83.8108367757976	0.000245174	0.375604	605	0.00352390594888843	3.6672490224227	0.864589660145196	4.81408735719335	88.6249241329909	0.0682733214593072
SNP.10	2.746e-38	0.323171	744292	3.07125101230591e-06	12.9380244996484	0.999863518584728	79.2351549433712	0.0109669	0.323171	605	0.00377835960074576	2.5437517386162	0.856217828732409	1.80042484162889	81.0355797850001	3.45335050298422e-05
SNP.11	2.783e-40	0.374396	751439	2.84083203012772e-06	13.28621608123	0.999873756738034	83.7619764940567	0.000178763	0.374396	605	0.00352844955353246	3.7472793041882	0.864438734766912	5.07010272307515	88.8320792171318	0.0839880197124645
SNP.12	4.608e-40	0.374396	754157	2.83059360303908e-06	13.2484204140346	0.999874211664561	83.2588275381877	0.000178763	0.374396	605	0.00352844955353246	3.7472793041882	0.864438734766912	5.07010272307515	88.3289302612629	0.0507811493703531
SNP.13	9.545e-39	0.327295	743367	3.05494010700432e-06	13.018969772801	0.999864243316513	80.2829588465331	0.00202935	0.327295	605	0.00375362258268344	3.08590301901755	0.857024585050625	3.10809446999368	83.3910533165268	0.000364090893753245
SNP.14	2.533e-39	0.373188	752554	2.84032059755227e-06	13.1198907002168	0.999873779462633	81.5661627833691	0.000320142	0.373188	605	0.00353304897019893	3.59843161823962	0.86428600913234	4.59709168468757	86.1632544680567	0.00582319696206092
SNP.15	6.566e-38	0.331719	744187	3.03080827172775e-06	12.8708681058609	0.999865315552489	78.3621790665272	0.00195082	0.331719	605	0.00372807952944176	3.09761908476124	0.857859225824869	3.14021561975035	81.5023946862776	5.5077699933032e-05
SNP.16	3.836e-38	0.324879	748132	3.04711269235871e-06	12.9123135196006	0.99986459110728	78.8990262369809	0.00274185	0.324879	605	0.00376800415332184	2.99528891689233	0.85655536936386	2.87149967313488	81.7705259101158	7.2015122966884e-05
SNP.17	1.067e-38	0.327295	743437	3.05465246217699e-06	13.010458472803	0.999864256097256	80.1721557555524	0.00202935	0.327295	605	0.00375362258268344	3.08590301901755	0.857024585050625	3.10809446999368	83.2802502255461	0.000325903215916895
SNP.18	2.239e-38	0.332126	739314	3.04890338233026e-06	12.9536989476385	0.999864511542617	79.4344787921833	0.00243706	0.332126	605	0.00372578009124647	3.03104862185766	0.857934441672145	2.96529824057959	82.3997770327628	0.000135115134188698
SNP.19	8.11e-40	0.376214	752227	2.83237342155364e-06	13.2059225345026	0.999874132581421	82.6970788626828	0.000126003	0.376214	605	0.00352163266409096	3.8341426615576	0.864665191859744	5.35556839912369	88.0526472618065	0.0385224893948313
SNP.2	2.813e-40	0.375604	751429	2.83721163154137e-06	13.2854135480277	0.99987391760404	83.7506921958234	0.000207967	0.375604	605	0.00352390594888843	3.70913685791952	0.864589660145196	4.94765817618921	88.6983503720126	0.0734750079923819
SNP.20	7.179e-40	0.375604	750335	2.84134832984933e-06	13.2151008873163	0.999873733797174	82.8198611567155	0.000150935	0.375604	605	0.00352390594888843	3.78952602288488	0.864589660145196	5.20825036192591	88.0281115186414	0.0375888125557139
SNP.21	9.977e-40	0.375604	752358	2.83370828658365e-06	13.190313105742	0.999874073269024	82.4913201127477	0.000150935	0.375604	605	0.00352390594888843	3.78952602288488	0.864589660145196	5.20825036192591	87.6995704746736	0.0270629443152367
SNP.22	4.065e-40	0.37561	755004	2.82375925104946e-06	13.2578278723203	0.999874515337219	83.3823082185659	0.000311238	0.37561	605	0.00352388351996586	3.60576224506326	0.864590405299721	4.62076978494215	88.003078003508	0.0366595127979131
SNP.23	4.808e-40	0.377751	753325	2.82369506001144e-06	13.2452310328145	0.999874518189438	83.2153906609237	0.000174512	0.377751	605	0.00351596707617044	3.75331404601371	0.864853493015413	5.09105606204854	88.3064467229722	0.0496521489754788
SNP.24	1.872e-40	0.374396	748634	2.85147612837133e-06	13.3158617200112	0.999873283786662	84.1580722534072	0.000113801	0.374396	605	0.00352844955353246	3.85910937609905	0.864438734766912	5.43775845503396	89.5958307084412	0.180264579452104
SNP.3	2.511e-40	0.374396	751404	2.84096435457775e-06	13.2939117348025	0.999873750858433	83.8642620769338	0.000178763	0.374396	605	0.00352844955353246	3.7472793041882	0.864438734766912	5.07010272307515	88.934364800009	0.0930335098367215
SNP.4	1.265e-40	0.391304	749880	2.79939058999085e-06	13.3451004174292	0.999875598118198	84.538778478632	0.00109838	0.391304	605	0.00346976366218569	3.26403395785281	0.866392174094446	3.60881222861098	88.147590707243	0.0423592009106673
SNP.5	3.079e-40	0.374396	752751	2.83588062969978e-06	13.2786487965198	0.999873976744765	83.6606245107324	0.000178763	0.374396	605	0.00352844955353246	3.7472793041882	0.864438734766912	5.07010272307515	88.7307272338076	0.075892827673176
SNP.6	3.76e-40	0.373786	754548	2.83098343566572e-06	13.2636766060607	0.999874194343025	83.4611062442596	0.000187384	0.373786	605	0.00353076510647057	3.73544437205541	0.864361839076604	5.03157350039574	88.4926797446553	0.0598160903238415
SNP.7	2.851e-40	0.374396	753034	2.83481486876707e-06	13.2844091372219	0.999874024099982	83.7369372614339	0.000214568	0.374396	605	0.00352844955353246	3.70121685379595	0.864438734766912	4.92180999358434	88.6587472550182	0.0706220348448462
SNP.8	1.228e-38	0.326087	747091	3.04550404251516e-06	12.9997150416187	0.999864662583473	80.0309903132427	0.00225715	0.326087	605	0.00376077464566395	3.05412900100652	0.856791176330173	3.02422151766776	83.0552118309105	0.00026022901206557
SNP.9	5.545e-39	0.375604	746185	2.85715083937294e-06	13.0603804205985	0.999873031641261	80.7901533212067	0.000150935	0.375604	605	0.00352390594888843	3.78952602288488	0.864589660145196	5.20825036192591	85.9984036831326	0.00493818883904577
