snp	pvalues.df1	MAF.df1	N.df1	V.df1	z.df1	r.df1	lABF.df1	pvalues.df2	MAF.df2	N.df2	V.df2	z.df2	r.df2	lABF.df2	internal.sum.lABF	SNP.PP.H4
SNP.1	2.645e-40	0.398507	753099	2.76981907284248e-06	13.290022123935	0.999876912082596	83.8001680036927	0.000456076	0.398507	517	0.00403471561690251	3.50530994257224	0.847945775068627	4.26767968882167	88.0678476925143	0.0658430695632168
SNP.10	2.746e-38	0.345345	744292	2.97139912799343e-06	12.9380244996484	0.999867955254651	79.2190024717371	0.0011237	0.345345	517	0.00427773423553672	3.25757136309069	0.840250328952039	3.54119849229691	82.760200964034	0.000326158261189713
SNP.11	2.783e-40	0.397015	751439	2.77947549026393e-06	13.28621608123	0.999876483014319	83.7513011131887	0.000443274	0.397015	517	0.00403985741378809	3.51288217576049	0.84778149517528	4.28973731927862	88.0410384324673	0.0641013174521169
SNP.12	4.608e-40	0.397015	754157	2.7694581936234e-06	13.2484204140346	0.999876928117725	83.2481499232441	0.000443274	0.397015	517	0.00403985741378809	3.51288217576049	0.84778149517528	4.28973731927862	87.5378872425227	0.03875709077674
SNP.13	9.545e-39	0.349254	743367	2.95946924121879e-06	13.018969772801	0.999868485332106	80.2674454421842	0.000823958	0.349254	517	0.00425526454823422	3.34461857532394	0.840955990528038	3.78437875239741	84.0518241945817	0.00118678821450598
SNP.14	2.533e-39	0.397015	752554	2.77535736030695e-06	13.1198907002168	0.999876665997139	81.5548439511861	0.000622524	0.397015	517	0.00403985741378809	3.42160623332776	0.84778149517528	4.02143483772045	85.5762787889066	0.00545048869373194
SNP.15	6.566e-38	0.352239	744187	2.94466360690754e-06	12.8708681058609	0.999869143187662	78.3480806447398	0.00036349	0.352239	517	0.00423864676138047	3.56526408408992	0.841478635803571	4.42712995276201	82.7752105975018	0.000331090701602259
SNP.16	3.836e-38	0.346269	748132	2.95242640336502e-06	12.9123135196006	0.999868798264893	78.8835954949314	0.00101956	0.346269	517	0.00427234945841833	3.28507286752895	0.840419330210299	3.61717535763612	82.5007708525675	0.000251628203688001
SNP.17	1.067e-38	0.349254	743437	2.95919058566777e-06	13.010458472803	0.99986849771354	80.1566418473113	0.000823958	0.349254	517	0.00425526454823422	3.34461857532394	0.840955990528038	3.78437875239741	83.9410205997087	0.00106231138284786
SNP.18	2.239e-38	0.353731	739314	2.958384564514e-06	12.9536989476385	0.999868533527283	79.41974893704	0.00089585	0.353731	517	0.00423051281611045	3.32134414618277	0.841734693037362	3.72098404862955	83.1407329856696	0.000477190006940709
SNP.19	8.11e-40	0.399701	752227	2.77024533334622e-06	13.2059225345026	0.999876893142349	82.6862313886849	0.000376345	0.399701	517	0.00403066409355325	3.5561390088222	0.848075265687274	4.42024773637607	87.1064791250609	0.0251763637863145
SNP.2	2.813e-40	0.398507	751429	2.77597480791744e-06	13.2854135480277	0.999876638561792	83.7400237928313	0.000573636	0.398507	517	0.00403471561690251	3.44378295515835	0.847945775068627	4.08640721840663	87.8264310112379	0.0517206693468579
SNP.20	7.179e-40	0.4	750335	2.77653759098714e-06	13.2151008873163	0.999876613555383	82.8085770441905	0.000381139	0.4	517	0.00402965828497743	3.55281044432289	0.848107418433684	4.4103109990525	87.218888043243	0.028171604205426
SNP.21	9.977e-40	0.4	752358	2.76907181598831e-06	13.190313105742	0.999876945285838	82.4800343804639	0.000381139	0.4	517	0.00402965828497743	3.55281044432289	0.848107418433684	4.4103109990525	86.8903453795164	0.0202827721636184
SNP.22	4.065e-40	0.399399	755004	2.76075411192118e-06	13.2578278723203	0.999877314870736	83.3712730587158	0.000210503	0.399399	517	0.00403168355419137	3.70606656085235	0.848042679012186	4.88182535221019	88.253098410926	0.0792434607572874
SNP.23	4.808e-40	0.397898	753325	2.77042117559538e-06	13.2452310328145	0.999876885329062	83.2060759982533	0.000390044	0.397898	517	0.00403680373714775	3.54673007421767	0.847879052159669	4.39132034723983	87.5973963454932	0.041133498155475
SNP.24	1.872e-40	0.398507	748634	2.78633881701686e-06	13.3158617200112	0.999876178053017	84.1467761361188	0.000292256	0.398507	517	0.00403471561690251	3.62206912169169	0.847945775068627	4.62050438400038	88.7672805201191	0.132516478594248
SNP.3	2.511e-40	0.397015	751404	2.77960495675887e-06	13.2939117348025	0.999876477261674	83.8535869861801	0.000443274	0.397015	517	0.00403985741378809	3.51288217576049	0.84778149517528	4.28973731927862	88.1433243054587	0.071005034983108
SNP.4	1.265e-40	0.41791	749880	2.74097662498408e-06	13.3451004174292	0.99987819365526	84.5284671695248	0.000274195	0.41791	517	0.00397563549621482	3.63853346747844	0.849837957741063	4.67745068659049	89.2059178561153	0.205479103048783
SNP.5	3.079e-40	0.397015	752751	2.77463103061761e-06	13.2786487965198	0.999876698270497	83.6499484346508	0.000443274	0.397015	517	0.00403985741378809	3.51288217576049	0.84778149517528	4.28973731927862	87.9396857539295	0.0579228665418834
SNP.6	3.76e-40	0.396707	754548	2.76875789546606e-06	13.2636766060607	0.999876959234428	83.4502381594916	0.000464574	0.396707	517	0.00404092985011243	3.50039225473209	0.84774723896513	4.25250915007127	87.7027473095629	0.0457034502967987
SNP.7	2.851e-40	0.397015	753034	2.77358828808319e-06	13.2844091372219	0.999876744603184	83.7262613028289	0.000472083	0.397015	517	0.00403985741378809	3.49611624099952	0.84778149517528	4.23992489587017	87.9661861986991	0.0594783679762718
SNP.8	1.228e-38	0.347761	747091	2.95058995959085e-06	12.9997150416187	0.999868879863207	80.0155181256747	0.00122241	0.347761	517	0.00426375087717734	3.23359890726323	0.84068933772608	3.47674234238094	83.4922604680556	0.000678200001132257
SNP.9	5.545e-39	0.4	746185	2.79197964758516e-06	13.0603804205985	0.99987592741158	80.7788647286912	0.000381139	0.4	517	0.00402965828497743	3.55281044432289	0.848107418433684	4.4103109990525	85.1891757277437	0.00370099688621295
