snp	pvalues.df1	MAF.df1	N.df1	V.df1	z.df1	r.df1	lABF.df1	pvalues.df2	MAF.df2	N.df2	V.df2	z.df2	r.df2	lABF.df2	internal.sum.lABF	SNP.PP.H4
SNP.1	3.17e-96	0.44401	742171	2.7290173200487e-06	20.8149312035651	0.999878725050728	212.095683488722	2.38545e-05	0.44401	581	0.00348605423999632	4.22537330863506	0.86584903549417	6.72494416594499	218.820627654667	0.000406330369353923
SNP.10	6.03e-98	0.436364	746045	2.72494249674944e-06	21.0039917272804	0.999878906110095	216.047650703477	1.48311e-05	0.436364	581	0.00349901845953087	4.33118203888661	0.865417286234197	7.11445293847881	223.162103641955	0.031214641220776
SNP.11	6.34e-99	0.436364	744320	2.73125769156738e-06	21.1107196340534	0.99987862550282	218.29588081685	1.48311e-05	0.436364	581	0.00349901845953087	4.33118203888661	0.865417286234197	7.11445293847881	225.410333755329	0.295632570688532
SNP.12	2.38e-96	0.44026	741527	2.73619763210562e-06	20.8286655836455	0.999878406003249	212.382867755388	3.96697e-05	0.44026	581	0.0034921934966306	4.10939501991541	0.865644525265507	6.30549160601312	218.688359361402	0.000355988438096531
SNP.13	3.71e-97	0.44026	740424	2.74027371012066e-06	20.9175080588679	0.999878224888312	214.237763544159	3.96697e-05	0.44026	581	0.0034921934966306	4.10939501991541	0.865644525265507	6.30549160601312	220.543255150172	0.00227513357020232
SNP.14	2.18e-89	0.41039	738327	2.79872123764275e-06	20.0461689996403	0.999875627859791	196.403340199704	0.000793432	0.41039	581	0.00355657737560251	3.35507594128192	0.863505581552985	3.86430443798762	200.267644637692	3.55976341901247e-12
SNP.15	2.56e-98	0.437662	746218	2.72250076849214e-06	21.0446500931371	0.999879014605082	216.901937567513	1.23704e-05	0.437662	581	0.00349669376671716	4.37095550846852	0.865494674126835	7.26467121001991	224.166608777533	0.0852333159958565
SNP.2	5.21e-99	0.401299	730670	2.84820121209766e-06	21.1199954216015	0.999873429301632	218.511519845247	0.000437884	0.401299	581	0.0035819194141883	3.51613152801642	0.86266657153155	4.33997968695242	222.851499532199	0.0228804571097112
SNP.3	3.84e-97	0.44026	741889	2.73486252194382e-06	20.915865241124	0.999878465327052	214.202469817072	3.96697e-05	0.44026	581	0.0034921934966306	4.10939501991541	0.865644525265507	6.30549160601312	220.507961423085	0.002196236109312
SNP.4	5.57e-97	0.440104	742979	2.73105712917494e-06	20.8981162698226	0.999878634414541	213.830778140715	4.01719e-05	0.440104	581	0.00349245799445313	4.10648876017919	0.865635716514443	6.29511540415264	220.125893544867	0.00149881853969199
SNP.5	1.57e-97	0.44026	742032	2.73433547548136e-06	20.958486569661	0.999878488745647	215.094640404845	3.96697e-05	0.44026	581	0.0034921934966306	4.10939501991541	0.865644525265507	6.30549160601312	221.400132010858	0.00535974084200686
SNP.6	1.46e-89	0.411458	735257	2.80819890029606e-06	20.0661079906254	0.99987520673529	196.804794987373	0.000722149	0.411458	581	0.00355378295840789	3.38102907925471	0.863598197464026	3.93997476468177	200.744769752055	5.73632752570314e-12
SNP.7	6.3e-99	0.436364	742290	2.73872708104304e-06	21.111018770394	0.999878293610646	218.303486478269	1.48311e-05	0.436364	581	0.00349901845953087	4.33118203888661	0.865417286234197	7.11445293847881	225.417939416748	0.29788962423808
SNP.8	6.62e-98	0.436364	737930	2.75490862952778e-06	20.9995569522659	0.999877574606278	215.959698063273	1.48311e-05	0.436364	581	0.00349901845953087	4.33118203888661	0.865417286234197	7.11445293847881	223.074151001751	0.0285865010297411
SNP.9	8.27e-99	0.436364	746481	2.72335092920977e-06	21.0981553075127	0.999878976829305	218.029378768756	1.48311e-05	0.436364	581	0.00349901845953087	4.33118203888661	0.865417286234197	7.11445293847881	225.143831707235	0.22647064183934
