snp	pvalues.df1	MAF.df1	N.df1	V.df1	z.df1	r.df1	lABF.df1	pvalues.df2	MAF.df2	N.df2	V.df2	z.df2	r.df2	lABF.df2	internal.sum.lABF	SNP.PP.H4
SNP.1	3.17e-96	0.441667	742171	2.73198163226861e-06	20.8149312035651	0.999878593335489	212.096197704362	0.000473293	0.441667	532	0.00381127357143314	3.49543314742833	0.855146746846525	4.25809704192389	216.354294746285	0.000682710762438514
SNP.10	6.03e-98	0.436288	746045	2.72504973075164e-06	21.0039917272804	0.999878901345293	216.047669326048	0.000581203	0.436288	532	0.00382144685409513	3.44023793081779	0.854816231217146	4.09359886873052	220.141268194778	0.0301230138194247
SNP.11	6.34e-99	0.436288	744320	2.73136517408992e-06	21.1107196340534	0.999878620726979	218.295899426247	0.000581203	0.436288	532	0.00382144685409513	3.44023793081779	0.854816231217146	4.09359886873052	222.389498294977	0.28529380914603
SNP.12	2.38e-96	0.439058	741527	2.73780922215016e-06	20.8286655836455	0.999878334394447	212.383146594197	0.000509906	0.439058	532	0.00381608920878448	3.47549789206003	0.854990261717511	4.19827308912481	216.581419683322	0.000856792894350695
SNP.13	3.71e-97	0.439058	740424	2.74188770092993e-06	20.9175080588679	0.999878153172862	214.23804222679	0.000509906	0.439058	532	0.00381608920878448	3.47549789206003	0.854990261717511	4.19827308912481	218.436315315915	0.00547579012012632
SNP.14	2.18e-89	0.407202	738327	2.80546349313213e-06	20.0461689996403	0.999875328278615	196.404482932461	0.000173164	0.407202	532	0.00389351399340933	3.75525656407894	0.852482166854267	5.05392813620712	201.458411068668	2.31759030250274e-10
SNP.15	2.56e-98	0.437673	746218	2.72248559915705e-06	21.0446500931371	0.999879015279111	216.901934931179	0.000436588	0.437673	532	0.00381873638878153	3.51691838581463	0.854904265449109	4.32185281888056	221.22378775006	0.0889263957580959
SNP.2	5.21e-99	0.391967	730670	2.87125703614947e-06	21.1199954216015	0.999872404858769	218.515321996537	0.012148	0.391967	532	0.00394349883196116	2.50781572829237	0.850870761958519	1.72415156602896	220.239473562566	0.0332313871738599
SNP.3	3.84e-97	0.439058	741889	2.7364733256233e-06	20.915865241124	0.999878393753183	214.202748533208	0.000509906	0.439058	532	0.00381608920878448	3.47549789206003	0.854990261717511	4.19827308912481	218.401021622333	0.00528589993540246
SNP.4	5.57e-97	0.438889	742979	2.73268760392701e-06	20.8981162698226	0.99987856196659	213.831060701433	0.000515189	0.438889	532	0.00381640884074828	3.47273227309363	0.854979877237697	4.19003146264784	218.021092164081	0.00361507798370568
SNP.5	1.57e-97	0.439058	742032	2.73594596873631e-06	20.958486569661	0.999878417185568	215.094919060146	0.000509906	0.439058	532	0.00381608920878448	3.47549789206003	0.854990261717511	4.19827308912481	219.29319214927	0.0128998207100304
SNP.6	1.46e-89	0.408333	735257	2.81474469735366e-06	20.0661079906254	0.999874915883667	196.80590040978	0.000483233	0.408333	532	0.00389015177056796	3.48988248086788	0.852590776878119	4.23469941896137	201.040599828741	1.52610195606237e-10
SNP.7	6.3e-99	0.436288	742290	2.73883485750665e-06	21.111018770394	0.999878288821747	218.30350508472	0.000581203	0.436288	532	0.00382144685409513	3.44023793081779	0.854816231217146	4.09359886873052	222.39710395345	0.28747192894075
SNP.8	6.62e-98	0.436288	737930	2.75501704277995e-06	20.9995569522659	0.999877569789091	215.959716674711	0.000581203	0.436288	532	0.00382144685409513	3.44023793081779	0.854816231217146	4.09359886873052	220.053315543441	0.0275867837112247
SNP.9	8.27e-99	0.436288	746481	2.7234581005794e-06	21.0981553075127	0.999878972067286	218.029397382502	0.000581203	0.436288	532	0.00382144685409513	3.44023793081779	0.854816231217146	4.09359886873052	222.122996251233	0.218550588660203
