snp	pvalues.df1	MAF.df1	N.df1	V.df1	z.df1	r.df1	lABF.df1	pvalues.df2	MAF.df2	N.df2	V.df2	z.df2	r.df2	lABF.df2	internal.sum.lABF	SNP.PP.H4
SNP.1	3.17e-96	0.420188	742171	2.76525495397847e-06	20.8149312035651	0.999877114882431	212.101929496656	0.00332401	0.420188	330	0.00621906677105804	2.93606841805886	0.78345164135607	2.61190086247472	214.713830359131	0.000323482051145425
SNP.10	6.03e-98	0.406103	746045	2.77880230859461e-06	21.0039917272804	0.999876512926114	216.056907951461	0.00254978	0.406103	330	0.00628215626762263	3.01737045223621	0.781734342305357	2.79763854249875	218.854546493959	0.0203301394091076
SNP.11	6.34e-99	0.406103	744320	2.78524232630518e-06	21.1107196340534	0.999876226773872	218.305131448009	0.00254978	0.406103	330	0.00628215626762263	3.01737045223621	0.781734342305357	2.79763854249875	221.102769990508	0.192544632014615
SNP.12	2.38e-96	0.415493	741527	2.77644840540475e-06	20.8286655836455	0.999876617518208	212.389780572752	0.0029619	0.415493	330	0.00623882259610474	2.9716646600449	0.782913076023151	2.69314209757063	215.082922670323	0.000467891270190334
SNP.13	3.71e-97	0.415493	740424	2.78058444447312e-06	20.9175080588679	0.999876433739642	214.244672460869	0.0029619	0.415493	330	0.00623882259610474	2.9716646600449	0.782913076023151	2.69314209757063	216.937814558439	0.00299029650909224
SNP.14	2.18e-89	0.382629	738327	2.86679834942962e-06	20.0461689996403	0.999872602972096	196.414747531868	0.000212754	0.382629	330	0.00641404431799794	3.70337027273746	0.778168552020741	4.58335321262687	200.998100744495	3.57424650614644e-10
SNP.15	2.56e-98	0.406103	746218	2.7781580829134e-06	21.0446500931371	0.999876541551297	216.911507346102	0.00254978	0.406103	330	0.00628215626762263	3.01737045223621	0.781734342305357	2.79763854249875	219.7091458886	0.0477846223494359
SNP.2	5.21e-99	0.377934	730670	2.91069231353358e-06	21.1199954216015	0.999870652630083	218.521750843696	0.00139836	0.377934	330	0.00644471379615025	3.19498935123888	0.777344013779559	3.21648343509166	221.738234278787	0.363504715636437
SNP.3	3.84e-97	0.415493	741889	2.77509365513515e-06	20.915865241124	0.999876677714478	214.209379570572	0.0029619	0.415493	330	0.00623882259610474	2.9716646600449	0.782913076023151	2.69314209757063	216.902521668143	0.00288660092417063
SNP.4	5.57e-97	0.415493	742979	2.77102240670943e-06	20.8981162698226	0.999876858614259	213.837653274428	0.0029619	0.415493	330	0.00623882259610474	2.9716646600449	0.782913076023151	2.69314209757063	216.530795371999	0.00199043530882165
SNP.5	1.57e-97	0.415493	742032	2.77455885556764e-06	20.958486569661	0.999876701477486	215.101548638948	0.0029619	0.415493	330	0.00623882259610474	2.9716646600449	0.782913076023151	2.69314209757063	217.794690736519	0.00704451096811552
SNP.6	1.46e-89	0.384434	735257	2.87365364145756e-06	20.0661079906254	0.999872298370169	196.815728482727	0.000237729	0.384434	330	0.0064026483498702	3.67512928604629	0.778475374562036	4.50365736091074	201.319385843638	4.92852367381188e-10
SNP.7	6.3e-99	0.406103	742290	2.7928593518914e-06	21.111018770394	0.999875888323314	218.312735629546	0.00254978	0.406103	330	0.00628215626762263	3.01737045223621	0.781734342305357	2.79763854249875	221.110374172045	0.194014357297241
SNP.8	6.62e-98	0.406103	737930	2.80936073654069e-06	20.9995569522659	0.999875155111013	215.968949719602	0.00254978	0.406103	330	0.00628215626762263	3.01737045223621	0.781734342305357	2.79763854249875	218.766588262101	0.0186183239257355
SNP.9	8.27e-99	0.406103	746481	2.77717928294956e-06	21.0981553075127	0.999876585042778	218.038631584589	0.00254978	0.406103	330	0.00628215626762263	3.01737045223621	0.781734342305357	2.79763854249875	220.836270127088	0.147499991485603
