snp	pvalues.df1	MAF.df1	N.df1	V.df1	z.df1	r.df1	lABF.df1	pvalues.df2	MAF.df2	N.df2	V.df2	z.df2	r.df2	lABF.df2	internal.sum.lABF	SNP.PP.H4
SNP.1	3.17e-96	0.433712	742171	2.74300896283999e-06	20.8149312035651	0.999878103351145	212.098105444187	0.000918809	0.433712	372	0.00547253146494601	3.31427558878315	0.804360521613714	3.6019771228602	215.700082567047	0.000466378425695179
SNP.10	6.03e-98	0.420455	746045	2.7504154284034e-06	21.0039917272804	0.999877774255252	216.05205278828	0.000844503	0.420455	372	0.00551595074807315	3.33778094116152	0.803113919007281	3.66109339699059	219.71314618527	0.0257982256452362
SNP.11	6.34e-99	0.420455	744320	2.75678965805462e-06	21.1107196340534	0.999877491025485	218.300279772229	0.000844503	0.420455	372	0.00551595074807315	3.33778094116152	0.803113919007281	3.66109339699059	221.96137316922	0.244333159087776
SNP.12	2.38e-96	0.42803	741527	2.75420064571751e-06	20.8286655836455	0.999877606064522	212.385972846663	0.000415202	0.42803	372	0.00549009178015313	3.53022780509319	0.803855885029788	4.1945775373039	216.580550383967	0.00112491774206452
SNP.13	3.71e-97	0.42803	740424	2.75830354258771e-06	20.9175080588679	0.999877423758217	214.240866890781	0.000415202	0.42803	372	0.00549009178015313	3.53022780509319	0.803855885029788	4.1945775373039	218.435444428085	0.00718937296734083
SNP.14	2.18e-89	0.399621	738327	2.82258778968731e-06	20.0461689996403	0.999874567389105	196.407372348947	0.000124821	0.399621	372	0.00560213111558189	3.83645904531843	0.800651022068727	5.08580904394454	201.493181392891	3.15325916876897e-10
SNP.15	2.56e-98	0.420455	746218	2.74977778381547e-06	21.0446500931371	0.999877802588085	216.906653196239	0.000844503	0.420455	372	0.00551595074807315	3.33778094116152	0.803113919007281	3.66109339699059	220.56774659323	0.0606370519214697
SNP.2	5.21e-99	0.380682	730670	2.90250303840096e-06	21.1199954216015	0.999871016503848	218.520423439414	0.00175482	0.380682	372	0.00570099971792589	3.12886652712965	0.797844056063656	3.10601122180314	221.626434661217	0.174791562406234
SNP.3	3.84e-97	0.42803	741889	2.75285675110018e-06	20.915865241124	0.999877665778555	214.205573537967	0.000415202	0.42803	372	0.00549009178015313	3.53022780509319	0.803855885029788	4.1945775373039	218.400151075271	0.00694006129160139
SNP.4	5.57e-97	0.42803	742979	2.74881812570337e-06	20.8981162698226	0.999877845229135	213.833846557994	0.000415202	0.42803	372	0.00549009178015313	3.53022780509319	0.803855885029788	4.1945775373039	218.028424095298	0.00478546704474773
SNP.5	1.57e-97	0.42803	742032	2.75232623689674e-06	20.958486569661	0.999877689351196	215.097743446157	0.000415202	0.42803	372	0.00549009178015313	3.53022780509319	0.803855885029788	4.1945775373039	219.292320983461	0.0169366601862759
SNP.6	1.46e-89	0.401141	735257	2.8308001038086e-06	20.0661079906254	0.999874202489058	196.808600344371	0.000124047	0.401141	372	0.00559506879550001	3.83798709434683	0.800852283501218	5.09148088647013	201.900081230841	4.73667973614367e-10
SNP.7	6.3e-99	0.420455	742290	2.76432887184687e-06	21.111018770394	0.999877156031524	218.307884733738	0.000844503	0.420455	372	0.00551595074807315	3.33778094116152	0.803113919007281	3.66109339699059	221.968978130728	0.246198386860972
SNP.8	6.62e-98	0.420455	737930	2.78066168645158e-06	20.9995569522659	0.999876430307514	215.964097503503	0.000844503	0.420455	372	0.00551595074807315	3.33778094116152	0.803113919007281	3.66109339699059	219.625190900494	0.0236260621558112
SNP.9	8.27e-99	0.420455	746481	2.74880898279154e-06	21.0981553075127	0.999877845635388	218.033778757376	0.000844503	0.420455	372	0.00551595074807315	3.33778094116152	0.803113919007281	3.66109339699059	221.694872154367	0.187172693475788
