snp	pvalues.df1	MAF.df1	N.df1	V.df1	z.df1	r.df1	lABF.df1	pvalues.df2	MAF.df2	N.df2	V.df2	z.df2	r.df2	lABF.df2	internal.sum.lABF	SNP.PP.H4
SNP.1	3.17e-96	0.442492	742171	2.73092326233307e-06	20.8149312035651	0.999878640362734	212.096014177847	1.62912e-05	0.442492	469	0.00432156087106396	4.31046447508106	0.838877353490407	6.88041951952551	218.976433697373	0.00134130226346371
SNP.10	6.03e-98	0.432907	746045	2.72995875359924e-06	21.0039917272804	0.999878683219387	216.048521013295	4.861e-05	0.432907	469	0.00434258438876107	4.06221152200453	0.83822033207133	6.00521260605804	222.053733619353	0.0291058999898851
SNP.11	6.34e-99	0.432907	744320	2.73628557385122e-06	21.1107196340534	0.999878402095677	218.296750510406	4.861e-05	0.432907	469	0.00434258438876107	4.06221152200453	0.83822033207133	6.00521260605804	224.301963116464	0.275660600185415
SNP.12	2.38e-96	0.4377	741527	2.73967095370354e-06	20.8286655836455	0.999878251670963	212.383468497065	2.15519e-05	0.4377	469	0.00433164175540923	4.2481750175764	0.838562179873471	6.65494443557963	219.038412932645	0.00142706546829023
SNP.13	3.71e-97	0.4377	740424	2.74375220588059e-06	20.9175080588679	0.999878070326175	214.23836394924	2.15519e-05	0.4377	469	0.00433164175540923	4.2481750175764	0.838562179873471	6.65494443557963	220.893308384819	0.00912041828744561
SNP.14	2.18e-89	0.407348	738327	2.80514884948138e-06	20.0461689996403	0.99987534225929	196.404429668422	1.40605e-05	0.407348	469	0.0044160280055246	4.342914289043	0.835933147170964	6.97948699026293	203.383916658684	2.26872861413377e-10
SNP.15	2.56e-98	0.432907	746218	2.72932585159959e-06	21.0446500931371	0.999878711341541	216.903122151493	4.861e-05	0.432907	469	0.00434258438876107	4.06221152200453	0.83822033207133	6.00521260605804	222.908334757551	0.0684115753529704
SNP.2	5.21e-99	0.392971	730670	2.86865807657622e-06	21.1199954216015	0.999872520338622	218.514895022281	0.000410198	0.392971	469	0.00446917355397003	3.5334343181602	0.834285854365302	4.30934989352048	222.824244915801	0.0628940898893242
SNP.3	3.84e-97	0.4377	741889	2.73833414875666e-06	20.915865241124	0.999878311070053	214.203070294361	2.15519e-05	0.4377	469	0.00433164175540923	4.2481750175764	0.838562179873471	6.65494443557963	220.858014729941	0.00880413953872457
SNP.4	5.57e-97	0.4375	742979	2.73459415642438e-06	20.8981162698226	0.99987847725151	213.831390880588	2.11712e-05	0.4375	469	0.00433208109114292	4.25216687911633	0.838548449655181	6.66908995577284	220.500480836361	0.00615760633118425
SNP.5	1.57e-97	0.4377	742032	2.73780643326289e-06	20.958486569661	0.999878334518368	215.095240751022	2.15519e-05	0.4377	469	0.00433164175540923	4.2481750175764	0.838562179873471	6.65494443557963	221.750185186602	0.0214858046807703
SNP.6	1.46e-89	0.408654	735257	2.81406042567638e-06	20.0661079906254	0.999874946288135	196.80578498008	1.67112e-05	0.408654	469	0.00441163673006724	4.3048326677279	0.836069549603488	6.84269015634601	203.648475136426	2.95582580026507e-10
SNP.7	6.3e-99	0.432907	742290	2.74376871347983e-06	21.111018770394	0.999878069592682	218.304356033995	4.861e-05	0.432907	469	0.00434258438876107	4.06221152200453	0.83822033207133	6.00521260605804	224.309568640053	0.277765136287679
SNP.8	6.62e-98	0.432907	737930	2.75998005004396e-06	20.9995569522659	0.999877349265046	215.960567852308	4.861e-05	0.432907	469	0.00434258438876107	4.06221152200453	0.83822033207133	6.00521260605804	221.965780458366	0.0266552929709242
SNP.9	8.27e-99	0.432907	746481	2.72836425619532e-06	21.0981553075127	0.99987875406875	218.030248665783	4.861e-05	0.432907	469	0.00434258438876107	4.06221152200453	0.83822033207133	6.00521260605804	224.035461271841	0.211171068231481
