snp	pvalues.df1	MAF.df1	N.df1	V.df1	z.df1	r.df1	lABF.df1	pvalues.df2	MAF.df2	N.df2	V.df2	z.df2	r.df2	lABF.df2	internal.sum.lABF	SNP.PP.H4
SNP.1	3.17e-96	0.441341	742171	2.73240423321594e-06	20.8149312035651	0.999878574557786	212.096270964463	3.2552e-08	0.441341	497	0.00408030418947707	5.52712555949669	0.84649144116671	11.992783539056	224.089054503519	0.000187112803620427
SNP.10	6.03e-98	0.435754	746045	2.72580704000145e-06	21.0039917272804	0.999878867695257	216.047800820552	5.94067e-08	0.435754	497	0.00409169962406012	5.42057783433227	0.846128691211676	11.4949382003053	227.542739020857	0.00591588378966572
SNP.11	6.34e-99	0.435754	744320	2.73212423844298e-06	21.1107196340534	0.999878586998976	218.296030827713	5.94067e-08	0.435754	497	0.00409169962406012	5.42057783433227	0.846128691211676	11.4949382003053	229.790969028019	0.0560290837401081
SNP.12	2.38e-96	0.438547	741527	2.73850465981394e-06	20.8286655836455	0.999878303493628	212.383266865946	4.31512e-08	0.438547	497	0.00408586548265162	5.47744461712412	0.846314370118294	11.7593078679857	224.142574733932	0.000197399953870838
SNP.13	3.71e-97	0.438547	740424	2.74258417457815e-06	20.9175080588679	0.999878122226021	214.238162431145	4.31512e-08	0.438547	497	0.00408586548265162	5.47744461712412	0.846314370118294	11.7593078679857	225.99747029913	0.00126158917913311
SNP.14	2.18e-89	0.406425	738327	2.8071475339778e-06	20.0461689996403	0.999875253451022	196.404767906245	1.08525e-12	0.406425	497	0.00417020687589382	7.11923847133087	0.843638000436243	20.4514963681055	216.856264274351	1.35189393855403e-07
SNP.15	2.56e-98	0.435754	746218	2.72517510051738e-06	21.0446500931371	0.999878895774653	216.902402106952	5.94067e-08	0.435754	497	0.00409169962406012	5.42057783433227	0.846128691211676	11.4949382003053	228.397340307257	0.013904912398397
SNP.2	5.21e-99	0.398045	730670	2.8559626853814e-06	21.1199954216015	0.999873084434699	218.512803426959	2.81512e-09	0.398045	497	0.00419872485981414	5.94203109585732	0.842736876691295	13.9526470791063	232.465450506065	0.812692156432473
SNP.3	3.84e-97	0.438547	741889	2.73716842395271e-06	20.915865241124	0.999878362867439	214.20286875202	4.31512e-08	0.438547	497	0.00408586548265162	5.47744461712412	0.846314370118294	11.7593078679857	225.962176620005	0.00121783963786082
SNP.4	5.57e-97	0.438375	742979	2.73338782126593e-06	20.8981162698226	0.999878530853379	213.831181994212	4.40515e-08	0.438375	497	0.00408621680091819	5.47378841285796	0.846303186665616	11.7422335191474	225.573415513359	0.000825568857316864
SNP.5	1.57e-97	0.438547	742032	2.7366409331105e-06	20.958486569661	0.999878386305773	215.095039252707	4.31512e-08	0.438547	497	0.00408586548265162	5.47744461712412	0.846314370118294	11.7593078679857	226.854347120692	0.00297204123452242
SNP.6	1.46e-89	0.406162	735257	2.81944458178752e-06	20.0661079906254	0.99987470705221	196.806692434955	6.44511e-13	0.406162	497	0.00417105908424818	7.19071880304829	0.843611044050681	20.8823560768286	217.689048511783	3.10896776942616e-07
SNP.7	6.3e-99	0.435754	742290	2.73959599773388e-06	21.111018770394	0.999878255001528	218.303636465378	5.94067e-08	0.435754	497	0.00409169962406012	5.42057783433227	0.846128691211676	11.4949382003053	229.798574665683	0.056456845287352
SNP.8	6.62e-98	0.435754	737930	2.75578268014294e-06	20.9995569522659	0.999877535769096	215.959848090592	5.94067e-08	0.435754	497	0.00409169962406012	5.42057783433227	0.846128691211676	11.4949382003053	227.454786290897	0.00541779101896283
SNP.9	8.27e-99	0.435754	746481	2.72421496750471e-06	21.0981553075127	0.999878938436899	218.029528814687	5.94067e-08	0.435754	497	0.00409169962406012	5.42057783433227	0.846128691211676	11.4949382003053	229.524467014993	0.0429213295805512
